option_back_test 테이블
['2019']
self.option_back_test_put_delta_ave / self.option_back_test_call_delta_ave
136.04280890581174
138.96517535635365
콜/풋 월별시세요청 완료 timer1 시작
True
계좌평가잔고내역요청 전송
# 서버에서 수신받은 stock_data
41
{'stock_no': ['000100', '000120', '000810', '001040', '001120', '001430', '002380', '003670', '004000', '004020', '004370', '005300', '005380', '006260', '006280', '006360', '006650', '008060', '008560', '009540', '011170', '011790', '015760', '017670', '018880', '024110', '033780', '036460', '047810', '057050', '079160', '079550', '086280', '088350', '138930', '139480', '192400', '214320', '267250', '271560', '316140'], 'stock_name': ['유한양행', 'CJ대한통운', '삼성화재', 'CJ', 'LG상사', '세아베스틸', 'KCC', '포스코케미칼', '롯데정밀화학', '현대제철', '농심', '롯데칠성', '현대차', 'LS', '녹십자', 'GS건설', '대한유화', '대덕전자', '메리츠종금증권', '한국조선해양', '롯데케미칼', 'SKC', '한국전력', 'SK텔레콤', '한온시스템', '기업은행', 'KT&G', '한국가스공사', '한국항공우주', '현대홈쇼핑', 'CJ CGV', 'LIG넥스원', '현대글로비스', '한화생명', 'BNK금융지주', '이마트', '쿠쿠홀딩스', '이노션', '현대중공업지주', '오리온', '우리금융지주'], 'market_in_price': [233000, 157000, 272500, 94100, 15800, 16050, 278500, 55600, 46975, 40450, 256000, 137000, 132722, 49500, 127000, 34800, 133000, 11000, 5600, 128500, 228500, 47300, 28300, 262000, 12350, 13239, 105500, 41350, 41850, 96000, 38250, 35350, 150500, 2640, 7780, 137250, 102500, 68600, 356000, 107500, 12948], 'myhave_cnt': [4, 6, 5, 11, 66, 66, 4, 21, 44, 26, 4, 7, 18, 21, 9, 30, 8, 218, 266, 8, 4, 22, 37, 5, 87, 170, 10, 32, 25, 10, 27, 37, 6, 407, 137, 16, 10, 15, 2, 10, 172], 'run_price': [236500, 155000, 243500, 96600, 15050, 15250, 233500, 49250, 45150, 31450, 240500, 140000, 120500, 47800, 132500, 31050, 117500, 10450, 3790, 126500, 224000, 51000, 27800, 238000, 11150, 11800, 93800, 37850, 34050, 80500, 34550, 31600, 143000, 2310, 7660, 127500, 105000, 70900, 338000, 105500, 11600], 'sell_price': [236500, 155000, 243500, 96600, 15050, 15250, 0, 49300, 45150, 31450, 240500, 140000, 120500, 47800, 132500, 31050, 117500, 10450, 3790, 127000, 224000, 51000, 27800, 238500, 11150, 11850, 93900, 37850, 34100, 80500, 34550, 31600, 143500, 2315, 7660, 128000, 105000, 70900, 338000, 105500, 11650], 'sell_cnt': [897, 4220, 3328, 1362, 8057, 1107, 0, 599, 1841, 9958, 176, 1216, 21770, 233, 1978, 7085, 1477, 21771, 16489, 3743, 2260, 6509, 58336, 10775, 69809, 128536, 28044, 745, 6767, 798, 1004, 1214, 4235, 50897, 47373, 6714, 370, 588, 493, 702, 19299], 'buy_price': [236000, 154500, 243000, 96500, 15000, 15200, 0, 49250, 45100, 31400, 240000, 139500, 120000, 47750, 132000, 31000, 117000, 10400, 3785, 126500, 223500, 50900, 27750, 238000, 11100, 11800, 93800, 37800, 34050, 80400, 34500, 31550, 143000, 2310, 7650, 127500, 104500, 70700, 337500, 105000, 11600], 'buy_cnt': [112, 2210, 2094, 892, 4943, 609, 0, 5681, 138, 11165, 432, 100, 41521, 156, 263, 3273, 654, 12477, 18626, 6282, 5013, 274, 93392, 3913, 62974, 203869, 9840, 3841, 583, 21, 3627, 926, 3079, 23985, 9441, 1149, 25, 1892, 170, 4900, 138911], 'vol_cnt': [22543, 63767, 58219, 43556, 106362, 46305, 0, 662249, 41395, 178478, 11785, 12050, 467794, 43793, 13290, 196645, 21798, 322151, 2604323, 96061, 113754, 144005, 1188611, 96960, 432589, 905560, 339329, 224944, 158818, 12480, 51440, 89073, 56563, 1379228, 638982, 116594, 4019, 40864, 52560, 36789, 1026472], 'deal_power': [137.65, 219.04, 108.24, 103.7, 124.15, 60.63, 0.0, 181.87, 63.88, 71.39, 142.83, 70.73, 115.49, 121.77, 97.08, 55.95, 46.75, 76.52, 41.75, 155.51, 41.97, 88.96, 103.68, 48.9, 59.8, 70.34, 55.63, 40.56, 133.63, 100.34, 138.43, 87.95, 58.84, 52.59, 149.76, 100.85, 47.15, 127.44, 34.66, 78.65, 141.3]}
{'code': ['301Q1255', '301Q2275'], 'myhave_cnt': [1, 1], 'sell_or_buy': [2, 2]}
{'deposit_money': ['16,267,385'], 'margin_call': ['0'], 'order_able': ['16,267,385'], 'total_money': ['16,474,885']}
