계좌평가잔고내역요청 전송
000120;000810;001040;002380;002790;003670;004800;004990;005380;006280;008560;009540;017670;018880;024110;034730;035250;035420;069960;078340;097950;139480;316140;
23
{'stock_no': ['000120', '000810', '001040', '002380', '002790', '003670', '004800', '004990', '005380', '006280', '008560', '009540', '017670', '018880', '024110', '034730', '035250', '035420', '069960', '078340', '097950', '139480', '316140'], 'stock_name': ['CJ대한통운', '삼성화재', 'CJ', 'KCC', '아모레G', '포스코케미칼', '효성', '롯데지주', '현대차', '녹십자', '메리츠종금증권', '한국조선해양', 'SK텔레콤', '한온시스템', '기업은행', 'SK', '강원랜드', 'NAVER', '현대백화점', '컴투스', 'CJ제일제당', '이마트', '우리금융지주'], 'market_in_price': [134500, 272500, 103000, 278500, 66700, 55600, 75500, 44750, 142500, 127000, 5600, 123500, 262000, 11750, 14150, 239000, 31050, 120500, 81500, 104800, 301000, 144500, 14100], 'myhave_cnt': [8, 5, 14, 4, 17, 21, 15, 33, 10, 9, 266, 12, 5, 100, 84, 6, 48, 9, 14, 14, 4, 8, 84], 'run_price': [131000, 261500, 95100, 260000, 62800, 51200, 72400, 40400, 137000, 116000, 5250, 113000, 254500, 11350, 13550, 220000, 29700, 115500, 78800, 95500, 283000, 138500, 13650], 'sell_price': [131500, 261500, 96200, 264000, 63100, 51400, 73000, 40650, 137500, 116500, 5340, 114000, 256000, 11450, 13600, 224000, 29900, 116000, 79600, 96700, 286000, 138500, 13700], 'sell_cnt': [21, 5, 2, 2, 4, 22, 5, 1, 19, 10, 13299, 32, 13, 2275, 7097, 60, 1, 59, 40, 5, 1, 89, 1866], 'buy_price': [130000, 260000, 95100, 260000, 62400, 51200, 72400, 40000, 137000, 116000, 5280, 113500, 254500, 11350, 13550, 223500, 29600, 115500, 78800, 94900, 279000, 138000, 13650], 'buy_cnt': [5, 192, 182, 3, 1, 197, 426, 2553, 224, 100, 2, 285, 18, 1102, 513, 705, 1486, 7, 58, 4, 8, 522, 2171], 'vol_cnt': [0, 0, 0, 0, 11, 34, 0, 0, 0, 0, 1, 0, 0, 0, 0, 0, 0, 0, 0, 0, 0, 0, 0], 'deal_power': [0.0, 0.0, 0.0, 0.0, 500.0, 0.0, 0.0, 0.0, 0.0, 0.0, 0.0, 0.0, 0.0, 0.0, 0.0, 0.0, 0.0, 0.0, 0.0, 0.0, 0.0, 0.0, 0.0]}
-----
자동주문 버튼 True 실행시간 : 08:40:13
자동주문 클릭시 timer1 시작
자동주문 클릭시 timer600 시작
3
장시작 알림 3
장시작 알림 3 timer1 재시작
장시작 알림 3 timer600 재시작
timer600틱 시작 timer1 중지
-----
10분에 한번씩 클럭 발생::체결강도 전송 실행시간 : 09:09:59
계좌평가잔고내역요청 전송
000120;000810;001040;002380;002790;003670;004800;004990;005380;006280;008560;009540;017670;018880;024110;034730;035250;035420;069960;078340;097950;139480;316140;
23
{'stock_no': ['000120', '000810', '001040', '002380', '002790', '003670', '004800', '004990', '005380', '006280', '008560', '009540', '017670', '018880', '024110', '034730', '035250', '035420', '069960', '078340', '097950', '139480', '316140'], 'stock_name': ['CJ대한통운', '삼성화재', 'CJ', 'KCC', '아모레G', '포스코케미칼', '효성', '롯데지주', '현대차', '녹십자', '메리츠종금증권', '한국조선해양', 'SK텔레콤', '한온시스템', '기업은행', 'SK', '강원랜드', 'NAVER', '현대백화점', '컴투스', 'CJ제일제당', '이마트', '우리금융지주'], 'market_in_price': [134500, 272500, 103000, 278500, 66700, 55600, 75500, 44750, 142500, 127000, 5600, 123500, 262000, 11750, 14150, 239000, 31050, 120500, 81500, 104800, 301000, 144500, 14100], 'myhave_cnt': [8, 5, 14, 4, 17, 21, 15, 33, 10, 9, 266, 12, 5, 100, 84, 6, 48, 9, 14, 14, 4, 8, 84], 'run_price': [132500, 261000, 96300, 261500, 63400, 51300, 72900, 40850, 137000, 116000, 5310, 114000, 256000, 11500, 13600, 223000, 29700, 117500, 79300, 96600, 284000, 140000, 13600], 'sell_price': [132500, 261500, 96300, 262000, 63400, 51300, 72900, 40900, 137500, 116000, 5310, 114500, 256500, 11500, 13600, 223000, 29750, 117500, 79300, 96600, 284000, 140000, 13650], 'sell_cnt': [352, 756, 740, 32, 136, 755, 26, 56, 4911, 8, 6705, 1090, 1653, 15219, 16839, 520, 2407, 5826, 400, 47, 129, 1350, 37103], 'buy_price': [132000, 261000, 96200, 261500, 63300, 51200, 72800, 40850, 137000, 115500, 5300, 114000, 256000, 11450, 13550, 222000, 29700, 117000, 79200, 96000, 283500, 139500, 13600], 'buy_cnt': [215, 121, 675, 27, 147, 247, 189, 15, 9791, 353, 23447, 19, 1995, 22135, 14075, 1497, 1929, 167, 64, 29, 84, 1055, 30229], 'vol_cnt': [579, 2716, 4384, 387, 5240, 14221, 743, 5702, 25627, 1011, 105484, 3748, 4039, 24605, 14050, 10260, 20790, 23317, 1962, 1054, 434, 1948, 23742], 'deal_power': [500.0, 225.63, 73.63, 284.88, 283.93, 51.52, 456.19, 500.0, 98.3, 161.82, 500.0, 306.32, 500.0, 500.0, 500.0, 134.23, 206.2, 304.61, 260.44, 158.7, 500.0, 293.28, 91.95]}
{'stock_no': ['032830', '006650', '035420', '139480'], 'deal_power': [488.21, 360.22, 304.63, 293.28]}
buy_able_money < market_in_pro
0
buy_able_money < market_in_pro
0
timer600틱 끝 timer1 재시작
timer600틱 시작 timer1 중지
-----
10분에 한번씩 클럭 발생::체결강도 전송 실행시간 : 09:19:59
계좌평가잔고내역요청 전송
000120;000810;001040;002380;002790;003670;004800;004990;005380;006280;008560;009540;017670;018880;024110;034730;035250;035420;069960;078340;097950;139480;316140;
23
{'stock_no': ['000120', '000810', '001040', '002380', '002790', '003670', '004800', '004990', '005380', '006280', '008560', '009540', '017670', '018880', '024110', '034730', '035250', '035420', '069960', '078340', '097950', '139480', '316140'], 'stock_name': ['CJ대한통운', '삼성화재', 'CJ', 'KCC', '아모레G', '포스코케미칼', '효성', '롯데지주', '현대차', '녹십자', '메리츠종금증권', '한국조선해양', 'SK텔레콤', '한온시스템', '기업은행', 'SK', '강원랜드', 'NAVER', '현대백화점', '컴투스', 'CJ제일제당', '이마트', '우리금융지주'], 'market_in_price': [134500, 272500, 103000, 278500, 66700, 55600, 75500, 44750, 142500, 127000, 5600, 123500, 262000, 11750, 14150, 239000, 31050, 120500, 81500, 104800, 301000, 144500, 14100], 'myhave_cnt': [8, 5, 14, 4, 17, 21, 15, 33, 10, 9, 266, 12, 5, 100, 84, 6, 48, 9, 14, 14, 4, 8, 84], 'run_price': [132500, 261500, 96900, 263500, 64000, 51600, 73200, 40800, 136500, 115500, 5380, 114500, 256000, 11500, 13550, 224000, 29900, 117500, 79900, 96100, 286000, 140000, 13650], 'sell_price': [132500, 261500, 97000, 263500, 64100, 51600, 73300, 40800, 137000, 116000, 5390, 114500, 256500, 11500, 13600, 224000, 29900, 117500, 79900, 96400, 286000, 140500, 13650], 'sell_cnt': [599, 478, 312, 91, 286, 1806, 117, 650, 3021, 30, 4716, 2008, 2356, 29065, 18067, 524, 1874, 4828, 48, 83, 122, 1471, 35603], 'buy_price': [132000, 261000, 96900, 263000, 64000, 51500, 73200, 40750, 136500, 115500, 5380, 114000, 256000, 11450, 13550, 223500, 29850, 117000, 79800, 96100, 285500, 140000, 13600], 'buy_cnt': [173, 260, 404, 68, 63, 1019, 61, 374, 8079, 767, 22235, 1200, 1299, 13265, 23606, 493, 2542, 2299, 291, 92, 78, 682, 39944], 'vol_cnt': [877, 4277, 9008, 529, 11938, 23938, 1710, 7656, 44332, 1475, 263405, 4138, 4786, 61340, 17544, 14309, 39107, 34183, 3458, 1733, 1009, 4567, 44202], 'deal_power': [152.49, 286.19, 154.0, 431.46, 238.66, 83.18, 270.17, 216.97, 49.45, 99.66, 442.52, 229.91, 426.6, 282.78, 393.28, 202.51, 183.87, 347.15, 360.28, 90.69, 500.0, 500.0, 206.58]}
{'stock_no': ['008930', '008560', '002380', '035420', '006650', '032830', '016360', '021240'], 'deal_power': [446.85, 442.52, 431.46, 347.15, 312.81, 301.03, 300.93, 297.94]}
buy_able_money < market_in_pro
0
buy_able_money < market_in_pro
0
timer600틱 끝 timer1 재시작
timer600틱 시작 timer1 중지
-----
10분에 한번씩 클럭 발생::체결강도 전송 실행시간 : 09:29:59
계좌평가잔고내역요청 전송
000120;000810;001040;002380;002790;003670;004800;004990;005380;006280;008560;009540;017670;018880;024110;034730;035250;035420;069960;078340;097950;139480;316140;
23
{'stock_no': ['000120', '000810', '001040', '002380', '002790', '003670', '004800', '004990', '005380', '006280', '008560', '009540', '017670', '018880', '024110', '034730', '035250', '035420', '069960', '078340', '097950', '139480', '316140'], 'stock_name': ['CJ대한통운', '삼성화재', 'CJ', 'KCC', '아모레G', '포스코케미칼', '효성', '롯데지주', '현대차', '녹십자', '메리츠종금증권', '한국조선해양', 'SK텔레콤', '한온시스템', '기업은행', 'SK', '강원랜드', 'NAVER', '현대백화점', '컴투스', 'CJ제일제당', '이마트', '우리금융지주'], 'market_in_price': [134500, 272500, 103000, 278500, 66700, 55600, 75500, 44750, 142500, 127000, 5600, 123500, 262000, 11750, 14150, 239000, 31050, 120500, 81500, 104800, 301000, 144500, 14100], 'myhave_cnt': [8, 5, 14, 4, 17, 21, 15, 33, 10, 9, 266, 12, 5, 100, 84, 6, 48, 9, 14, 14, 4, 8, 84], 'run_price': [132000, 261000, 97500, 262000, 63600, 51400, 74000, 40700, 136000, 115000, 5410, 114500, 257000, 11450, 13600, 223000, 29700, 117000, 79400, 96200, 284500, 140500, 13600], 'sell_price': [132000, 261500, 97500, 262500, 63700, 51500, 74100, 40750, 136500, 115500, 5410, 115000, 257000, 11500, 13600, 223500, 29750, 117000, 79500, 96200, 285000, 140500, 13650], 'sell_cnt': [761, 612, 32, 73, 416, 1238, 156, 109, 2301, 715, 17566, 2837, 1260, 27169, 23085, 1232, 1227, 3636, 30, 66, 82, 2577, 47600], 'buy_price': [131500, 261000, 97400, 262000, 63500, 51400, 74000, 40700, 136000, 115000, 5400, 114500, 256500, 11450, 13550, 223000, 29700, 116500, 79400, 96100, 284500, 140000, 13600], 'buy_cnt': [760, 563, 36, 82, 599, 1285, 87, 87, 9051, 1340, 9003, 1476, 974, 4854, 37110, 378, 3937, 625, 811, 117, 87, 626, 56633], 'vol_cnt': [1127, 5151, 14573, 828, 16699, 31279, 4642, 10698, 66696, 3179, 407053, 7465, 9957, 88263, 21792, 15951, 60367, 42251, 5546, 2319, 1227, 5626, 53956], 'deal_power': [96.12, 277.45, 170.23, 184.87, 169.02, 69.0, 500.0, 135.43, 51.74, 39.18, 253.83, 456.55, 245.75, 139.6, 325.09, 173.21, 143.05, 250.72, 155.9, 75.57, 382.68, 271.49, 183.56]}
{'stock_no': ['009540', '097950', '030200', '029780', '267250'], 'deal_power': [456.55, 382.68, 303.94, 302.44, 301.7]}
buy_able_money < market_in_pro
0
buy_able_money < market_in_pro
0
buy_able_money < market_in_pro
0
timer600틱 끝 timer1 재시작
timer600틱 시작 timer1 중지
-----
10분에 한번씩 클럭 발생::체결강도 전송 실행시간 : 09:39:59
계좌평가잔고내역요청 전송
000120;000810;001040;002380;002790;003670;004800;004990;005380;006280;008560;009540;017670;018880;024110;034730;035250;035420;069960;078340;097950;139480;316140;
23
{'stock_no': ['000120', '000810', '001040', '002380', '002790', '003670', '004800', '004990', '005380', '006280', '008560', '009540', '017670', '018880', '024110', '034730', '035250', '035420', '069960', '078340', '097950', '139480', '316140'], 'stock_name': ['CJ대한통운', '삼성화재', 'CJ', 'KCC', '아모레G', '포스코케미칼', '효성', '롯데지주', '현대차', '녹십자', '메리츠종금증권', '한국조선해양', 'SK텔레콤', '한온시스템', '기업은행', 'SK', '강원랜드', 'NAVER', '현대백화점', '컴투스', 'CJ제일제당', '이마트', '우리금융지주'], 'market_in_price': [134500, 272500, 103000, 278500, 66700, 55600, 75500, 44750, 142500, 127000, 5600, 123500, 262000, 11750, 14150, 239000, 31050, 120500, 81500, 104800, 301000, 144500, 14100], 'myhave_cnt': [8, 5, 14, 4, 17, 21, 15, 33, 10, 9, 266, 12, 5, 100, 84, 6, 48, 9, 14, 14, 4, 8, 84], 'run_price': [131500, 261000, 97400, 263000, 63800, 51500, 74000, 40800, 136000, 115000, 5400, 114000, 256000, 11450, 13600, 222500, 29600, 117000, 79600, 96300, 285500, 142000, 13650], 'sell_price': [132000, 261500, 97400, 263500, 63900, 51500, 74000, 40850, 136500, 115500, 5410, 114500, 256500, 11500, 13650, 223000, 29650, 117000, 79700, 96400, 286000, 142000, 13650], 'sell_cnt': [848, 1132, 45, 95, 1310, 2127, 35, 944, 8617, 1198, 36243, 2464, 1275, 37784, 34550, 499, 1545, 5971, 324, 182, 266, 1546, 36896], 'buy_price': [131500, 261000, 97300, 263000, 63800, 51400, 73900, 40800, 136000, 114500, 5400, 114000, 256000, 11450, 13600, 222500, 29600, 116500, 79600, 96300, 285500, 141500, 13600], 'buy_cnt': [970, 1148, 276, 47, 417, 825, 74, 81, 14568, 1021, 19740, 2501, 872, 19722, 39200, 1138, 3180, 3124, 333, 36, 194, 2226, 84784], 'vol_cnt': [1224, 5224, 16872, 1157, 19533, 35996, 5862, 12950, 90386, 4455, 459629, 10569, 12104, 89443, 46812, 19178, 73203, 44900, 6602, 2749, 1676, 12382, 81144], 'deal_power': [82.67, 262.95, 152.09, 177.33, 142.37, 61.21, 395.91, 117.78, 54.26, 31.98, 204.13, 155.61, 144.22, 135.77, 500.0, 133.72, 101.79, 226.72, 162.87, 74.85, 479.26, 500.0, 153.23]}
{'stock_no': ['097950', '030200', '021240'], 'deal_power': [479.26, 324.91, 319.96]}
buy_able_money < market_in_pro
0
buy_able_money < market_in_pro
0
timer600틱 끝 timer1 재시작
timer600틱 시작 timer1 중지
-----
10분에 한번씩 클럭 발생::체결강도 전송 실행시간 : 09:49:59
계좌평가잔고내역요청 전송
000120;000810;001040;002380;002790;003670;004800;004990;005380;006280;008560;009540;017670;018880;024110;034730;035250;035420;069960;078340;097950;139480;316140;
23
{'stock_no': ['000120', '000810', '001040', '002380', '002790', '003670', '004800', '004990', '005380', '006280', '008560', '009540', '017670', '018880', '024110', '034730', '035250', '035420', '069960', '078340', '097950', '139480', '316140'], 'stock_name': ['CJ대한통운', '삼성화재', 'CJ', 'KCC', '아모레G', '포스코케미칼', '효성', '롯데지주', '현대차', '녹십자', '메리츠종금증권', '한국조선해양', 'SK텔레콤', '한온시스템', '기업은행', 'SK', '강원랜드', 'NAVER', '현대백화점', '컴투스', 'CJ제일제당', '이마트', '우리금융지주'], 'market_in_price': [134500, 272500, 103000, 278500, 66700, 55600, 75500, 44750, 142500, 127000, 5600, 123500, 262000, 11750, 14150, 239000, 31050, 120500, 81500, 104800, 301000, 144500, 14100], 'myhave_cnt': [8, 5, 14, 4, 17, 21, 15, 33, 10, 9, 266, 12, 5, 100, 84, 6, 48, 9, 14, 14, 4, 8, 84], 'run_price': [133500, 261000, 97700, 261500, 63700, 51200, 74100, 40750, 136000, 114500, 5420, 115000, 257000, 11450, 13600, 223500, 29550, 116500, 79800, 96200, 286000, 141000, 13650], 'sell_price': [133500, 261500, 97700, 262000, 63700, 51200, 74100, 40800, 136500, 115000, 5430, 115000, 257500, 11500, 13650, 223500, 29600, 117000, 79800, 96300, 286500, 141500, 13650], 'sell_cnt': [698, 1739, 106, 350, 784, 2194, 512, 124, 12949, 638, 19511, 4830, 615, 33356, 27366, 1861, 3450, 6456, 141, 8, 215, 860, 34447], 'buy_price': [133000, 261000, 97600, 261500, 63600, 51100, 74000, 40750, 136000, 114500, 5420, 114500, 257000, 11450, 13600, 223000, 29550, 116500, 79700, 96200, 286000, 141000, 13600], 'buy_cnt': [721, 1866, 439, 69, 17, 136, 147, 321, 6140, 2131, 38166, 4644, 733, 27676, 45362, 664, 34188, 2825, 266, 12, 216, 1166, 105280], 'vol_cnt': [3251, 5330, 19825, 1609, 20972, 57679, 8544, 14651, 124823, 5642, 599954, 13343, 14053, 92050, 54378, 21658, 83692, 48540, 7763, 2974, 1983, 16013, 112830], 'deal_power': [311.83, 243.03, 171.1, 88.24, 122.17, 46.72, 227.8, 105.35, 51.04, 31.41, 247.72, 212.06, 143.72, 136.66, 445.69, 134.75, 93.06, 180.7, 186.1, 70.86, 490.22, 214.79, 218.85]}
{'stock_no': ['097950', '000120'], 'deal_power': [490.22, 311.83]}
timer600틱 끝 timer1 재시작
timer600틱 시작 timer1 중지
-----
10분에 한번씩 클럭 발생::체결강도 전송 실행시간 : 09:59:59
계좌평가잔고내역요청 전송
000120;000810;001040;002380;002790;003670;004800;004990;005380;006280;008560;009540;017670;018880;024110;034730;035250;035420;069960;078340;097950;139480;316140;
23
{'stock_no': ['000120', '000810', '001040', '002380', '002790', '003670', '004800', '004990', '005380', '006280', '008560', '009540', '017670', '018880', '024110', '034730', '035250', '035420', '069960', '078340', '097950', '139480', '316140'], 'stock_name': ['CJ대한통운', '삼성화재', 'CJ', 'KCC', '아모레G', '포스코케미칼', '효성', '롯데지주', '현대차', '녹십자', '메리츠종금증권', '한국조선해양', 'SK텔레콤', '한온시스템', '기업은행', 'SK', '강원랜드', 'NAVER', '현대백화점', '컴투스', 'CJ제일제당', '이마트', '우리금융지주'], 'market_in_price': [134500, 272500, 103000, 278500, 66700, 55600, 75500, 44750, 142500, 127000, 5600, 123500, 262000, 11750, 14150, 239000, 31050, 120500, 81500, 104800, 301000, 144500, 14100], 'myhave_cnt': [8, 5, 14, 4, 17, 21, 15, 33, 10, 9, 266, 12, 5, 100, 84, 6, 48, 9, 14, 14, 4, 8, 84], 'run_price': [132500, 261000, 98000, 260500, 63700, 51100, 74000, 40750, 136000, 114500, 5420, 114500, 256500, 11500, 13600, 223000, 29650, 115500, 79600, 96000, 286000, 141000, 13600], 'sell_price': [133000, 261500, 98000, 261000, 63800, 51200, 74000, 40750, 136500, 115000, 5420, 115000, 257000, 11500, 13650, 223500, 29700, 116000, 79700, 96100, 286500, 141500, 13650], 'sell_cnt': [729, 2856, 351, 110, 693, 2431, 157, 120, 15208, 1133, 50695, 5335, 200, 28412, 39513, 4159, 2633, 3757, 603, 78, 400, 2227, 58332], 'buy_price': [132500, 261000, 97900, 260500, 63700, 51100, 73900, 40700, 136000, 114500, 5410, 114500, 256500, 11450, 13600, 223000, 29650, 115500, 79600, 96000, 286000, 141000, 13600], 'buy_cnt': [249, 2767, 193, 20, 1, 822, 13, 437, 5011, 1425, 32263, 5483, 816, 28191, 45283, 159, 5831, 6889, 120, 120, 110, 1373, 98502], 'vol_cnt': [4416, 5633, 21801, 2019, 24063, 65478, 9973, 15891, 143588, 7188, 685605, 14275, 16294, 100775, 63187, 27212, 100027, 56414, 8620, 3264, 2231, 17223, 131520], 'deal_power': [133.13, 201.71, 165.58, 82.95, 136.05, 49.68, 193.83, 95.68, 48.58, 41.25, 191.66, 209.83, 123.37, 151.53, 289.74, 134.34, 105.2, 123.08, 154.69, 65.97, 283.18, 189.92, 165.57]}
{'stock_no': ['030200', '021240'], 'deal_power': [380.04, 307.29]}
buy_able_money < market_in_pro
0
buy_able_money < market_in_pro
0
timer600틱 끝 timer1 재시작
timer600틱 시작 timer1 중지
-----
10분에 한번씩 클럭 발생::체결강도 전송 실행시간 : 10:09:59
계좌평가잔고내역요청 전송
000120;000810;001040;002380;002790;003670;004800;004990;005380;006280;008560;009540;017670;018880;024110;034730;035250;035420;069960;078340;097950;139480;316140;
23
{'stock_no': ['000120', '000810', '001040', '002380', '002790', '003670', '004800', '004990', '005380', '006280', '008560', '009540', '017670', '018880', '024110', '034730', '035250', '035420', '069960', '078340', '097950', '139480', '316140'], 'stock_name': ['CJ대한통운', '삼성화재', 'CJ', 'KCC', '아모레G', '포스코케미칼', '효성', '롯데지주', '현대차', '녹십자', '메리츠종금증권', '한국조선해양', 'SK텔레콤', '한온시스템', '기업은행', 'SK', '강원랜드', 'NAVER', '현대백화점', '컴투스', 'CJ제일제당', '이마트', '우리금융지주'], 'market_in_price': [134500, 272500, 103000, 278500, 66700, 55600, 75500, 44750, 142500, 127000, 5600, 123500, 262000, 11750, 14150, 239000, 31050, 120500, 81500, 104800, 301000, 144500, 14100], 'myhave_cnt': [8, 5, 14, 4, 17, 21, 15, 33, 10, 9, 266, 12, 5, 100, 84, 6, 48, 9, 14, 14, 4, 8, 84], 'run_price': [132000, 261500, 97700, 260000, 63400, 50900, 73800, 40550, 135500, 114000, 5420, 115000, 256500, 11600, 13600, 222500, 29700, 116000, 79500, 95900, 286000, 140500, 13600], 'sell_price': [132500, 262000, 97800, 260500, 63500, 51000, 73800, 40600, 135500, 114500, 5420, 115000, 257000, 11600, 13650, 223000, 29700, 116500, 79500, 96100, 286500, 141000, 13650], 'sell_cnt': [563, 4014, 308, 81, 966, 472, 149, 566, 25279, 686, 61271, 9440, 2037, 12537, 42257, 1414, 4330, 6643, 574, 7, 505, 7182, 64880], 'buy_price': [132000, 261500, 97700, 260000, 63400, 50900, 73700, 40550, 135000, 114000, 5410, 114500, 256500, 11550, 13600, 222500, 29650, 116000, 79400, 96000, 286000, 140500, 13600], 'buy_cnt': [243, 2054, 222, 114, 980, 2982, 125, 9, 21668, 1781, 30963, 131, 1961, 15007, 45090, 2965, 5382, 2789, 515, 2, 316, 2087, 75400], 'vol_cnt': [5073, 11997, 25625, 2433, 25359, 73312, 10928, 18289, 180677, 8857, 739515, 21781, 17286, 163400, 69799, 28167, 106574, 62878, 9743, 3726, 2323, 21026, 146842], 'deal_power': [98.24, 296.47, 138.39, 71.25, 122.14, 49.48, 184.67, 87.04, 44.07, 32.93, 178.55, 134.61, 118.83, 283.14, 243.61, 132.1, 101.9, 133.88, 131.08, 58.51, 249.29, 137.25, 122.07]}
{'stock_no': ['030200', '000810'], 'deal_power': [334.84, 296.47]}
buy_able_money < market_in_pro
0
timer600틱 끝 timer1 재시작
timer600틱 시작 timer1 중지
-----
10분에 한번씩 클럭 발생::체결강도 전송 실행시간 : 10:19:59
계좌평가잔고내역요청 전송
000120;000810;001040;002380;002790;003670;004800;004990;005380;006280;008560;009540;017670;018880;024110;034730;035250;035420;069960;078340;097950;139480;316140;
23
{'stock_no': ['000120', '000810', '001040', '002380', '002790', '003670', '004800', '004990', '005380', '006280', '008560', '009540', '017670', '018880', '024110', '034730', '035250', '035420', '069960', '078340', '097950', '139480', '316140'], 'stock_name': ['CJ대한통운', '삼성화재', 'CJ', 'KCC', '아모레G', '포스코케미칼', '효성', '롯데지주', '현대차', '녹십자', '메리츠종금증권', '한국조선해양', 'SK텔레콤', '한온시스템', '기업은행', 'SK', '강원랜드', 'NAVER', '현대백화점', '컴투스', 'CJ제일제당', '이마트', '우리금융지주'], 'market_in_price': [134500, 272500, 103000, 278500, 66700, 55600, 75500, 44750, 142500, 127000, 5600, 123500, 262000, 11750, 14150, 239000, 31050, 120500, 81500, 104800, 301000, 144500, 14100], 'myhave_cnt': [8, 5, 14, 4, 17, 21, 15, 33, 10, 9, 266, 12, 5, 100, 84, 6, 48, 9, 14, 14, 4, 8, 84], 'run_price': [133000, 261500, 98000, 260000, 63300, 50800, 73800, 40500, 135500, 115000, 5410, 114500, 256500, 11600, 13600, 222500, 29750, 116500, 79300, 96100, 286000, 141000, 13600], 'sell_price': [133000, 262000, 98000, 260500, 63400, 50900, 73900, 40500, 135500, 115000, 5420, 114500, 257000, 11600, 13650, 223000, 29750, 116500, 79400, 96100, 286500, 141000, 13650], 'sell_cnt': [307, 1977, 553, 215, 1436, 1562, 89, 72, 48926, 1111, 60137, 820, 2282, 30147, 42636, 2409, 7348, 7649, 421, 2, 538, 6930, 66933], 'buy_price': [132500, 261500, 97800, 260000, 63300, 50800, 73800, 40450, 135000, 114500, 5410, 114000, 256500, 11550, 13600, 222500, 29700, 116000, 79300, 96000, 286000, 140500, 13600], 'buy_cnt': [1245, 2248, 621, 32, 663, 1054, 43, 567, 27200, 154, 58969, 4709, 2482, 14325, 42650, 3744, 2014, 3475, 12, 13, 113, 2354, 100839], 'vol_cnt': [5540, 12177, 28667, 2623, 26573, 90320, 11553, 20736, 189138, 9999, 777558, 25009, 18372, 169990, 80771, 29030, 129377, 65081, 11130, 4126, 2668, 21462, 159071], 'deal_power': [108.34, 287.55, 143.85, 64.13, 111.88, 46.93, 186.71, 80.41, 43.02, 46.96, 170.78, 115.02, 112.68, 274.76, 198.3, 129.41, 115.73, 130.62, 105.92, 54.26, 164.6, 135.94, 102.38]}
{'stock_no': ['030200', '036490', '021240', '267250'], 'deal_power': [357.62, 317.08, 306.62, 297.53]}
buy_able_money < market_in_pro
0
buy_able_money < market_in_pro
0
buy_able_money < market_in_pro
0
buy_able_money < market_in_pro
0
timer600틱 끝 timer1 재시작
timer600틱 시작 timer1 중지
-----
10분에 한번씩 클럭 발생::체결강도 전송 실행시간 : 10:29:59
계좌평가잔고내역요청 전송
000120;000810;001040;002380;002790;003670;004800;004990;005380;006280;008560;009540;017670;018880;024110;034730;035250;035420;069960;078340;097950;139480;316140;
23
{'stock_no': ['000120', '000810', '001040', '002380', '002790', '003670', '004800', '004990', '005380', '006280', '008560', '009540', '017670', '018880', '024110', '034730', '035250', '035420', '069960', '078340', '097950', '139480', '316140'], 'stock_name': ['CJ대한통운', '삼성화재', 'CJ', 'KCC', '아모레G', '포스코케미칼', '효성', '롯데지주', '현대차', '녹십자', '메리츠종금증권', '한국조선해양', 'SK텔레콤', '한온시스템', '기업은행', 'SK', '강원랜드', 'NAVER', '현대백화점', '컴투스', 'CJ제일제당', '이마트', '우리금융지주'], 'market_in_price': [134500, 272500, 103000, 278500, 66700, 55600, 75500, 44750, 142500, 127000, 5600, 123500, 262000, 11750, 14150, 239000, 31050, 120500, 81500, 104800, 301000, 144500, 14100], 'myhave_cnt': [8, 5, 14, 4, 17, 21, 15, 33, 10, 9, 266, 12, 5, 100, 84, 6, 48, 9, 14, 14, 4, 8, 84], 'run_price': [133500, 262000, 98100, 259500, 63300, 51000, 73800, 40750, 136000, 115500, 5420, 115000, 256500, 11600, 13650, 222500, 29750, 116500, 79500, 96100, 286000, 140500, 13650], 'sell_price': [133500, 262000, 98200, 260000, 63400, 51000, 73900, 40750, 136500, 115500, 5420, 115000, 257000, 11600, 13650, 223000, 29750, 117000, 79500, 96200, 286000, 141000, 13650], 'sell_cnt': [1248, 2023, 433, 561, 1386, 646, 151, 106, 26301, 1009, 55988, 9745, 2449, 29629, 4178, 2638, 2061, 6582, 296, 5, 287, 5095, 64665], 'buy_price': [133000, 261500, 98100, 259500, 63300, 50900, 73800, 40700, 136000, 115000, 5410, 114500, 256500, 11550, 13600, 222500, 29700, 116500, 79400, 96100, 285500, 140500, 13600], 'buy_cnt': [145, 2827, 213, 31, 111, 930, 116, 804, 12786, 756, 64077, 2650, 3039, 25176, 45597, 4869, 2233, 6970, 507, 56, 50, 2662, 140040], 'vol_cnt': [6187, 12278, 31039, 2965, 30207, 97218, 12263, 24215, 273366, 11047, 803738, 28948, 19545, 177383, 119482, 29855, 146155, 75764, 12067, 4240, 3079, 23795, 178424], 'deal_power': [121.05, 283.01, 150.19, 58.18, 120.37, 50.07, 176.98, 100.84, 88.65, 61.65, 162.2, 100.95, 105.51, 277.51, 306.44, 127.03, 119.99, 165.03, 107.9, 53.61, 130.0, 150.23, 108.48]}
{'stock_no': ['030200', '036490', '024110'], 'deal_power': [381.11, 319.86, 306.44]}
buy_able_money < market_in_pro
0
buy_able_money < market_in_pro
0
timer600틱 끝 timer1 재시작
timer600틱 시작 timer1 중지
-----
10분에 한번씩 클럭 발생::체결강도 전송 실행시간 : 10:39:59
계좌평가잔고내역요청 전송
000120;000810;001040;002380;002790;003670;004800;004990;005380;006280;008560;009540;017670;018880;024110;034730;035250;035420;069960;078340;097950;139480;316140;
23
{'stock_no': ['000120', '000810', '001040', '002380', '002790', '003670', '004800', '004990', '005380', '006280', '008560', '009540', '017670', '018880', '024110', '034730', '035250', '035420', '069960', '078340', '097950', '139480', '316140'], 'stock_name': ['CJ대한통운', '삼성화재', 'CJ', 'KCC', '아모레G', '포스코케미칼', '효성', '롯데지주', '현대차', '녹십자', '메리츠종금증권', '한국조선해양', 'SK텔레콤', '한온시스템', '기업은행', 'SK', '강원랜드', 'NAVER', '현대백화점', '컴투스', 'CJ제일제당', '이마트', '우리금융지주'], 'market_in_price': [134500, 272500, 103000, 278500, 66700, 55600, 75500, 44750, 142500, 127000, 5600, 123500, 262000, 11750, 14150, 239000, 31050, 120500, 81500, 104800, 301000, 144500, 14100], 'myhave_cnt': [8, 5, 14, 4, 17, 21, 15, 33, 10, 9, 266, 12, 5, 100, 84, 6, 48, 9, 14, 14, 4, 8, 84], 'run_price': [133500, 261500, 98000, 258500, 63300, 50900, 73700, 40600, 136000, 115500, 5400, 115000, 256500, 11550, 13700, 223000, 29750, 117000, 79500, 95900, 284500, 141000, 13650], 'sell_price': [133500, 262000, 98000, 259000, 63300, 51000, 73800, 40650, 136500, 115500, 5410, 115000, 257000, 11600, 13700, 223000, 29800, 117000, 79500, 96000, 285000, 141000, 13650], 'sell_cnt': [1286, 3181, 263, 130, 136, 677, 266, 33, 26711, 282, 29554, 10001, 2222, 33005, 48101, 663, 4905, 7937, 729, 223, 160, 5026, 66214], 'buy_price': [133000, 261500, 97900, 258500, 63200, 50900, 73600, 40600, 136000, 115000, 5400, 114500, 256500, 11550, 13650, 222500, 29750, 116500, 79400, 95900, 284500, 140500, 13600], 'buy_cnt': [756, 2648, 442, 232, 675, 973, 831, 497, 17417, 1209, 22241, 471, 2637, 23666, 33634, 3633, 3706, 7310, 631, 2282, 173, 2944, 145409], 'vol_cnt': [6385, 12736, 31724, 4032, 34577, 101801, 12902, 26626, 279655, 11843, 899397, 29846, 20957, 183357, 128748, 33310, 156671, 76853, 12360, 4552, 3596, 24190, 191300], 'deal_power': [124.18, 260.56, 145.99, 54.53, 123.28, 51.25, 162.9, 92.02, 87.35, 73.45, 132.28, 98.41, 99.47, 273.33, 332.05, 144.93, 125.26, 165.71, 106.45, 50.4, 103.03, 152.01, 103.36]}
{'stock_no': ['030200', '036490'], 'deal_power': [371.82, 306.0]}
buy_able_money < market_in_pro
0
buy_able_money < market_in_pro
0
timer600틱 끝 timer1 재시작
timer600틱 시작 timer1 중지
-----
10분에 한번씩 클럭 발생::체결강도 전송 실행시간 : 10:49:59
계좌평가잔고내역요청 전송
000120;000810;001040;002380;002790;003670;004800;004990;005380;006280;008560;009540;017670;018880;024110;034730;035250;035420;069960;078340;097950;139480;316140;
23
{'stock_no': ['000120', '000810', '001040', '002380', '002790', '003670', '004800', '004990', '005380', '006280', '008560', '009540', '017670', '018880', '024110', '034730', '035250', '035420', '069960', '078340', '097950', '139480', '316140'], 'stock_name': ['CJ대한통운', '삼성화재', 'CJ', 'KCC', '아모레G', '포스코케미칼', '효성', '롯데지주', '현대차', '녹십자', '메리츠종금증권', '한국조선해양', 'SK텔레콤', '한온시스템', '기업은행', 'SK', '강원랜드', 'NAVER', '현대백화점', '컴투스', 'CJ제일제당', '이마트', '우리금융지주'], 'market_in_price': [134500, 272500, 103000, 278500, 66700, 55600, 75500, 44750, 142500, 127000, 5600, 123500, 262000, 11750, 14150, 239000, 31050, 120500, 81500, 104800, 301000, 144500, 14100], 'myhave_cnt': [8, 5, 14, 4, 17, 21, 15, 33, 10, 9, 266, 12, 5, 100, 84, 6, 48, 9, 14, 14, 4, 8, 84], 'run_price': [133500, 261500, 98300, 260000, 63400, 51200, 73800, 40700, 136500, 116000, 5370, 115000, 256500, 11600, 13700, 223500, 29700, 116500, 79600, 96400, 286500, 141500, 13650], 'sell_price': [133500, 262000, 98400, 260500, 63400, 51200, 73800, 40700, 136500, 116000, 5380, 115000, 257000, 11600, 13700, 223500, 29700, 117000, 79600, 96600, 286500, 141500, 13650], 'sell_cnt': [1023, 3766, 252, 44, 388, 587, 134, 798, 16570, 1387, 31989, 10080, 2639, 37379, 48830, 3320, 932, 8963, 349, 93, 206, 2985, 68453], 'buy_price': [133000, 261500, 98300, 260000, 63300, 51100, 73700, 40650, 136000, 115500, 5370, 114500, 256500, 11550, 13650, 223000, 29650, 116500, 79500, 96500, 286000, 141000, 13600], 'buy_cnt': [1065, 3631, 294, 76, 716, 2544, 183, 69, 24482, 62, 22396, 2220, 3613, 29039, 39697, 1256, 2119, 9407, 386, 2, 146, 3069, 158615], 'vol_cnt': [6814, 12889, 34584, 4492, 37427, 107053, 14908, 28106, 343349, 12238, 998521, 32204, 26405, 188702, 135473, 37919, 179328, 79703, 15818, 5683, 4387, 29495, 213330], 'deal_power': [135.15, 249.69, 161.33, 60.84, 131.19, 55.85, 144.76, 90.04, 91.27, 79.3, 110.65, 88.92, 92.06, 268.23, 337.86, 151.16, 126.5, 163.03, 120.9, 61.04, 111.84, 205.52, 99.58]}
{'stock_no': ['004370', '024110'], 'deal_power': [394.42, 337.86]}
buy_able_money < market_in_pro
0
timer600틱 끝 timer1 재시작
timer600틱 시작 timer1 중지
-----
10분에 한번씩 클럭 발생::체결강도 전송 실행시간 : 10:59:59
계좌평가잔고내역요청 전송
000120;000810;001040;002380;002790;003670;004800;004990;005380;006280;008560;009540;017670;018880;024110;034730;035250;035420;069960;078340;097950;139480;316140;
23
{'stock_no': ['000120', '000810', '001040', '002380', '002790', '003670', '004800', '004990', '005380', '006280', '008560', '009540', '017670', '018880', '024110', '034730', '035250', '035420', '069960', '078340', '097950', '139480', '316140'], 'stock_name': ['CJ대한통운', '삼성화재', 'CJ', 'KCC', '아모레G', '포스코케미칼', '효성', '롯데지주', '현대차', '녹십자', '메리츠종금증권', '한국조선해양', 'SK텔레콤', '한온시스템', '기업은행', 'SK', '강원랜드', 'NAVER', '현대백화점', '컴투스', 'CJ제일제당', '이마트', '우리금융지주'], 'market_in_price': [134500, 272500, 103000, 278500, 66700, 55600, 75500, 44750, 142500, 127000, 5600, 123500, 262000, 11750, 14150, 239000, 31050, 120500, 81500, 104800, 301000, 144500, 14100], 'myhave_cnt': [8, 5, 14, 4, 17, 21, 15, 33, 10, 9, 266, 12, 5, 100, 84, 6, 48, 9, 14, 14, 4, 8, 84], 'run_price': [134000, 261500, 98600, 260000, 63700, 51200, 73600, 40700, 137000, 115500, 5370, 115500, 256500, 11550, 13700, 223500, 29750, 117000, 80200, 96700, 286500, 142000, 13700], 'sell_price': [134000, 262000, 98700, 260500, 63700, 51200, 73700, 40750, 137000, 116000, 5380, 115500, 257000, 11600, 13700, 223500, 29750, 117500, 80200, 96800, 286500, 142000, 13700], 'sell_cnt': [2086, 3962, 258, 58, 369, 801, 192, 524, 33378, 1316, 30981, 412, 2481, 44588, 48386, 3016, 2238, 2431, 111, 20, 227, 4982, 21022], 'buy_price': [133500, 261500, 98600, 260000, 63500, 51100, 73600, 40700, 136500, 115500, 5370, 115000, 256500, 11550, 13650, 223000, 29700, 117000, 80100, 96700, 286000, 141500, 13650], 'buy_cnt': [830, 4578, 108, 28, 539, 1599, 112, 1101, 17865, 688, 32053, 5910, 1258, 38398, 45122, 3606, 948, 6710, 552, 5, 101, 3142, 57650], 'vol_cnt': [8473, 13329, 38726, 4750, 41537, 114166, 15582, 31625, 362268, 12443, 1026331, 43052, 27960, 198528, 141253, 39386, 186870, 101261, 18418, 6051, 4698, 32602, 291431], 'deal_power': [149.73, 239.2, 171.92, 59.28, 136.42, 57.53, 135.86, 96.07, 100.19, 81.7, 106.18, 153.14, 93.89, 243.52, 337.88, 157.07, 126.41, 194.55, 150.25, 63.8, 104.46, 228.26, 157.97]}
{'stock_no': ['004370', '024110', '036490'], 'deal_power': [359.39, 337.88, 297.63]}
buy_able_money < market_in_pro
0
buy_able_money < market_in_pro
0
timer600틱 끝 timer1 재시작
timer600틱 시작 timer1 중지
-----
10분에 한번씩 클럭 발생::체결강도 전송 실행시간 : 11:09:59
계좌평가잔고내역요청 전송
000120;000810;001040;002380;002790;003670;004800;004990;005380;006280;008560;009540;017670;018880;024110;034730;035250;035420;069960;078340;097950;139480;316140;
23
{'stock_no': ['000120', '000810', '001040', '002380', '002790', '003670', '004800', '004990', '005380', '006280', '008560', '009540', '017670', '018880', '024110', '034730', '035250', '035420', '069960', '078340', '097950', '139480', '316140'], 'stock_name': ['CJ대한통운', '삼성화재', 'CJ', 'KCC', '아모레G', '포스코케미칼', '효성', '롯데지주', '현대차', '녹십자', '메리츠종금증권', '한국조선해양', 'SK텔레콤', '한온시스템', '기업은행', 'SK', '강원랜드', 'NAVER', '현대백화점', '컴투스', 'CJ제일제당', '이마트', '우리금융지주'], 'market_in_price': [134500, 272500, 103000, 278500, 66700, 55600, 75500, 44750, 142500, 127000, 5600, 123500, 262000, 11750, 14150, 239000, 31050, 120500, 81500, 104800, 301000, 144500, 14100], 'myhave_cnt': [8, 5, 14, 4, 17, 21, 15, 33, 10, 9, 266, 12, 5, 100, 84, 6, 48, 9, 14, 14, 4, 8, 84], 'run_price': [134500, 261500, 98600, 260500, 63500, 51200, 73300, 40750, 136500, 115500, 5370, 116000, 257000, 11600, 13650, 223500, 29650, 117500, 80300, 96700, 286500, 142000, 13700], 'sell_price': [134500, 262000, 98600, 261000, 63500, 51200, 73400, 40800, 137000, 115500, 5380, 116000, 257000, 11600, 13700, 224000, 29700, 117500, 80400, 96700, 286500, 142000, 13700], 'sell_cnt': [1629, 4341, 142, 130, 647, 1574, 187, 1479, 35604, 927, 46150, 5895, 3237, 43507, 45163, 2519, 2111, 2879, 1153, 14, 300, 4484, 16123], 'buy_price': [134000, 261500, 98500, 260500, 63400, 51100, 73300, 40750, 136500, 115000, 5370, 115500, 256500, 11550, 13650, 223500, 29650, 117000, 80300, 96600, 286000, 141500, 13650], 'buy_cnt': [138, 4720, 744, 2, 278, 1036, 185, 922, 19654, 1405, 45770, 2651, 2159, 38848, 46510, 2317, 1396, 7791, 546, 48, 42, 3035, 86120], 'vol_cnt': [11930, 13661, 39936, 5090, 43237, 118332, 16355, 33317, 365760, 12641, 1050934, 45464, 29810, 204034, 146334, 44370, 194701, 103158, 20309, 6348, 4876, 33217, 311195], 'deal_power': [158.77, 230.9, 172.07, 57.86, 133.98, 59.85, 128.89, 101.66, 100.61, 80.5, 105.21, 164.29, 86.52, 242.84, 333.1, 181.11, 121.97, 197.53, 166.92, 63.21, 103.94, 230.4, 171.86]}
{'stock_no': ['004370', '024110', '036490'], 'deal_power': [394.12, 333.1, 298.56]}
buy_able_money < market_in_pro
0
buy_able_money < market_in_pro
0
timer600틱 끝 timer1 재시작
timer600틱 시작 timer1 중지
-----
10분에 한번씩 클럭 발생::체결강도 전송 실행시간 : 11:19:59
계좌평가잔고내역요청 전송
000120;000810;001040;002380;002790;003670;004800;004990;005380;006280;008560;009540;017670;018880;024110;034730;035250;035420;069960;078340;097950;139480;316140;
23
{'stock_no': ['000120', '000810', '001040', '002380', '002790', '003670', '004800', '004990', '005380', '006280', '008560', '009540', '017670', '018880', '024110', '034730', '035250', '035420', '069960', '078340', '097950', '139480', '316140'], 'stock_name': ['CJ대한통운', '삼성화재', 'CJ', 'KCC', '아모레G', '포스코케미칼', '효성', '롯데지주', '현대차', '녹십자', '메리츠종금증권', '한국조선해양', 'SK텔레콤', '한온시스템', '기업은행', 'SK', '강원랜드', 'NAVER', '현대백화점', '컴투스', 'CJ제일제당', '이마트', '우리금융지주'], 'market_in_price': [134500, 272500, 103000, 278500, 66700, 55600, 75500, 44750, 142500, 127000, 5600, 123500, 262000, 11750, 14150, 239000, 31050, 120500, 81500, 104800, 301000, 144500, 14100], 'myhave_cnt': [8, 5, 14, 4, 17, 21, 15, 33, 10, 9, 266, 12, 5, 100, 84, 6, 48, 9, 14, 14, 4, 8, 84], 'run_price': [134500, 261500, 98500, 260500, 63900, 51100, 73200, 40800, 136500, 115500, 5340, 116000, 256500, 11550, 13700, 224500, 29750, 117500, 80200, 97000, 286000, 142000, 13700], 'sell_price': [134500, 262000, 98600, 261000, 64000, 51100, 73200, 40800, 137000, 115500, 5350, 116000, 257000, 11600, 13700, 224500, 29750, 117500, 80200, 97100, 286500, 142000, 13750], 'sell_cnt': [1623, 4309, 164, 148, 275, 1145, 177, 1422, 35515, 1372, 31783, 4082, 2908, 48863, 5751, 1952, 3973, 3557, 1253, 65, 381, 4385, 49625], 'buy_price': [134000, 261500, 98500, 260500, 63800, 51000, 73100, 40750, 136500, 115000, 5340, 115500, 256500, 11550, 13650, 224000, 29700, 117000, 80100, 97000, 286000, 141500, 13700], 'buy_cnt': [598, 5142, 472, 16, 2605, 721, 118, 339, 24176, 974, 11548, 3073, 4170, 39411, 43442, 1861, 1103, 8903, 165, 22, 77, 3102, 14893], 'vol_cnt': [12244, 13989, 41435, 5386, 47246, 121671, 17087, 35219, 371267, 12857, 1155704, 47886, 30970, 213688, 166105, 49389, 206103, 105999, 21706, 7645, 5181, 34003, 338340], 'deal_power': [162.94, 227.92, 171.23, 57.6, 143.34, 58.78, 122.44, 95.21, 102.07, 80.78, 88.7, 169.52, 85.09, 238.02, 373.44, 195.36, 121.75, 203.13, 155.93, 75.97, 96.09, 233.52, 187.74]}
{'stock_no': ['004370', '024110', '036490'], 'deal_power': [401.56, 373.44, 337.12]}
buy_able_money < market_in_pro
0
buy_able_money < market_in_pro
0
timer600틱 끝 timer1 재시작
timer600틱 시작 timer1 중지
-----
10분에 한번씩 클럭 발생::체결강도 전송 실행시간 : 11:29:59
계좌평가잔고내역요청 전송
000120;000810;001040;002380;002790;003670;004800;004990;005380;006280;008560;009540;017670;018880;024110;034730;035250;035420;069960;078340;097950;139480;316140;
23
{'stock_no': ['000120', '000810', '001040', '002380', '002790', '003670', '004800', '004990', '005380', '006280', '008560', '009540', '017670', '018880', '024110', '034730', '035250', '035420', '069960', '078340', '097950', '139480', '316140'], 'stock_name': ['CJ대한통운', '삼성화재', 'CJ', 'KCC', '아모레G', '포스코케미칼', '효성', '롯데지주', '현대차', '녹십자', '메리츠종금증권', '한국조선해양', 'SK텔레콤', '한온시스템', '기업은행', 'SK', '강원랜드', 'NAVER', '현대백화점', '컴투스', 'CJ제일제당', '이마트', '우리금융지주'], 'market_in_price': [134500, 272500, 103000, 278500, 66700, 55600, 75500, 44750, 142500, 127000, 5600, 123500, 262000, 11750, 14150, 239000, 31050, 120500, 81500, 104800, 301000, 144500, 14100], 'myhave_cnt': [8, 5, 14, 4, 17, 21, 15, 33, 10, 9, 266, 12, 5, 100, 84, 6, 48, 9, 14, 14, 4, 8, 84], 'run_price': [134500, 261500, 98500, 261000, 64100, 51000, 72900, 40750, 136500, 115500, 5340, 115500, 256500, 11550, 13700, 224000, 29700, 117000, 80100, 97000, 286500, 142000, 13700], 'sell_price': [134500, 262000, 98500, 261500, 64000, 51100, 73000, 40750, 137000, 115500, 5340, 116000, 257000, 11600, 13750, 224500, 29750, 117500, 80100, 97000, 286500, 142000, 13750], 'sell_cnt': [1401, 4590, 268, 90, 86, 858, 297, 436, 30318, 1387, 29221, 3658, 2747, 41013, 49372, 2890, 2566, 4761, 239, 184, 306, 4142, 56068], 'buy_price': [134000, 261500, 98400, 261000, 63800, 51000, 72900, 40700, 136500, 115000, 5330, 115500, 256500, 11550, 13700, 224000, 29700, 117000, 80000, 96900, 286000, 141500, 13700], 'buy_cnt': [1414, 4301, 8, 22, 2334, 317, 333, 897, 25706, 1017, 33837, 3310, 2868, 46401, 38843, 2455, 2073, 10473, 97, 252, 43, 3182, 18057], 'vol_cnt': [13081, 15946, 42797, 5694, 51226, 127914, 18081, 36211, 376403, 12946, 1194849, 48555, 32319, 227458, 175392, 50380, 211893, 107739, 22281, 7857, 5357, 35036, 343189], 'deal_power': [177.48, 176.4, 161.01, 58.37, 137.5, 59.2, 118.77, 94.73, 102.87, 81.46, 85.59, 172.23, 82.26, 241.16, 392.99, 196.57, 117.82, 205.52, 150.87, 75.22, 94.84, 235.69, 184.85]}
{'stock_no': ['024110', '036490'], 'deal_power': [392.99, 358.58]}
buy_able_money < market_in_pro
0
timer600틱 끝 timer1 재시작
timer600틱 시작 timer1 중지
-----
10분에 한번씩 클럭 발생::체결강도 전송 실행시간 : 11:39:59
계좌평가잔고내역요청 전송
000120;000810;001040;002380;002790;003670;004800;004990;005380;006280;008560;009540;017670;018880;024110;034730;035250;035420;069960;078340;097950;139480;316140;
23
{'stock_no': ['000120', '000810', '001040', '002380', '002790', '003670', '004800', '004990', '005380', '006280', '008560', '009540', '017670', '018880', '024110', '034730', '035250', '035420', '069960', '078340', '097950', '139480', '316140'], 'stock_name': ['CJ대한통운', '삼성화재', 'CJ', 'KCC', '아모레G', '포스코케미칼', '효성', '롯데지주', '현대차', '녹십자', '메리츠종금증권', '한국조선해양', 'SK텔레콤', '한온시스템', '기업은행', 'SK', '강원랜드', 'NAVER', '현대백화점', '컴투스', 'CJ제일제당', '이마트', '우리금융지주'], 'market_in_price': [134500, 272500, 103000, 278500, 66700, 55600, 75500, 44750, 142500, 127000, 5600, 123500, 262000, 11750, 14150, 239000, 31050, 120500, 81500, 104800, 301000, 144500, 14100], 'myhave_cnt': [8, 5, 14, 4, 17, 21, 15, 33, 10, 9, 266, 12, 5, 100, 84, 6, 48, 9, 14, 14, 4, 8, 84], 'run_price': [134500, 261500, 98200, 260500, 63900, 51100, 73000, 40700, 136500, 113000, 5310, 116000, 256500, 11600, 13750, 224000, 29700, 117500, 80000, 96900, 285500, 142000, 13700], 'sell_price': [134500, 262000, 98200, 261000, 63900, 51200, 73000, 40750, 137000, 113000, 5320, 116000, 257000, 11600, 13750, 224000, 29750, 117500, 80000, 97000, 286000, 142000, 13750], 'sell_cnt': [1609, 4050, 200, 166, 649, 1696, 72, 1588, 30104, 13, 37887, 7276, 2972, 54055, 55957, 875, 1285, 5625, 291, 202, 264, 5143, 46378], 'buy_price': [134000, 261500, 98100, 260500, 63800, 51100, 72900, 40700, 136500, 112500, 5310, 115500, 256500, 11550, 13700, 223500, 29700, 117000, 79900, 96900, 285500, 141500, 13700], 'buy_cnt': [1480, 4992, 97, 192, 1456, 1300, 299, 1104, 25895, 1435, 18512, 3227, 412, 40889, 40776, 3309, 3669, 9298, 638, 146, 41, 2661, 46617], 'vol_cnt': [13499, 16792, 43541, 6048, 52112, 131345, 19095, 37386, 381684, 27883, 1249766, 49431, 34274, 237512, 181497, 52571, 220946, 110705, 22729, 8075, 5673, 35969, 380577], 'deal_power': [182.62, 173.66, 156.47, 56.49, 138.5, 59.61, 117.58, 92.84, 103.77, 32.92, 80.61, 173.02, 77.95, 238.62, 400.48, 183.36, 118.54, 211.2, 146.53, 73.01, 89.73, 228.59, 167.54]}
{'stock_no': ['024110', '036490'], 'deal_power': [400.48, 363.33]}
buy_able_money < market_in_pro
0
timer600틱 끝 timer1 재시작
timer600틱 시작 timer1 중지
-----
10분에 한번씩 클럭 발생::체결강도 전송 실행시간 : 11:49:59
계좌평가잔고내역요청 전송
000120;000810;001040;002380;002790;003670;004800;004990;005380;006280;008560;009540;017670;018880;024110;034730;035250;035420;069960;078340;097950;139480;316140;
23
{'stock_no': ['000120', '000810', '001040', '002380', '002790', '003670', '004800', '004990', '005380', '006280', '008560', '009540', '017670', '018880', '024110', '034730', '035250', '035420', '069960', '078340', '097950', '139480', '316140'], 'stock_name': ['CJ대한통운', '삼성화재', 'CJ', 'KCC', '아모레G', '포스코케미칼', '효성', '롯데지주', '현대차', '녹십자', '메리츠종금증권', '한국조선해양', 'SK텔레콤', '한온시스템', '기업은행', 'SK', '강원랜드', 'NAVER', '현대백화점', '컴투스', 'CJ제일제당', '이마트', '우리금융지주'], 'market_in_price': [134500, 272500, 103000, 278500, 66700, 55600, 75500, 44750, 142500, 127000, 5600, 123500, 262000, 11750, 14150, 239000, 31050, 120500, 81500, 104800, 301000, 144500, 14100], 'myhave_cnt': [8, 5, 14, 4, 17, 21, 15, 33, 10, 9, 266, 12, 5, 100, 84, 6, 48, 9, 14, 14, 4, 8, 84], 'run_price': [134500, 262000, 98600, 260500, 64200, 51200, 72800, 40700, 138000, 113000, 5330, 116000, 256500, 11550, 13700, 224500, 29850, 117500, 79900, 96900, 286000, 142000, 13700], 'sell_price': [134500, 262000, 98600, 261000, 64200, 51300, 72900, 40750, 138000, 113500, 5330, 116000, 257000, 11600, 13750, 224500, 29850, 117500, 80000, 97000, 286500, 142000, 13750], 'sell_cnt': [1425, 4231, 98, 147, 580, 1490, 222, 1859, 9032, 933, 12777, 8316, 3204, 56119, 50544, 2663, 580, 3493, 1322, 110, 170, 4709, 42840], 'buy_price': [134000, 261500, 98500, 260500, 64100, 51200, 72800, 40700, 137500, 113000, 5320, 115500, 256500, 11550, 13700, 224000, 29800, 117000, 79900, 96900, 286000, 141500, 13700], 'buy_cnt': [1597, 5219, 142, 63, 429, 2975, 131, 1299, 17278, 692, 36353, 4881, 364, 5562, 43173, 886, 4025, 11241, 646, 22, 217, 3695, 56829], 'vol_cnt': [13998, 17094, 44349, 6352, 53957, 135976, 19975, 38146, 438479, 34453, 1306537, 50400, 35437, 278824, 188850, 56494, 245247, 113593, 23190, 8557, 6022, 36758, 392508], 'deal_power': [189.37, 173.77, 159.5, 54.35, 146.58, 63.62, 110.94, 93.83, 122.82, 28.08, 86.05, 173.12, 74.64, 153.71, 401.89, 196.65, 132.54, 216.18, 144.28, 69.29, 95.89, 230.63, 160.87]}
{'stock_no': ['024110', '036490'], 'deal_power': [401.89, 364.84]}
buy_able_money < market_in_pro
0
timer600틱 끝 timer1 재시작
timer600틱 시작 timer1 중지
-----
10분에 한번씩 클럭 발생::체결강도 전송 실행시간 : 11:59:59
계좌평가잔고내역요청 전송
000120;000810;001040;002380;002790;003670;004800;004990;005380;006280;008560;009540;017670;018880;024110;034730;035250;035420;069960;078340;097950;139480;316140;
23
{'stock_no': ['000120', '000810', '001040', '002380', '002790', '003670', '004800', '004990', '005380', '006280', '008560', '009540', '017670', '018880', '024110', '034730', '035250', '035420', '069960', '078340', '097950', '139480', '316140'], 'stock_name': ['CJ대한통운', '삼성화재', 'CJ', 'KCC', '아모레G', '포스코케미칼', '효성', '롯데지주', '현대차', '녹십자', '메리츠종금증권', '한국조선해양', 'SK텔레콤', '한온시스템', '기업은행', 'SK', '강원랜드', 'NAVER', '현대백화점', '컴투스', 'CJ제일제당', '이마트', '우리금융지주'], 'market_in_price': [134500, 272500, 103000, 278500, 66700, 55600, 75500, 44750, 142500, 127000, 5600, 123500, 262000, 11750, 14150, 239000, 31050, 120500, 81500, 104800, 301000, 144500, 14100], 'myhave_cnt': [8, 5, 14, 4, 17, 21, 15, 33, 10, 9, 266, 12, 5, 100, 84, 6, 48, 9, 14, 14, 4, 8, 84], 'run_price': [134500, 262000, 98700, 261500, 64200, 51500, 73100, 40700, 137500, 113500, 5320, 116000, 256500, 11550, 13750, 224000, 29850, 118000, 80000, 97000, 286500, 142500, 13750], 'sell_price': [134500, 262000, 98700, 262000, 64200, 51500, 73100, 40750, 138000, 114000, 5330, 116000, 257000, 11600, 13750, 224500, 29900, 118000, 80000, 97100, 287000, 142500, 13750], 'sell_cnt': [1142, 4075, 153, 258, 269, 2799, 201, 1127, 3158, 1343, 26620, 8512, 3004, 55393, 46956, 62, 5809, 7582, 744, 249, 545, 4989, 26735], 'buy_price': [134000, 261500, 98600, 261500, 64100, 51400, 73000, 40700, 137500, 113500, 5320, 115500, 256500, 11550, 13700, 224000, 29850, 117500, 79900, 97000, 286500, 142000, 13700], 'buy_cnt': [1804, 6049, 242, 17, 749, 1369, 52, 3577, 10627, 55, 44489, 1689, 1274, 10748, 42885, 3510, 1741, 5246, 1219, 71, 120, 857, 130057], 'vol_cnt': [14497, 17482, 45401, 6840, 56889, 141064, 21110, 39876, 476710, 37515, 1324505, 56690, 37292, 288049, 199268, 58924, 252932, 119381, 24027, 8874, 6398, 43405, 418546], 'deal_power': [195.28, 173.18, 160.27, 59.02, 141.16, 67.84, 110.25, 100.04, 116.71, 29.26, 85.84, 144.29, 71.66, 143.71, 373.68, 205.42, 131.37, 227.13, 147.64, 70.9, 101.93, 238.77, 167.3]}
{'stock_no': ['024110', '036490', '004370', '161390'], 'deal_power': [373.68, 367.97, 351.95, 294.62]}
buy_able_money < market_in_pro
0
buy_able_money < market_in_pro
0
buy_able_money < market_in_pro
0
timer600틱 끝 timer1 재시작
timer600틱 시작 timer1 중지
-----
10분에 한번씩 클럭 발생::체결강도 전송 실행시간 : 12:09:59
계좌평가잔고내역요청 전송
000120;000810;001040;002380;002790;003670;004800;004990;005380;006280;008560;009540;017670;018880;024110;034730;035250;035420;069960;078340;097950;139480;316140;
23
{'stock_no': ['000120', '000810', '001040', '002380', '002790', '003670', '004800', '004990', '005380', '006280', '008560', '009540', '017670', '018880', '024110', '034730', '035250', '035420', '069960', '078340', '097950', '139480', '316140'], 'stock_name': ['CJ대한통운', '삼성화재', 'CJ', 'KCC', '아모레G', '포스코케미칼', '효성', '롯데지주', '현대차', '녹십자', '메리츠종금증권', '한국조선해양', 'SK텔레콤', '한온시스템', '기업은행', 'SK', '강원랜드', 'NAVER', '현대백화점', '컴투스', 'CJ제일제당', '이마트', '우리금융지주'], 'market_in_price': [134500, 272500, 103000, 278500, 66700, 55600, 75500, 44750, 142500, 127000, 5600, 123500, 262000, 11750, 14150, 239000, 31050, 120500, 81500, 104800, 301000, 144500, 14100], 'myhave_cnt': [8, 5, 14, 4, 17, 21, 15, 33, 10, 9, 266, 12, 5, 100, 84, 6, 48, 9, 14, 14, 4, 8, 84], 'run_price': [135000, 261500, 98700, 261000, 64000, 51400, 72900, 40800, 138500, 114000, 5320, 116000, 256000, 11600, 13750, 224500, 29800, 118000, 79900, 96800, 286500, 142000, 13750], 'sell_price': [135000, 262000, 98700, 261500, 64100, 51400, 72900, 40850, 138500, 115000, 5330, 116000, 256500, 11600, 13750, 224500, 29850, 118000, 80000, 96900, 287000, 142500, 13750], 'sell_cnt': [2907, 4040, 599, 13, 796, 1726, 51, 1920, 14652, 1517, 29748, 6999, 2142, 57152, 47306, 205, 601, 7860, 437, 7, 531, 5252, 20318], 'buy_price': [134500, 261500, 98600, 261000, 64000, 51300, 72800, 40800, 138000, 114000, 5320, 115500, 256000, 11550, 13700, 224000, 29800, 117500, 79900, 96800, 286500, 142000, 13700], 'buy_cnt': [343, 6393, 102, 106, 267, 298, 236, 1198, 13332, 653, 54820, 1687, 1979, 24939, 48127, 4004, 2110, 10322, 1079, 37, 278, 669, 97286], 'vol_cnt': [16307, 17888, 45969, 7086, 58196, 145186, 21912, 43305, 484659, 41073, 1349013, 59792, 38949, 293878, 203234, 61756, 262931, 121044, 24764, 9131, 6547, 44371, 436832], 'deal_power': [207.91, 169.73, 159.7, 57.45, 138.83, 66.12, 104.48, 106.98, 117.26, 41.29, 87.59, 135.49, 67.3, 141.72, 362.04, 203.4, 128.27, 229.1, 146.61, 68.5, 101.16, 229.92, 169.08]}
{'stock_no': ['036490', '024110', '004370'], 'deal_power': [385.2, 362.04, 333.49]}
buy_able_money < market_in_pro
0
buy_able_money < market_in_pro
0
timer600틱 끝 timer1 재시작
timer600틱 시작 timer1 중지
-----
10분에 한번씩 클럭 발생::체결강도 전송 실행시간 : 12:19:59
계좌평가잔고내역요청 전송
000120;000810;001040;002380;002790;003670;004800;004990;005380;006280;008560;009540;017670;018880;024110;034730;035250;035420;069960;078340;097950;139480;316140;
23
{'stock_no': ['000120', '000810', '001040', '002380', '002790', '003670', '004800', '004990', '005380', '006280', '008560', '009540', '017670', '018880', '024110', '034730', '035250', '035420', '069960', '078340', '097950', '139480', '316140'], 'stock_name': ['CJ대한통운', '삼성화재', 'CJ', 'KCC', '아모레G', '포스코케미칼', '효성', '롯데지주', '현대차', '녹십자', '메리츠종금증권', '한국조선해양', 'SK텔레콤', '한온시스템', '기업은행', 'SK', '강원랜드', 'NAVER', '현대백화점', '컴투스', 'CJ제일제당', '이마트', '우리금융지주'], 'market_in_price': [134500, 272500, 103000, 278500, 66700, 55600, 75500, 44750, 142500, 127000, 5600, 123500, 262000, 11750, 14150, 239000, 31050, 120500, 81500, 104800, 301000, 144500, 14100], 'myhave_cnt': [8, 5, 14, 4, 17, 21, 15, 33, 10, 9, 266, 12, 5, 100, 84, 6, 48, 9, 14, 14, 4, 8, 84], 'run_price': [135000, 261500, 98600, 260500, 63900, 51400, 72700, 40800, 138000, 113500, 5330, 116000, 256500, 11600, 13700, 224000, 29800, 118000, 79600, 96900, 286500, 142000, 13700], 'sell_price': [135000, 262000, 98600, 261500, 63900, 51400, 72800, 40850, 138000, 114000, 5330, 116000, 257000, 11600, 13750, 224500, 29850, 118000, 79700, 96900, 287000, 142000, 13750], 'sell_cnt': [3412, 3971, 39, 406, 429, 2170, 301, 2149, 4072, 452, 28126, 3849, 1104, 56499, 48294, 384, 342, 8526, 282, 90, 471, 989, 23855], 'buy_price': [134500, 261500, 98500, 260500, 63800, 51300, 72700, 40800, 137500, 113500, 5320, 115500, 256500, 11550, 13700, 224000, 29800, 117500, 79600, 96800, 286500, 141500, 13700], 'buy_cnt': [83, 6358, 192, 116, 1330, 268, 142, 1127, 14451, 2180, 59250, 5699, 63, 23434, 47178, 4071, 1683, 9777, 126, 5, 57, 4702, 94031], 'vol_cnt': [17302, 18129, 46517, 7362, 59107, 148165, 22575, 44222, 504654, 41722, 1380286, 63537, 43259, 301450, 207737, 62513, 270002, 123744, 26716, 9458, 7010, 45650, 445129], 'deal_power': [188.73, 168.43, 157.07, 56.41, 136.95, 66.49, 100.59, 107.27, 112.57, 41.25, 89.29, 149.41, 80.93, 140.47, 355.87, 203.57, 128.42, 223.05, 131.3, 67.13, 93.66, 217.56, 166.05]}
{'stock_no': ['036490', '024110', '004370'], 'deal_power': [381.35, 355.87, 320.72]}
buy_able_money < market_in_pro
0
buy_able_money < market_in_pro
0
timer600틱 끝 timer1 재시작
timer600틱 시작 timer1 중지
-----
10분에 한번씩 클럭 발생::체결강도 전송 실행시간 : 12:29:59
계좌평가잔고내역요청 전송
000120;000810;001040;002380;002790;003670;004800;004990;005380;006280;008560;009540;017670;018880;024110;034730;035250;035420;069960;078340;097950;139480;316140;
23
{'stock_no': ['000120', '000810', '001040', '002380', '002790', '003670', '004800', '004990', '005380', '006280', '008560', '009540', '017670', '018880', '024110', '034730', '035250', '035420', '069960', '078340', '097950', '139480', '316140'], 'stock_name': ['CJ대한통운', '삼성화재', 'CJ', 'KCC', '아모레G', '포스코케미칼', '효성', '롯데지주', '현대차', '녹십자', '메리츠종금증권', '한국조선해양', 'SK텔레콤', '한온시스템', '기업은행', 'SK', '강원랜드', 'NAVER', '현대백화점', '컴투스', 'CJ제일제당', '이마트', '우리금융지주'], 'market_in_price': [134500, 272500, 103000, 278500, 66700, 55600, 75500, 44750, 142500, 127000, 5600, 123500, 262000, 11750, 14150, 239000, 31050, 120500, 81500, 104800, 301000, 144500, 14100], 'myhave_cnt': [8, 5, 14, 4, 17, 21, 15, 33, 10, 9, 266, 12, 5, 100, 84, 6, 48, 9, 14, 14, 4, 8, 84], 'run_price': [134500, 262000, 98600, 260500, 63800, 51200, 72700, 40750, 138000, 114500, 5320, 116500, 256500, 11600, 13700, 224500, 29750, 118000, 79700, 96900, 286000, 142000, 13700], 'sell_price': [134500, 262000, 98600, 261000, 63800, 51200, 72700, 40750, 138000, 114500, 5330, 116500, 256500, 11600, 13750, 224500, 29800, 118000, 79700, 97000, 286500, 142000, 13750], 'sell_cnt': [753, 3596, 106, 19, 1331, 1653, 360, 898, 6301, 1111, 29737, 6881, 809, 51710, 47487, 320, 349, 8869, 110, 390, 239, 2024, 33718], 'buy_price': [134000, 261500, 98500, 260500, 63700, 51100, 72600, 40700, 137500, 114000, 5320, 116000, 256000, 11550, 13700, 224000, 29750, 117500, 79600, 96900, 286000, 141500, 13700], 'buy_cnt': [1071, 6084, 224, 10, 1450, 2504, 575, 1081, 15079, 656, 57331, 2245, 3197, 21668, 46911, 3209, 3192, 9227, 952, 237, 1, 3901, 67204], 'vol_cnt': [17774, 18622, 46704, 7617, 60678, 152462, 23433, 46922, 506336, 42399, 1404210, 68417, 44204, 319947, 213409, 63364, 277813, 125979, 27854, 9682, 7470, 46166, 459510], 'deal_power': [188.89, 165.89, 157.95, 54.75, 131.51, 64.46, 99.69, 98.89, 112.78, 43.55, 90.51, 165.94, 80.65, 134.18, 345.49, 204.57, 128.15, 216.7, 131.5, 68.35, 87.51, 220.33, 157.66]}
{'stock_no': ['036490', '024110', '004370'], 'deal_power': [380.22, 345.49, 323.37]}
buy_able_money < market_in_pro
0
buy_able_money < market_in_pro
0
timer600틱 끝 timer1 재시작
timer600틱 시작 timer1 중지
-----
10분에 한번씩 클럭 발생::체결강도 전송 실행시간 : 12:39:59
계좌평가잔고내역요청 전송
000120;000810;001040;002380;002790;003670;004800;004990;005380;006280;008560;009540;017670;018880;024110;034730;035250;035420;069960;078340;097950;139480;316140;
23
{'stock_no': ['000120', '000810', '001040', '002380', '002790', '003670', '004800', '004990', '005380', '006280', '008560', '009540', '017670', '018880', '024110', '034730', '035250', '035420', '069960', '078340', '097950', '139480', '316140'], 'stock_name': ['CJ대한통운', '삼성화재', 'CJ', 'KCC', '아모레G', '포스코케미칼', '효성', '롯데지주', '현대차', '녹십자', '메리츠종금증권', '한국조선해양', 'SK텔레콤', '한온시스템', '기업은행', 'SK', '강원랜드', 'NAVER', '현대백화점', '컴투스', 'CJ제일제당', '이마트', '우리금융지주'], 'market_in_price': [134500, 272500, 103000, 278500, 66700, 55600, 75500, 44750, 142500, 127000, 5600, 123500, 262000, 11750, 14150, 239000, 31050, 120500, 81500, 104800, 301000, 144500, 14100], 'myhave_cnt': [8, 5, 14, 4, 17, 21, 15, 33, 10, 9, 266, 12, 5, 100, 84, 6, 48, 9, 14, 14, 4, 8, 84], 'run_price': [134500, 261500, 98600, 261000, 63800, 51200, 72500, 40700, 138500, 114500, 5330, 116500, 256500, 11600, 13700, 224000, 29850, 118000, 79600, 96900, 285000, 142000, 13700], 'sell_price': [134500, 262000, 98600, 261500, 63800, 51300, 72600, 40750, 138500, 114500, 5330, 116500, 256500, 11600, 13750, 224500, 29850, 118000, 79700, 97000, 285500, 142000, 13750], 'sell_cnt': [667, 3873, 1548, 17, 2201, 441, 42, 1055, 9515, 1047, 34280, 7062, 1401, 48612, 45810, 1786, 835, 10438, 204, 386, 95, 1941, 37700], 'buy_price': [134000, 261500, 98500, 261000, 63700, 51200, 72500, 40700, 138000, 114000, 5320, 116000, 256000, 11550, 13700, 224000, 29800, 117500, 79600, 96900, 285000, 141500, 13700], 'buy_cnt': [1103, 6503, 76, 78, 385, 2571, 307, 914, 5609, 641, 56427, 2133, 2861, 13994, 49044, 2268, 2030, 8771, 919, 119, 104, 4028, 62326], 'vol_cnt': [18062, 19051, 47519, 7954, 62361, 156714, 25223, 47610, 523068, 42512, 1434921, 69439, 45284, 336050, 218005, 64344, 292643, 127934, 28189, 10293, 7859, 46606, 469631], 'deal_power': [191.88, 162.51, 154.07, 53.84, 126.55, 67.99, 92.89, 99.26, 111.81, 43.84, 89.8, 168.17, 80.68, 132.48, 341.52, 206.88, 126.42, 212.34, 130.92, 67.84, 81.34, 223.33, 152.2]}
{'stock_no': ['036490', '024110', '004370'], 'deal_power': [395.87, 341.52, 321.48]}
buy_able_money < market_in_pro
0
buy_able_money < market_in_pro
0
timer600틱 끝 timer1 재시작
timer600틱 시작 timer1 중지
-----
10분에 한번씩 클럭 발생::체결강도 전송 실행시간 : 12:49:59
계좌평가잔고내역요청 전송
000120;000810;001040;002380;002790;003670;004800;004990;005380;006280;008560;009540;017670;018880;024110;034730;035250;035420;069960;078340;097950;139480;316140;
23
{'stock_no': ['000120', '000810', '001040', '002380', '002790', '003670', '004800', '004990', '005380', '006280', '008560', '009540', '017670', '018880', '024110', '034730', '035250', '035420', '069960', '078340', '097950', '139480', '316140'], 'stock_name': ['CJ대한통운', '삼성화재', 'CJ', 'KCC', '아모레G', '포스코케미칼', '효성', '롯데지주', '현대차', '녹십자', '메리츠종금증권', '한국조선해양', 'SK텔레콤', '한온시스템', '기업은행', 'SK', '강원랜드', 'NAVER', '현대백화점', '컴투스', 'CJ제일제당', '이마트', '우리금융지주'], 'market_in_price': [134500, 272500, 103000, 278500, 66700, 55600, 75500, 44750, 142500, 127000, 5600, 123500, 262000, 11750, 14150, 239000, 31050, 120500, 81500, 104800, 301000, 144500, 14100], 'myhave_cnt': [8, 5, 14, 4, 17, 21, 15, 33, 10, 9, 266, 12, 5, 100, 84, 6, 48, 9, 14, 14, 4, 8, 84], 'run_price': [134500, 262000, 98400, 261000, 63800, 51300, 72800, 40700, 138000, 114000, 5330, 116000, 256000, 11600, 13750, 223500, 29850, 118000, 79600, 96900, 284500, 142000, 13700], 'sell_price': [134500, 262000, 98400, 261500, 63800, 51300, 73000, 40700, 138500, 114500, 5330, 116000, 256500, 11600, 13750, 224000, 29900, 118000, 79700, 96900, 285000, 142000, 13750], 'sell_cnt': [1104, 3972, 1140, 115, 2446, 624, 224, 40, 10726, 1274, 37406, 3243, 1459, 53839, 47804, 2483, 2478, 9942, 394, 97, 94, 1908, 41847], 'buy_price': [134000, 261500, 98300, 261000, 63700, 51200, 72800, 40650, 138000, 114000, 5320, 115500, 256000, 11550, 13700, 223500, 29850, 117500, 79600, 96800, 284500, 141500, 13700], 'buy_cnt': [1250, 6532, 84, 30, 557, 2265, 402, 1318, 13225, 240, 57376, 4673, 642, 8118, 45272, 3102, 355, 6865, 925, 27, 431, 4388, 62676], 'vol_cnt': [18413, 19307, 47987, 8243, 63045, 158753, 26268, 50409, 525224, 42724, 1451080, 72186, 46748, 350854, 223418, 67668, 315340, 132993, 28474, 10643, 8239, 46981, 489854], 'deal_power': [195.76, 164.34, 151.98, 54.33, 126.23, 68.09, 94.1, 93.02, 112.22, 43.63, 89.92, 157.72, 79.55, 127.21, 339.99, 185.19, 119.72, 201.51, 130.44, 66.31, 77.45, 225.69, 156.08]}
{'stock_no': ['036490', '024110', '004370'], 'deal_power': [410.34, 339.99, 321.48]}
buy_able_money < market_in_pro
0
buy_able_money < market_in_pro
0
timer600틱 끝 timer1 재시작
timer600틱 시작 timer1 중지
-----
10분에 한번씩 클럭 발생::체결강도 전송 실행시간 : 12:59:59
계좌평가잔고내역요청 전송
000120;000810;001040;002380;002790;003670;004800;004990;005380;006280;008560;009540;017670;018880;024110;034730;035250;035420;069960;078340;097950;139480;316140;
23
{'stock_no': ['000120', '000810', '001040', '002380', '002790', '003670', '004800', '004990', '005380', '006280', '008560', '009540', '017670', '018880', '024110', '034730', '035250', '035420', '069960', '078340', '097950', '139480', '316140'], 'stock_name': ['CJ대한통운', '삼성화재', 'CJ', 'KCC', '아모레G', '포스코케미칼', '효성', '롯데지주', '현대차', '녹십자', '메리츠종금증권', '한국조선해양', 'SK텔레콤', '한온시스템', '기업은행', 'SK', '강원랜드', 'NAVER', '현대백화점', '컴투스', 'CJ제일제당', '이마트', '우리금융지주'], 'market_in_price': [134500, 272500, 103000, 278500, 66700, 55600, 75500, 44750, 142500, 127000, 5600, 123500, 262000, 11750, 14150, 239000, 31050, 120500, 81500, 104800, 301000, 144500, 14100], 'myhave_cnt': [8, 5, 14, 4, 17, 21, 15, 33, 10, 9, 266, 12, 5, 100, 84, 6, 48, 9, 14, 14, 4, 8, 84], 'run_price': [134500, 261500, 98200, 260000, 63600, 51300, 72800, 40600, 138500, 114500, 5290, 116000, 255500, 11550, 13750, 223500, 29850, 118000, 79800, 96800, 284500, 142000, 13750], 'sell_price': [134500, 262000, 98200, 260500, 63700, 51400, 72900, 40650, 138500, 114500, 5300, 116000, 256000, 11600, 13750, 224000, 29900, 118000, 79800, 96900, 285000, 142000, 13750], 'sell_cnt': [1152, 4234, 57, 3, 3342, 1414, 92, 1257, 16022, 1318, 32032, 2781, 1327, 52764, 52858, 5817, 2536, 11425, 306, 145, 217, 4175, 44090], 'buy_price': [134000, 261500, 98100, 260000, 63600, 51300, 72800, 40600, 138000, 114000, 5290, 115500, 255500, 11550, 13700, 223500, 29850, 117500, 79700, 96800, 284500, 141500, 13700], 'buy_cnt': [1161, 5260, 190, 308, 440, 1216, 939, 1750, 15626, 448, 19273, 5918, 2401, 18151, 53883, 3136, 1710, 6973, 309, 123, 217, 4435, 46474], 'vol_cnt': [18778, 21347, 48417, 8582, 64274, 162270, 27437, 52585, 527853, 42827, 1563781, 74266, 48417, 360901, 228316, 68289, 321742, 134880, 31112, 10942, 8738, 47368, 499456], 'deal_power': [199.87, 136.84, 150.81, 53.57, 123.93, 70.46, 95.51, 89.86, 112.65, 43.61, 80.6, 164.02, 77.36, 126.55, 336.62, 184.68, 118.66, 199.8, 127.07, 66.05, 77.45, 228.04, 152.55]}
{'stock_no': ['036490', '024110', '004370'], 'deal_power': [370.41, 336.62, 306.04]}
buy_able_money < market_in_pro
0
buy_able_money < market_in_pro
0
timer600틱 끝 timer1 재시작
timer600틱 시작 timer1 중지
-----
10분에 한번씩 클럭 발생::체결강도 전송 실행시간 : 13:09:59
계좌평가잔고내역요청 전송
000120;000810;001040;002380;002790;003670;004800;004990;005380;006280;008560;009540;017670;018880;024110;034730;035250;035420;069960;078340;097950;139480;316140;
23
{'stock_no': ['000120', '000810', '001040', '002380', '002790', '003670', '004800', '004990', '005380', '006280', '008560', '009540', '017670', '018880', '024110', '034730', '035250', '035420', '069960', '078340', '097950', '139480', '316140'], 'stock_name': ['CJ대한통운', '삼성화재', 'CJ', 'KCC', '아모레G', '포스코케미칼', '효성', '롯데지주', '현대차', '녹십자', '메리츠종금증권', '한국조선해양', 'SK텔레콤', '한온시스템', '기업은행', 'SK', '강원랜드', 'NAVER', '현대백화점', '컴투스', 'CJ제일제당', '이마트', '우리금융지주'], 'market_in_price': [134500, 272500, 103000, 278500, 66700, 55600, 75500, 44750, 142500, 127000, 5600, 123500, 262000, 11750, 14150, 239000, 31050, 120500, 81500, 104800, 301000, 144500, 14100], 'myhave_cnt': [8, 5, 14, 4, 17, 21, 15, 33, 10, 9, 266, 12, 5, 100, 84, 6, 48, 9, 14, 14, 4, 8, 84], 'run_price': [134500, 261500, 98300, 260500, 63500, 51400, 72900, 40600, 138000, 114000, 5320, 116000, 256000, 11550, 13750, 224000, 29800, 117500, 79800, 96800, 284500, 142000, 13750], 'sell_price': [134500, 262000, 98300, 261000, 63500, 51400, 72900, 40650, 138500, 114500, 5320, 116000, 256500, 11600, 13750, 224000, 29850, 118000, 79800, 96900, 285000, 142000, 13750], 'sell_cnt': [1157, 4388, 731, 130, 3125, 3197, 268, 1289, 18426, 1369, 34036, 4202, 1239, 57452, 64768, 3453, 610, 14802, 185, 33, 294, 6531, 34726], 'buy_price': [134000, 261500, 98200, 260500, 63400, 51300, 72800, 40600, 138000, 114000, 5310, 115500, 256000, 11550, 13700, 223500, 29800, 117500, 79700, 96800, 284500, 141500, 13700], 'buy_cnt': [1286, 5933, 133, 38, 617, 773, 880, 1054, 18676, 1307, 20120, 7148, 1272, 23703, 52767, 6751, 1115, 7230, 313, 40, 310, 5384, 38064], 'vol_cnt': [19172, 22198, 48922, 8833, 65964, 164647, 27965, 53927, 529824, 42977, 1599060, 75402, 51316, 366177, 235897, 69475, 332642, 136763, 31627, 11394, 9041, 47858, 521124], 'deal_power': [204.3, 136.13, 153.08, 53.42, 119.82, 69.99, 95.2, 88.58, 113.1, 44.06, 83.39, 165.57, 84.34, 124.75, 334.97, 182.17, 116.7, 196.86, 128.0, 64.98, 76.08, 229.76, 151.43]}
{'stock_no': ['036490', '024110', '004370'], 'deal_power': [347.55, 334.97, 304.17]}
buy_able_money < market_in_pro
0
buy_able_money < market_in_pro
0
timer600틱 끝 timer1 재시작
timer600틱 시작 timer1 중지
-----
10분에 한번씩 클럭 발생::체결강도 전송 실행시간 : 13:19:59
계좌평가잔고내역요청 전송
000120;000810;001040;002380;002790;003670;004800;004990;005380;006280;008560;009540;017670;018880;024110;034730;035250;035420;069960;078340;097950;139480;316140;
23
{'stock_no': ['000120', '000810', '001040', '002380', '002790', '003670', '004800', '004990', '005380', '006280', '008560', '009540', '017670', '018880', '024110', '034730', '035250', '035420', '069960', '078340', '097950', '139480', '316140'], 'stock_name': ['CJ대한통운', '삼성화재', 'CJ', 'KCC', '아모레G', '포스코케미칼', '효성', '롯데지주', '현대차', '녹십자', '메리츠종금증권', '한국조선해양', 'SK텔레콤', '한온시스템', '기업은행', 'SK', '강원랜드', 'NAVER', '현대백화점', '컴투스', 'CJ제일제당', '이마트', '우리금융지주'], 'market_in_price': [134500, 272500, 103000, 278500, 66700, 55600, 75500, 44750, 142500, 127000, 5600, 123500, 262000, 11750, 14150, 239000, 31050, 120500, 81500, 104800, 301000, 144500, 14100], 'myhave_cnt': [8, 5, 14, 4, 17, 21, 15, 33, 10, 9, 266, 12, 5, 100, 84, 6, 48, 9, 14, 14, 4, 8, 84], 'run_price': [134500, 261500, 98300, 261000, 63500, 51200, 72800, 40700, 139000, 114000, 5310, 116000, 256500, 11600, 13750, 224000, 29800, 118000, 79700, 97300, 284500, 142000, 13700], 'sell_price': [134500, 262000, 98300, 261500, 63500, 51300, 72900, 40700, 139000, 114500, 5320, 116000, 256500, 11600, 13750, 224500, 29850, 118000, 79800, 97300, 285000, 142000, 13750], 'sell_cnt': [916, 4417, 241, 54, 2641, 1894, 235, 1295, 23001, 1562, 31893, 2359, 1815, 61245, 72004, 3245, 337, 11363, 230, 52, 324, 6724, 32506], 'buy_price': [134000, 261500, 98200, 261000, 63400, 51200, 72800, 40650, 138500, 114000, 5310, 115500, 256000, 11550, 13700, 224000, 29800, 117500, 79700, 97200, 284500, 141500, 13700], 'buy_cnt': [1474, 6406, 118, 2, 1370, 2146, 595, 3292, 16326, 1933, 32496, 5843, 1740, 22149, 53879, 1849, 2266, 8368, 134, 83, 281, 2830, 48280], 'vol_cnt': [19655, 23145, 49828, 9299, 66737, 167625, 28832, 57326, 555366, 43055, 1618617, 82479, 52467, 375199, 242599, 74397, 339018, 142145, 32472, 13187, 9369, 48370, 535668], 'deal_power': [210.87, 134.24, 155.25, 55.61, 119.71, 68.75, 92.89, 88.68, 122.97, 44.29, 82.23, 167.15, 84.24, 125.13, 335.73, 188.66, 117.6, 202.33, 126.88, 80.54, 74.66, 231.0, 152.16]}
{'stock_no': ['036490', '024110', '004370'], 'deal_power': [335.86, 335.73, 304.27]}
buy_able_money < market_in_pro
0
buy_able_money < market_in_pro
0
timer600틱 끝 timer1 재시작
timer600틱 시작 timer1 중지
-----
10분에 한번씩 클럭 발생::체결강도 전송 실행시간 : 13:29:59
계좌평가잔고내역요청 전송
000120;000810;001040;002380;002790;003670;004800;004990;005380;006280;008560;009540;017670;018880;024110;034730;035250;035420;069960;078340;097950;139480;316140;
23
{'stock_no': ['000120', '000810', '001040', '002380', '002790', '003670', '004800', '004990', '005380', '006280', '008560', '009540', '017670', '018880', '024110', '034730', '035250', '035420', '069960', '078340', '097950', '139480', '316140'], 'stock_name': ['CJ대한통운', '삼성화재', 'CJ', 'KCC', '아모레G', '포스코케미칼', '효성', '롯데지주', '현대차', '녹십자', '메리츠종금증권', '한국조선해양', 'SK텔레콤', '한온시스템', '기업은행', 'SK', '강원랜드', 'NAVER', '현대백화점', '컴투스', 'CJ제일제당', '이마트', '우리금융지주'], 'market_in_price': [134500, 272500, 103000, 278500, 66700, 55600, 75500, 44750, 142500, 127000, 5600, 123500, 262000, 11750, 14150, 239000, 31050, 120500, 81500, 104800, 301000, 144500, 14100], 'myhave_cnt': [8, 5, 14, 4, 17, 21, 15, 33, 10, 9, 266, 12, 5, 100, 84, 6, 48, 9, 14, 14, 4, 8, 84], 'run_price': [134500, 261500, 98300, 261500, 63400, 51100, 72800, 40700, 139500, 115500, 5310, 116000, 256500, 11550, 13700, 225000, 29850, 118000, 79700, 97300, 284500, 142000, 13750], 'sell_price': [134500, 262000, 98300, 261500, 63500, 51200, 72900, 40750, 139500, 115500, 5320, 116000, 256500, 11600, 13750, 225000, 29850, 118000, 79800, 97300, 285000, 142000, 13750], 'sell_cnt': [444, 4442, 42, 48, 2920, 1027, 180, 405, 18817, 1025, 37169, 7087, 1988, 52850, 68592, 2702, 616, 9963, 232, 1, 361, 5961, 32317], 'buy_price': [134000, 261500, 98200, 261000, 63400, 51100, 72800, 40700, 139000, 115000, 5310, 115500, 256000, 11550, 13700, 224500, 29800, 117500, 79700, 97200, 284500, 141500, 13700], 'buy_cnt': [1248, 6084, 79, 186, 1136, 2455, 865, 1774, 7064, 69, 36585, 4877, 1571, 13581, 52774, 564, 2057, 9926, 287, 1, 291, 3014, 45053], 'vol_cnt': [20880, 23743, 50660, 9570, 67275, 172000, 29903, 59973, 579853, 46508, 1643627, 82939, 53889, 395147, 249392, 78868, 345195, 145467, 32852, 14071, 9683, 48875, 547047], 'deal_power': [223.76, 129.5, 155.39, 55.28, 120.48, 68.31, 93.6, 93.86, 132.55, 55.45, 81.17, 166.59, 84.22, 120.13, 331.42, 197.08, 117.72, 202.52, 126.82, 80.44, 72.48, 232.08, 148.82]}
{'stock_no': ['024110', '036490', '004370'], 'deal_power': [331.42, 328.2, 306.18]}
buy_able_money < market_in_pro
0
buy_able_money < market_in_pro
0
timer600틱 끝 timer1 재시작
timer600틱 시작 timer1 중지
-----
10분에 한번씩 클럭 발생::체결강도 전송 실행시간 : 13:39:59
계좌평가잔고내역요청 전송
000120;000810;001040;002380;002790;003670;004800;004990;005380;006280;008560;009540;017670;018880;024110;034730;035250;035420;069960;078340;097950;139480;316140;
23
{'stock_no': ['000120', '000810', '001040', '002380', '002790', '003670', '004800', '004990', '005380', '006280', '008560', '009540', '017670', '018880', '024110', '034730', '035250', '035420', '069960', '078340', '097950', '139480', '316140'], 'stock_name': ['CJ대한통운', '삼성화재', 'CJ', 'KCC', '아모레G', '포스코케미칼', '효성', '롯데지주', '현대차', '녹십자', '메리츠종금증권', '한국조선해양', 'SK텔레콤', '한온시스템', '기업은행', 'SK', '강원랜드', 'NAVER', '현대백화점', '컴투스', 'CJ제일제당', '이마트', '우리금융지주'], 'market_in_price': [134500, 272500, 103000, 278500, 66700, 55600, 75500, 44750, 142500, 127000, 5600, 123500, 262000, 11750, 14150, 239000, 31050, 120500, 81500, 104800, 301000, 144500, 14100], 'myhave_cnt': [8, 5, 14, 4, 17, 21, 15, 33, 10, 9, 266, 12, 5, 100, 84, 6, 48, 9, 14, 14, 4, 8, 84], 'run_price': [134500, 261500, 98300, 261000, 63500, 51200, 72900, 40750, 140000, 115000, 5310, 115500, 256000, 11600, 13700, 225000, 29700, 118000, 79800, 97100, 284500, 142000, 13750], 'sell_price': [134500, 262000, 98300, 261000, 63500, 51300, 72900, 40750, 140000, 115500, 5320, 115500, 256500, 11600, 13750, 225000, 29750, 118000, 79800, 97200, 285000, 142000, 13750], 'sell_cnt': [1978, 4656, 148, 30, 2824, 2438, 342, 1033, 24797, 1027, 41467, 6588, 1914, 51167, 66184, 75, 1045, 9731, 352, 70, 381, 5159, 34005], 'buy_price': [134000, 261500, 98200, 260500, 63400, 51200, 72800, 40700, 139500, 115000, 5310, 115000, 256000, 11550, 13700, 224500, 29700, 117500, 79700, 97100, 284500, 141500, 13700], 'buy_cnt': [787, 5943, 175, 129, 1101, 231, 1029, 1136, 37312, 52, 35582, 9979, 2133, 11151, 53497, 7028, 3041, 9544, 245, 12, 273, 2519, 38943], 'vol_cnt': [21364, 24160, 51832, 9883, 68199, 176225, 30896, 60981, 603678, 46651, 1663747, 88457, 55618, 402715, 255123, 81509, 352289, 148765, 33269, 14524, 10022, 50414, 561983], 'deal_power': [227.68, 127.44, 155.01, 53.74, 120.32, 67.83, 96.54, 93.53, 138.87, 55.51, 80.87, 143.98, 82.91, 118.87, 332.96, 203.01, 115.61, 203.87, 125.61, 78.85, 71.22, 229.59, 142.08]}
{'stock_no': ['024110', '036490'], 'deal_power': [332.96, 301.64]}
buy_able_money < market_in_pro
0
timer600틱 끝 timer1 재시작
timer600틱 시작 timer1 중지
-----
10분에 한번씩 클럭 발생::체결강도 전송 실행시간 : 13:49:59
계좌평가잔고내역요청 전송
000120;000810;001040;002380;002790;003670;004800;004990;005380;006280;008560;009540;017670;018880;024110;034730;035250;035420;069960;078340;097950;139480;316140;
23
{'stock_no': ['000120', '000810', '001040', '002380', '002790', '003670', '004800', '004990', '005380', '006280', '008560', '009540', '017670', '018880', '024110', '034730', '035250', '035420', '069960', '078340', '097950', '139480', '316140'], 'stock_name': ['CJ대한통운', '삼성화재', 'CJ', 'KCC', '아모레G', '포스코케미칼', '효성', '롯데지주', '현대차', '녹십자', '메리츠종금증권', '한국조선해양', 'SK텔레콤', '한온시스템', '기업은행', 'SK', '강원랜드', 'NAVER', '현대백화점', '컴투스', 'CJ제일제당', '이마트', '우리금융지주'], 'market_in_price': [134500, 272500, 103000, 278500, 66700, 55600, 75500, 44750, 142500, 127000, 5600, 123500, 262000, 11750, 14150, 239000, 31050, 120500, 81500, 104800, 301000, 144500, 14100], 'myhave_cnt': [8, 5, 14, 4, 17, 21, 15, 33, 10, 9, 266, 12, 5, 100, 84, 6, 48, 9, 14, 14, 4, 8, 84], 'run_price': [134500, 262000, 98400, 261500, 63500, 51200, 72900, 40750, 140000, 116000, 5320, 115500, 257000, 11550, 13750, 225000, 29800, 117500, 79800, 96900, 285500, 141500, 13750], 'sell_price': [134500, 262000, 98400, 261500, 63500, 51300, 72900, 40750, 140000, 116000, 5320, 115500, 257000, 11600, 13750, 225000, 29850, 118000, 79800, 97100, 285500, 142000, 13750], 'sell_cnt': [2733, 5798, 32, 23, 3200, 3547, 283, 295, 26171, 957, 39194, 6261, 2733, 56402, 64371, 130, 739, 16865, 122, 16, 58, 3917, 34691], 'buy_price': [134000, 261500, 98300, 261000, 63400, 51200, 72800, 40700, 139500, 115500, 5310, 115000, 256500, 11550, 13700, 224500, 29800, 117500, 79700, 96900, 285000, 141500, 13700], 'buy_cnt': [780, 6482, 307, 133, 1127, 618, 1084, 1557, 38236, 135, 46638, 10354, 1277, 14735, 54605, 6427, 2818, 12963, 254, 43, 314, 2915, 62223], 'vol_cnt': [21985, 24570, 52743, 10168, 69082, 178242, 31760, 62950, 611593, 47688, 1690087, 93007, 59456, 414552, 261066, 85640, 360770, 152251, 34740, 15042, 10947, 52263, 575288], 'deal_power': [225.03, 124.37, 154.46, 53.68, 120.92, 67.49, 96.44, 95.59, 141.1, 58.81, 80.67, 154.91, 89.58, 115.98, 335.2, 201.11, 117.85, 203.92, 124.78, 78.88, 78.85, 234.08, 139.47]}
{'stock_no': ['024110', '004370'], 'deal_power': [335.2, 305.92]}
buy_able_money < market_in_pro
0
timer600틱 끝 timer1 재시작
timer600틱 시작 timer1 중지
-----
10분에 한번씩 클럭 발생::체결강도 전송 실행시간 : 13:59:59
계좌평가잔고내역요청 전송
000120;000810;001040;002380;002790;003670;004800;004990;005380;006280;008560;009540;017670;018880;024110;034730;035250;035420;069960;078340;097950;139480;316140;
23
{'stock_no': ['000120', '000810', '001040', '002380', '002790', '003670', '004800', '004990', '005380', '006280', '008560', '009540', '017670', '018880', '024110', '034730', '035250', '035420', '069960', '078340', '097950', '139480', '316140'], 'stock_name': ['CJ대한통운', '삼성화재', 'CJ', 'KCC', '아모레G', '포스코케미칼', '효성', '롯데지주', '현대차', '녹십자', '메리츠종금증권', '한국조선해양', 'SK텔레콤', '한온시스템', '기업은행', 'SK', '강원랜드', 'NAVER', '현대백화점', '컴투스', 'CJ제일제당', '이마트', '우리금융지주'], 'market_in_price': [134500, 272500, 103000, 278500, 66700, 55600, 75500, 44750, 142500, 127000, 5600, 123500, 262000, 11750, 14150, 239000, 31050, 120500, 81500, 104800, 301000, 144500, 14100], 'myhave_cnt': [8, 5, 14, 4, 17, 21, 15, 33, 10, 9, 266, 12, 5, 100, 84, 6, 48, 9, 14, 14, 4, 8, 84], 'run_price': [134500, 262000, 98500, 260500, 63400, 51400, 72800, 40750, 139500, 115500, 5320, 115000, 256500, 11550, 13750, 225000, 29850, 118000, 80000, 97300, 285500, 142000, 13700], 'sell_price': [134500, 262000, 98500, 261000, 63500, 51400, 72900, 40750, 139500, 115500, 5320, 115000, 256500, 11600, 13750, 225000, 29850, 118000, 80000, 97300, 286000, 142000, 13750], 'sell_cnt': [2733, 6011, 610, 44, 3430, 2669, 610, 822, 12055, 557, 53313, 5390, 1310, 55848, 61148, 149, 357, 11067, 54, 10, 65, 4042, 11783], 'buy_price': [134000, 261500, 98400, 260500, 63400, 51300, 72800, 40700, 139000, 115000, 5310, 114500, 256000, 11550, 13700, 224500, 29800, 117500, 79900, 97200, 285500, 141500, 13700], 'buy_cnt': [697, 6853, 106, 147, 784, 1013, 774, 1236, 14152, 1214, 43533, 9781, 3053, 13788, 54383, 8505, 3110, 12963, 867, 40, 204, 2810, 90603], 'vol_cnt': [22777, 24902, 53726, 10417, 70109, 184936, 32355, 64905, 657863, 47938, 1719133, 100193, 62214, 422459, 268403, 87317, 367490, 163009, 36462, 15778, 11642, 53945, 614103], 'deal_power': [229.17, 123.3, 152.53, 52.84, 121.55, 71.11, 95.48, 97.3, 121.62, 58.61, 80.54, 131.48, 86.73, 114.06, 334.64, 201.67, 118.73, 222.26, 120.52, 79.69, 82.99, 240.2, 151.23]}
{'stock_no': ['024110', '004370'], 'deal_power': [334.64, 295.01]}
buy_able_money < market_in_pro
0
timer600틱 끝 timer1 재시작
timer600틱 시작 timer1 중지
-----
10분에 한번씩 클럭 발생::체결강도 전송 실행시간 : 14:09:59
계좌평가잔고내역요청 전송
000120;000810;001040;002380;002790;003670;004800;004990;005380;006280;008560;009540;017670;018880;024110;034730;035250;035420;069960;078340;097950;139480;316140;
23
{'stock_no': ['000120', '000810', '001040', '002380', '002790', '003670', '004800', '004990', '005380', '006280', '008560', '009540', '017670', '018880', '024110', '034730', '035250', '035420', '069960', '078340', '097950', '139480', '316140'], 'stock_name': ['CJ대한통운', '삼성화재', 'CJ', 'KCC', '아모레G', '포스코케미칼', '효성', '롯데지주', '현대차', '녹십자', '메리츠종금증권', '한국조선해양', 'SK텔레콤', '한온시스템', '기업은행', 'SK', '강원랜드', 'NAVER', '현대백화점', '컴투스', 'CJ제일제당', '이마트', '우리금융지주'], 'market_in_price': [134500, 272500, 103000, 278500, 66700, 55600, 75500, 44750, 142500, 127000, 5600, 123500, 262000, 11750, 14150, 239000, 31050, 120500, 81500, 104800, 301000, 144500, 14100], 'myhave_cnt': [8, 5, 14, 4, 17, 21, 15, 33, 10, 9, 266, 12, 5, 100, 84, 6, 48, 9, 14, 14, 4, 8, 84], 'run_price': [134500, 262000, 98300, 261500, 63400, 51400, 72900, 40750, 139000, 115500, 5310, 115000, 256500, 11550, 13700, 225000, 29800, 117500, 80000, 97300, 287000, 142000, 13750], 'sell_price': [134500, 262000, 98300, 261500, 63500, 51400, 72900, 40750, 139500, 115500, 5310, 115000, 256500, 11600, 13750, 225000, 29850, 118000, 80000, 97400, 287000, 142000, 13750], 'sell_cnt': [3277, 7667, 430, 102, 4299, 943, 844, 1683, 16005, 156, 38236, 5864, 1314, 64655, 60808, 1048, 4733, 10196, 453, 13, 126, 2940, 16666], 'buy_price': [134000, 261500, 98200, 261000, 63400, 51300, 72800, 40700, 139000, 115000, 5300, 114500, 256000, 11550, 13700, 224500, 29800, 117500, 79900, 97300, 286500, 141500, 13700], 'buy_cnt': [681, 6905, 891, 171, 825, 1837, 997, 1236, 15518, 1511, 41469, 7661, 3812, 12172, 45140, 11088, 2578, 13047, 800, 39, 145, 3198, 63656], 'vol_cnt': [23240, 26018, 54608, 10742, 71123, 189654, 33329, 66654, 660832, 48104, 1795091, 101227, 64438, 436263, 275995, 89479, 375213, 167486, 36965, 16438, 12436, 55828, 628767], 'deal_power': [227.71, 118.12, 149.25, 52.64, 121.61, 73.52, 92.88, 100.85, 121.05, 58.89, 79.18, 130.0, 88.65, 109.65, 331.99, 200.11, 119.08, 225.58, 118.96, 79.22, 86.9, 247.04, 153.1]}
{'stock_no': ['024110'], 'deal_power': [331.99]}
timer600틱 끝 timer1 재시작
timer600틱 시작 timer1 중지
-----
10분에 한번씩 클럭 발생::체결강도 전송 실행시간 : 14:19:59
계좌평가잔고내역요청 전송
000120;000810;001040;002380;002790;003670;004800;004990;005380;006280;008560;009540;017670;018880;024110;034730;035250;035420;069960;078340;097950;139480;316140;
23
{'stock_no': ['000120', '000810', '001040', '002380', '002790', '003670', '004800', '004990', '005380', '006280', '008560', '009540', '017670', '018880', '024110', '034730', '035250', '035420', '069960', '078340', '097950', '139480', '316140'], 'stock_name': ['CJ대한통운', '삼성화재', 'CJ', 'KCC', '아모레G', '포스코케미칼', '효성', '롯데지주', '현대차', '녹십자', '메리츠종금증권', '한국조선해양', 'SK텔레콤', '한온시스템', '기업은행', 'SK', '강원랜드', 'NAVER', '현대백화점', '컴투스', 'CJ제일제당', '이마트', '우리금융지주'], 'market_in_price': [134500, 272500, 103000, 278500, 66700, 55600, 75500, 44750, 142500, 127000, 5600, 123500, 262000, 11750, 14150, 239000, 31050, 120500, 81500, 104800, 301000, 144500, 14100], 'myhave_cnt': [8, 5, 14, 4, 17, 21, 15, 33, 10, 9, 266, 12, 5, 100, 84, 6, 48, 9, 14, 14, 4, 8, 84], 'run_price': [134500, 261000, 98500, 262500, 63300, 51400, 72800, 40900, 139500, 116000, 5350, 115500, 256500, 11550, 13750, 224500, 29750, 118000, 80000, 97600, 287000, 142500, 13750], 'sell_price': [134500, 261000, 98500, 263000, 63300, 51400, 72900, 40900, 140000, 116000, 5350, 115500, 256500, 11600, 13750, 224500, 29750, 118000, 80000, 97700, 287500, 142500, 13750], 'sell_cnt': [2742, 6056, 221, 17, 1556, 1134, 485, 1054, 25459, 2552, 67822, 8189, 436, 9023, 67148, 553, 1477, 13281, 654, 25, 188, 5728, 651], 'buy_price': [134000, 260500, 98400, 262500, 63200, 51300, 72800, 40850, 139500, 115500, 5340, 115000, 256000, 11550, 13700, 224000, 29700, 117500, 79900, 97600, 287000, 142000, 13700], 'buy_cnt': [678, 2054, 186, 58, 2435, 1102, 1037, 919, 13244, 273, 47955, 4552, 3927, 36250, 43569, 4106, 8247, 16459, 773, 68, 257, 2973, 63810], 'vol_cnt': [25225, 35089, 57073, 11589, 76211, 195935, 35731, 71819, 685988, 49164, 1922806, 111275, 68654, 558493, 282707, 97405, 392841, 170941, 39645, 17397, 13407, 61250, 671641], 'deal_power': [222.43, 72.07, 151.14, 56.53, 128.9, 74.59, 88.7, 108.53, 128.51, 61.19, 88.57, 150.64, 93.69, 149.38, 326.54, 174.41, 118.85, 223.97, 114.1, 84.7, 92.15, 250.19, 166.8]}
{'stock_no': ['024110'], 'deal_power': [326.54]}
timer600틱 끝 timer1 재시작
timer600틱 시작 timer1 중지
-----
10분에 한번씩 클럭 발생::체결강도 전송 실행시간 : 14:29:59
계좌평가잔고내역요청 전송
000120;000810;001040;002380;002790;003670;004800;004990;005380;006280;008560;009540;017670;018880;024110;034730;035250;035420;069960;078340;097950;139480;316140;
23
{'stock_no': ['000120', '000810', '001040', '002380', '002790', '003670', '004800', '004990', '005380', '006280', '008560', '009540', '017670', '018880', '024110', '034730', '035250', '035420', '069960', '078340', '097950', '139480', '316140'], 'stock_name': ['CJ대한통운', '삼성화재', 'CJ', 'KCC', '아모레G', '포스코케미칼', '효성', '롯데지주', '현대차', '녹십자', '메리츠종금증권', '한국조선해양', 'SK텔레콤', '한온시스템', '기업은행', 'SK', '강원랜드', 'NAVER', '현대백화점', '컴투스', 'CJ제일제당', '이마트', '우리금융지주'], 'market_in_price': [134500, 272500, 103000, 278500, 66700, 55600, 75500, 44750, 142500, 127000, 5600, 123500, 262000, 11750, 14150, 239000, 31050, 120500, 81500, 104800, 301000, 144500, 14100], 'myhave_cnt': [8, 5, 14, 4, 17, 21, 15, 33, 10, 9, 266, 12, 5, 100, 84, 6, 48, 9, 14, 14, 4, 8, 84], 'run_price': [134500, 260500, 98400, 261500, 63500, 51300, 72900, 40900, 140000, 116000, 5330, 115500, 256500, 11550, 13700, 224500, 29700, 118000, 80000, 97300, 287500, 142000, 13750], 'sell_price': [134500, 261000, 98400, 261500, 63600, 51400, 72900, 40900, 140000, 116000, 5340, 115500, 256500, 11600, 13750, 224500, 29750, 118000, 80000, 97400, 287500, 142000, 13750], 'sell_cnt': [2609, 4521, 376, 43, 467, 1613, 536, 1008, 39573, 2495, 23367, 7820, 1270, 11224, 58727, 1500, 1307, 11479, 757, 6, 18, 5635, 8196], 'buy_price': [134000, 260500, 98300, 261000, 63500, 51300, 72800, 40850, 139500, 115500, 5330, 115000, 256000, 11550, 13700, 224000, 29700, 117500, 79900, 97300, 287000, 141500, 13700], 'buy_cnt': [1012, 1663, 483, 24, 1180, 582, 1332, 1569, 10172, 340, 20279, 4584, 5213, 35033, 38239, 9724, 3605, 15579, 677, 72, 231, 3120, 68429], 'vol_cnt': [25549, 37521, 57981, 11900, 79847, 201370, 36562, 73725, 694170, 49348, 1990971, 111730, 70838, 572086, 293777, 98974, 401626, 177715, 40224, 18170, 14133, 66675, 685152], 'deal_power': [223.07, 68.15, 147.54, 55.8, 137.83, 74.59, 87.87, 112.17, 127.01, 61.28, 86.2, 150.5, 94.23, 152.28, 333.73, 171.2, 120.1, 230.84, 114.16, 80.71, 97.51, 213.74, 169.69]}
{'stock_no': ['024110'], 'deal_power': [333.73]}
timer600틱 끝 timer1 재시작
timer600틱 시작 timer1 중지
-----
10분에 한번씩 클럭 발생::체결강도 전송 실행시간 : 14:39:59
계좌평가잔고내역요청 전송
000120;000810;001040;002380;002790;003670;004800;004990;005380;006280;008560;009540;017670;018880;024110;034730;035250;035420;069960;078340;097950;139480;316140;
23
{'stock_no': ['000120', '000810', '001040', '002380', '002790', '003670', '004800', '004990', '005380', '006280', '008560', '009540', '017670', '018880', '024110', '034730', '035250', '035420', '069960', '078340', '097950', '139480', '316140'], 'stock_name': ['CJ대한통운', '삼성화재', 'CJ', 'KCC', '아모레G', '포스코케미칼', '효성', '롯데지주', '현대차', '녹십자', '메리츠종금증권', '한국조선해양', 'SK텔레콤', '한온시스템', '기업은행', 'SK', '강원랜드', 'NAVER', '현대백화점', '컴투스', 'CJ제일제당', '이마트', '우리금융지주'], 'market_in_price': [134500, 272500, 103000, 278500, 66700, 55600, 75500, 44750, 142500, 127000, 5600, 123500, 262000, 11750, 14150, 239000, 31050, 120500, 81500, 104800, 301000, 144500, 14100], 'myhave_cnt': [8, 5, 14, 4, 17, 21, 15, 33, 10, 9, 266, 12, 5, 100, 84, 6, 48, 9, 14, 14, 4, 8, 84], 'run_price': [134500, 261000, 98400, 261000, 63600, 51400, 72900, 40800, 140500, 116000, 5340, 115500, 256500, 11600, 13750, 224500, 29750, 118000, 80200, 97700, 288000, 142000, 13750], 'sell_price': [134500, 261000, 98400, 261500, 63600, 51400, 72900, 40850, 140500, 116000, 5340, 115500, 256500, 11600, 13750, 224500, 29750, 118000, 80300, 97700, 288000, 142000, 13750], 'sell_cnt': [2274, 4645, 579, 12, 937, 1997, 661, 1669, 25071, 2683, 22038, 7437, 1288, 7333, 60430, 1702, 227, 11097, 319, 481, 91, 4870, 5821], 'buy_price': [134000, 260500, 98300, 261000, 63500, 51300, 72800, 40800, 140000, 115500, 5330, 115000, 256000, 11550, 13700, 224000, 29700, 117500, 80200, 97600, 287500, 141500, 13700], 'buy_cnt': [1692, 1173, 437, 139, 1472, 1466, 536, 848, 32538, 463, 45013, 4858, 4271, 28992, 33777, 12070, 5615, 15689, 361, 194, 327, 3517, 70406], 'vol_cnt': [26508, 39210, 58628, 12226, 80822, 203792, 41131, 77352, 721634, 49524, 2020062, 113485, 74537, 593636, 303715, 100817, 412647, 181176, 42347, 18942, 14894, 68483, 703323], 'deal_power': [230.76, 66.66, 146.57, 55.47, 140.22, 73.8, 74.94, 108.89, 134.05, 61.32, 87.56, 150.49, 90.65, 159.06, 322.05, 168.44, 123.23, 229.76, 123.48, 82.15, 98.92, 217.26, 174.74]}
{'stock_no': ['024110'], 'deal_power': [321.85]}
timer600틱 끝 timer1 재시작
timer600틱 시작 timer1 중지
-----
10분에 한번씩 클럭 발생::체결강도 전송 실행시간 : 14:49:59
계좌평가잔고내역요청 전송
000120;000810;001040;002380;002790;003670;004800;004990;005380;006280;008560;009540;017670;018880;024110;034730;035250;035420;069960;078340;097950;139480;316140;
23
{'stock_no': ['000120', '000810', '001040', '002380', '002790', '003670', '004800', '004990', '005380', '006280', '008560', '009540', '017670', '018880', '024110', '034730', '035250', '035420', '069960', '078340', '097950', '139480', '316140'], 'stock_name': ['CJ대한통운', '삼성화재', 'CJ', 'KCC', '아모레G', '포스코케미칼', '효성', '롯데지주', '현대차', '녹십자', '메리츠종금증권', '한국조선해양', 'SK텔레콤', '한온시스템', '기업은행', 'SK', '강원랜드', 'NAVER', '현대백화점', '컴투스', 'CJ제일제당', '이마트', '우리금융지주'], 'market_in_price': [134500, 272500, 103000, 278500, 66700, 55600, 75500, 44750, 142500, 127000, 5600, 123500, 262000, 11750, 14150, 239000, 31050, 120500, 81500, 104800, 301000, 144500, 14100], 'myhave_cnt': [8, 5, 14, 4, 17, 21, 15, 33, 10, 9, 266, 12, 5, 100, 84, 6, 48, 9, 14, 14, 4, 8, 84], 'run_price': [134500, 260500, 98300, 260500, 63500, 51600, 73000, 40850, 140500, 116000, 5330, 115000, 256000, 11550, 13750, 224500, 29800, 117500, 80200, 97800, 286500, 142000, 13700], 'sell_price': [134500, 261000, 98400, 261000, 63500, 51600, 73000, 40850, 140500, 116000, 5340, 115500, 256500, 11600, 13750, 224500, 29800, 118000, 80300, 97800, 286500, 142000, 13750], 'sell_cnt': [1905, 4449, 522, 35, 2293, 2711, 275, 1122, 19753, 2705, 10118, 3785, 2594, 38448, 80142, 1180, 1536, 9430, 359, 41, 222, 5309, 4081], 'buy_price': [134000, 260500, 98300, 260500, 63400, 51500, 72900, 40800, 140000, 115500, 5330, 115000, 256000, 11550, 13700, 224000, 29750, 117500, 80200, 97700, 286000, 141500, 13700], 'buy_cnt': [1742, 2761, 863, 68, 255, 416, 198, 1640, 29927, 607, 45717, 9751, 2198, 29410, 32263, 10845, 4940, 6152, 153, 261, 164, 5770, 71047], 'vol_cnt': [26925, 40342, 59900, 12517, 83298, 212364, 42560, 79092, 739721, 49806, 2085512, 118215, 78110, 608149, 323284, 102918, 423744, 192864, 44143, 21143, 16218, 70340, 724180], 'deal_power': [230.43, 69.65, 142.41, 55.43, 134.73, 77.44, 78.38, 111.43, 136.67, 61.19, 89.62, 159.51, 92.58, 162.51, 286.07, 165.87, 123.49, 202.72, 124.0, 80.98, 93.42, 222.86, 180.48]}
{'stock_no': [], 'deal_power': []}
timer600틱 끝 timer1 재시작
timer600틱 시작 timer1 중지
-----
10분에 한번씩 클럭 발생::체결강도 전송 실행시간 : 14:59:59
계좌평가잔고내역요청 전송
000120;000810;001040;002380;002790;003670;004800;004990;005380;006280;008560;009540;017670;018880;024110;034730;035250;035420;069960;078340;097950;139480;316140;
23
{'stock_no': ['000120', '000810', '001040', '002380', '002790', '003670', '004800', '004990', '005380', '006280', '008560', '009540', '017670', '018880', '024110', '034730', '035250', '035420', '069960', '078340', '097950', '139480', '316140'], 'stock_name': ['CJ대한통운', '삼성화재', 'CJ', 'KCC', '아모레G', '포스코케미칼', '효성', '롯데지주', '현대차', '녹십자', '메리츠종금증권', '한국조선해양', 'SK텔레콤', '한온시스템', '기업은행', 'SK', '강원랜드', 'NAVER', '현대백화점', '컴투스', 'CJ제일제당', '이마트', '우리금융지주'], 'market_in_price': [134500, 272500, 103000, 278500, 66700, 55600, 75500, 44750, 142500, 127000, 5600, 123500, 262000, 11750, 14150, 239000, 31050, 120500, 81500, 104800, 301000, 144500, 14100], 'myhave_cnt': [8, 5, 14, 4, 17, 21, 15, 33, 10, 9, 266, 12, 5, 100, 84, 6, 48, 9, 14, 14, 4, 8, 84], 'run_price': [134500, 260500, 98400, 261500, 63400, 51500, 73100, 40850, 139500, 115500, 5340, 115000, 255000, 11600, 13650, 224000, 29800, 118000, 80300, 97900, 285500, 142000, 13750], 'sell_price': [134500, 261000, 98400, 262000, 63500, 51500, 73100, 40850, 140000, 116000, 5340, 115500, 255500, 11600, 13700, 224500, 29850, 118000, 80300, 98000, 286000, 142000, 13750], 'sell_cnt': [1886, 4422, 1028, 132, 3353, 1044, 232, 993, 9697, 4883, 38282, 5301, 828, 35737, 35298, 1722, 2015, 9632, 253, 290, 211, 5139, 5271], 'buy_price': [134000, 260500, 98300, 261000, 63400, 51400, 73000, 40800, 139500, 115500, 5330, 115000, 255000, 11550, 13650, 224000, 29800, 117500, 80200, 97900, 285500, 141500, 13700], 'buy_cnt': [1720, 2947, 1276, 207, 425, 1526, 160, 1568, 5344, 1728, 33721, 10536, 2341, 24279, 42508, 358, 5486, 6585, 241, 92, 114, 3828, 71364], 'vol_cnt': [27362, 40979, 61317, 12970, 84548, 215557, 44006, 81466, 782431, 52905, 2149058, 121502, 83624, 629947, 364283, 116794, 440426, 195074, 46589, 22058, 17365, 72808, 741314], 'deal_power': [231.33, 71.21, 144.78, 56.31, 133.31, 77.9, 80.54, 115.67, 129.36, 70.8, 89.45, 163.78, 86.44, 161.4, 201.46, 132.07, 126.23, 202.69, 126.08, 84.81, 89.91, 231.33, 184.19]}
{'stock_no': [], 'deal_power': []}
timer600틱 끝 timer1 재시작
timer600틱 시작 timer1 중지
-----
10분에 한번씩 클럭 발생::체결강도 전송 실행시간 : 15:09:59
계좌평가잔고내역요청 전송
000120;000810;001040;002380;002790;003670;004800;004990;005380;006280;008560;009540;017670;018880;024110;034730;035250;035420;069960;078340;097950;139480;316140;
23
{'stock_no': ['000120', '000810', '001040', '002380', '002790', '003670', '004800', '004990', '005380', '006280', '008560', '009540', '017670', '018880', '024110', '034730', '035250', '035420', '069960', '078340', '097950', '139480', '316140'], 'stock_name': ['CJ대한통운', '삼성화재', 'CJ', 'KCC', '아모레G', '포스코케미칼', '효성', '롯데지주', '현대차', '녹십자', '메리츠종금증권', '한국조선해양', 'SK텔레콤', '한온시스템', '기업은행', 'SK', '강원랜드', 'NAVER', '현대백화점', '컴투스', 'CJ제일제당', '이마트', '우리금융지주'], 'market_in_price': [134500, 272500, 103000, 278500, 66700, 55600, 75500, 44750, 142500, 127000, 5600, 123500, 262000, 11750, 14150, 239000, 31050, 120500, 81500, 104800, 301000, 144500, 14100], 'myhave_cnt': [8, 5, 14, 4, 17, 21, 15, 33, 10, 9, 266, 12, 5, 100, 84, 6, 48, 9, 14, 14, 4, 8, 84], 'run_price': [134500, 261000, 98500, 262000, 63400, 51500, 73000, 40800, 139500, 116000, 5340, 115000, 255500, 11600, 13700, 224000, 29800, 117500, 80100, 98100, 286500, 142000, 13700], 'sell_price': [134500, 261000, 98500, 262000, 63500, 51600, 73000, 40850, 140000, 116000, 5340, 115500, 255500, 11600, 13700, 224500, 29850, 118000, 80200, 98100, 286500, 142000, 13750], 'sell_cnt': [979, 4131, 1068, 35, 3286, 3283, 475, 2127, 32763, 4798, 20368, 4267, 1285, 36056, 39533, 3950, 1199, 9327, 469, 4, 215, 4125, 22919], 'buy_price': [134000, 260500, 98400, 261500, 63400, 51500, 72900, 40800, 139500, 115500, 5330, 115000, 255000, 11550, 13650, 224000, 29800, 117500, 80100, 98000, 286000, 141500, 13700], 'buy_cnt': [1658, 3773, 991, 147, 973, 3298, 273, 1486, 14931, 1744, 53072, 9162, 2761, 24987, 33236, 110, 3603, 6478, 16, 221, 239, 4126, 45443], 'vol_cnt': [30287, 42627, 62925, 13302, 86000, 219358, 45212, 82455, 792119, 53123, 2198473, 124247, 87621, 648343, 373021, 120420, 457091, 197807, 47952, 23183, 17866, 75166, 804855], 'deal_power': [228.79, 70.43, 149.31, 56.96, 135.42, 79.59, 78.95, 114.95, 128.32, 71.4, 91.34, 167.54, 85.29, 164.68, 198.61, 127.44, 125.98, 201.13, 119.41, 87.53, 94.46, 240.96, 166.67]}
{'stock_no': [], 'deal_power': []}
timer600틱 끝 timer1 재시작
timer600틱 시작 timer1 중지
-----
10분에 한번씩 클럭 발생::체결강도 전송 실행시간 : 15:19:59
계좌평가잔고내역요청 전송
000120;000810;001040;002380;002790;003670;004800;004990;005380;006280;008560;009540;017670;018880;024110;034730;035250;035420;069960;078340;097950;139480;316140;
23
{'stock_no': ['000120', '000810', '001040', '002380', '002790', '003670', '004800', '004990', '005380', '006280', '008560', '009540', '017670', '018880', '024110', '034730', '035250', '035420', '069960', '078340', '097950', '139480', '316140'], 'stock_name': ['CJ대한통운', '삼성화재', 'CJ', 'KCC', '아모레G', '포스코케미칼', '효성', '롯데지주', '현대차', '녹십자', '메리츠종금증권', '한국조선해양', 'SK텔레콤', '한온시스템', '기업은행', 'SK', '강원랜드', 'NAVER', '현대백화점', '컴투스', 'CJ제일제당', '이마트', '우리금융지주'], 'market_in_price': [134500, 272500, 103000, 278500, 66700, 55600, 75500, 44750, 142500, 127000, 5600, 123500, 262000, 11750, 14150, 239000, 31050, 120500, 81500, 104800, 301000, 144500, 14100], 'myhave_cnt': [8, 5, 14, 4, 17, 21, 15, 33, 10, 9, 266, 12, 5, 100, 84, 6, 48, 9, 14, 14, 4, 8, 84], 'run_price': [134500, 261000, 98300, 261500, 63500, 51700, 72900, 40900, 140000, 116000, 5350, 115500, 256000, 11550, 13700, 224500, 29850, 117500, 80000, 98300, 287000, 142000, 13750], 'sell_price': [134500, 261000, 98400, 262500, 63500, 51800, 72900, 40900, 140000, 116000, 5350, 115500, 256000, 11600, 13700, 224500, 29950, 118000, 80000, 98300, 287000, 142000, 13750], 'sell_cnt': [1338, 315, 46, 335, 170, 3051, 255, 626, 19116, 3485, 15267, 1273, 2421, 34792, 26203, 6553, 7231, 4584, 40, 457, 633, 5048, 8261], 'buy_price': [134000, 260500, 98300, 261000, 63300, 51600, 72800, 40850, 139000, 115500, 5340, 115000, 255500, 11550, 13650, 224000, 29900, 117500, 79900, 98200, 286500, 141500, 13700], 'buy_cnt': [2280, 1929, 1297, 140, 481, 898, 1738, 1646, 36819, 2477, 1425, 3118, 607, 22857, 9603, 4, 100, 98, 2990, 350, 33, 3351, 65030], 'vol_cnt': [30951, 45507, 64482, 13756, 91495, 231955, 46887, 85732, 829871, 53583, 2339617, 131887, 91879, 677571, 409421, 124251, 467191, 208576, 50465, 25560, 18385, 79013, 851604], 'deal_power': [232.84, 70.58, 150.3, 56.89, 139.86, 83.95, 75.06, 115.62, 134.23, 71.78, 98.03, 166.6, 85.5, 170.02, 199.81, 123.77, 125.99, 191.89, 113.93, 88.19, 97.87, 254.23, 173.63]}
{'stock_no': [], 'deal_power': []}
timer600틱 끝 timer1 재시작
4
장종료 알림 4, 8
8
장종료 알림 4, 8
