계좌평가잔고내역요청 전송
000810;001040;002380;002790;003670;004800;004990;005380;006280;008560;009540;017670;018880;024110;034730;035250;035420;069960;078340;097950;139480;316140;
22
{'stock_no': ['000810', '001040', '002380', '002790', '003670', '004800', '004990', '005380', '006280', '008560', '009540', '017670', '018880', '024110', '034730', '035250', '035420', '069960', '078340', '097950', '139480', '316140'], 'stock_name': ['삼성화재', 'CJ', 'KCC', '아모레G', '포스코케미칼', '효성', '롯데지주', '현대차', '녹십자', '메리츠종금증권', '한국조선해양', 'SK텔레콤', '한온시스템', '기업은행', 'SK', '강원랜드', 'NAVER', '현대백화점', '컴투스', 'CJ제일제당', '이마트', '우리금융지주'], 'market_in_price': [272500, 103000, 278500, 66700, 55600, 75500, 44750, 142500, 127000, 5600, 123500, 262000, 11750, 14150, 239000, 31050, 120500, 81500, 104800, 301000, 144500, 14100], 'myhave_cnt': [5, 14, 4, 17, 21, 15, 33, 10, 9, 266, 12, 5, 100, 84, 6, 48, 9, 14, 14, 4, 8, 84], 'run_price': [262500, 98300, 265500, 63500, 53000, 72600, 40350, 133000, 113000, 5260, 114500, 259500, 11450, 13800, 229000, 30200, 120000, 80400, 96100, 283500, 136500, 13900], 'sell_price': [263000, 98600, 266000, 64800, 53800, 73100, 40400, 133000, 113500, 5270, 114500, 259000, 11550, 13800, 234500, 30200, 121000, 80800, 96400, 283500, 137000, 13900], 'sell_cnt': [1, 248, 1, 4, 315, 14, 10, 2, 5, 30, 21, 445, 1747, 8870, 172, 70, 173, 9, 50, 8, 10, 27], 'buy_price': [262500, 98300, 263000, 64700, 53300, 72600, 40350, 132500, 113000, 5260, 114000, 257500, 11500, 13750, 229000, 29950, 120000, 80400, 95500, 283000, 136000, 13850], 'buy_cnt': [1, 8, 3, 88, 130, 355, 9, 147, 314, 41, 1921, 100, 1250, 7324, 36, 90, 662, 4, 23, 4, 106, 642], 'vol_cnt': [0, 0, 0, 10, 175, 0, 0, 170, 0, 124, 20, 0, 0, 0, 0, 0, 0, 0, 0, 0, 0, 0], 'deal_power': [0.0, 0.0, 0.0, 500.0, 0.0, 0.0, 0.0, 500.0, 0.0, 416.67, 500.0, 0.0, 0.0, 0.0, 0.0, 0.0, 0.0, 0.0, 0.0, 0.0, 0.0, 0.0]}
-----
자동주문 버튼 True 실행시간 : 08:44:17
자동주문 클릭시 timer1 시작
자동주문 클릭시 timer600 시작
3
장시작 알림 3
장시작 알림 3 timer1 재시작
장시작 알림 3 timer600 재시작
timer600틱 시작 timer1 중지
-----
10분에 한번씩 클럭 발생::체결강도 전송 실행시간 : 09:10:02
계좌평가잔고내역요청 전송
000810;001040;002380;002790;003670;004800;004990;005380;006280;008560;009540;017670;018880;024110;034730;035250;035420;069960;078340;097950;139480;316140;
22
{'stock_no': ['000810', '001040', '002380', '002790', '003670', '004800', '004990', '005380', '006280', '008560', '009540', '017670', '018880', '024110', '034730', '035250', '035420', '069960', '078340', '097950', '139480', '316140'], 'stock_name': ['삼성화재', 'CJ', 'KCC', '아모레G', '포스코케미칼', '효성', '롯데지주', '현대차', '녹십자', '메리츠종금증권', '한국조선해양', 'SK텔레콤', '한온시스템', '기업은행', 'SK', '강원랜드', 'NAVER', '현대백화점', '컴투스', 'CJ제일제당', '이마트', '우리금융지주'], 'market_in_price': [272500, 103000, 278500, 66700, 55600, 75500, 44750, 142500, 127000, 5600, 123500, 262000, 11750, 14150, 239000, 31050, 120500, 81500, 104800, 301000, 144500, 14100], 'myhave_cnt': [5, 14, 4, 17, 21, 15, 33, 10, 9, 266, 12, 5, 100, 84, 6, 48, 9, 14, 14, 4, 8, 84], 'run_price': [261500, 97700, 263500, 61900, 53300, 72600, 40250, 133000, 112500, 5260, 114500, 258000, 11600, 13750, 224500, 29900, 118500, 80100, 95100, 283500, 136000, 13900], 'sell_price': [261500, 97800, 263500, 62000, 53400, 72700, 40250, 133500, 112500, 5260, 114500, 258500, 11600, 13800, 225000, 29950, 119000, 80100, 95100, 283500, 136000, 13900], 'sell_cnt': [682, 63, 55, 512, 1487, 157, 113, 5854, 48, 1006, 744, 331, 20720, 30473, 286, 812, 933, 342, 23, 93, 453, 6282], 'buy_price': [261000, 97700, 263000, 61900, 53300, 72600, 40200, 133000, 112000, 5250, 114000, 258000, 11550, 13750, 224500, 29900, 118500, 80000, 95000, 283000, 135500, 13850], 'buy_cnt': [270, 67, 39, 592, 893, 165, 106, 3397, 651, 5028, 1692, 1407, 11108, 8370, 1146, 68, 4203, 670, 245, 21, 1205, 32677], 'vol_cnt': [1095, 541, 320, 6002, 13169, 507, 4569, 44162, 896, 45187, 3420, 3386, 23466, 8404, 9378, 12906, 6179, 1306, 3154, 462, 7270, 15593], 'deal_power': [79.5, 15.11, 53.07, 77.04, 105.25, 41.64, 34.87, 76.31, 29.09, 27.53, 244.06, 83.38, 122.06, 0.38, 14.59, 65.89, 19.3, 86.81, 46.62, 158.44, 44.64, 320.09]}
{'stock_no': ['111770', '066570', '000120'], 'deal_power': [395.85, 376.9, 292.95]}
buy_able_money < market_in_pro
0
buy_able_money < market_in_pro
0
buy_able_money < market_in_pro
0
timer600틱 끝 timer1 재시작
timer600틱 시작 timer1 중지
-----
10분에 한번씩 클럭 발생::체결강도 전송 실행시간 : 09:20:02
계좌평가잔고내역요청 전송
000810;001040;002380;002790;003670;004800;004990;005380;006280;008560;009540;017670;018880;024110;034730;035250;035420;069960;078340;097950;139480;316140;
22
{'stock_no': ['000810', '001040', '002380', '002790', '003670', '004800', '004990', '005380', '006280', '008560', '009540', '017670', '018880', '024110', '034730', '035250', '035420', '069960', '078340', '097950', '139480', '316140'], 'stock_name': ['삼성화재', 'CJ', 'KCC', '아모레G', '포스코케미칼', '효성', '롯데지주', '현대차', '녹십자', '메리츠종금증권', '한국조선해양', 'SK텔레콤', '한온시스템', '기업은행', 'SK', '강원랜드', 'NAVER', '현대백화점', '컴투스', 'CJ제일제당', '이마트', '우리금융지주'], 'market_in_price': [272500, 103000, 278500, 66700, 55600, 75500, 44750, 142500, 127000, 5600, 123500, 262000, 11750, 14150, 239000, 31050, 120500, 81500, 104800, 301000, 144500, 14100], 'myhave_cnt': [5, 14, 4, 17, 21, 15, 33, 10, 9, 266, 12, 5, 100, 84, 6, 48, 9, 14, 14, 4, 8, 84], 'run_price': [260500, 97600, 262500, 61500, 53900, 72700, 40050, 133000, 112500, 5250, 114500, 258500, 11500, 13700, 224500, 29950, 119000, 80000, 94600, 283000, 136500, 13900], 'sell_price': [261000, 97600, 263000, 61500, 53900, 72800, 40050, 133500, 112500, 5260, 114500, 259000, 11550, 13750, 224500, 30000, 119000, 80100, 94600, 283000, 136500, 13900], 'sell_cnt': [279, 126, 40, 544, 569, 179, 1020, 7568, 273, 3806, 1811, 901, 12589, 13262, 733, 427, 1121, 315, 45, 54, 939, 9735], 'buy_price': [260500, 97500, 262500, 61400, 53800, 72700, 40000, 133000, 112000, 5250, 114000, 258500, 11500, 13700, 224000, 29950, 118500, 80000, 94500, 282500, 136000, 13850], 'buy_cnt': [334, 391, 66, 413, 418, 50, 2356, 6322, 977, 10497, 3754, 2125, 15428, 51476, 1245, 846, 5536, 196, 397, 353, 725, 40547], 'vol_cnt': [2423, 1035, 583, 14504, 45132, 1516, 9226, 55890, 1197, 59371, 5922, 4602, 46018, 23075, 11931, 17006, 10282, 2215, 5901, 900, 8537, 20982], 'deal_power': [119.48, 17.65, 35.61, 66.8, 202.47, 126.05, 31.35, 81.73, 29.13, 33.44, 114.94, 100.35, 54.74, 12.56, 19.95, 60.11, 64.84, 48.14, 37.13, 153.33, 58.26, 237.91]}
{'stock_no': ['018260'], 'deal_power': [419.92]}
buy_able_money < market_in_pro
0
timer600틱 끝 timer1 재시작
timer600틱 시작 timer1 중지
-----
10분에 한번씩 클럭 발생::체결강도 전송 실행시간 : 09:30:02
계좌평가잔고내역요청 전송
000810;001040;002380;002790;003670;004800;004990;005380;006280;008560;009540;017670;018880;024110;034730;035250;035420;069960;078340;097950;139480;316140;
22
{'stock_no': ['000810', '001040', '002380', '002790', '003670', '004800', '004990', '005380', '006280', '008560', '009540', '017670', '018880', '024110', '034730', '035250', '035420', '069960', '078340', '097950', '139480', '316140'], 'stock_name': ['삼성화재', 'CJ', 'KCC', '아모레G', '포스코케미칼', '효성', '롯데지주', '현대차', '녹십자', '메리츠종금증권', '한국조선해양', 'SK텔레콤', '한온시스템', '기업은행', 'SK', '강원랜드', 'NAVER', '현대백화점', '컴투스', 'CJ제일제당', '이마트', '우리금융지주'], 'market_in_price': [272500, 103000, 278500, 66700, 55600, 75500, 44750, 142500, 127000, 5600, 123500, 262000, 11750, 14150, 239000, 31050, 120500, 81500, 104800, 301000, 144500, 14100], 'myhave_cnt': [5, 14, 4, 17, 21, 15, 33, 10, 9, 266, 12, 5, 100, 84, 6, 48, 9, 14, 14, 4, 8, 84], 'run_price': [261000, 97400, 260000, 60700, 53800, 72500, 40000, 133500, 111000, 5240, 113500, 258000, 11450, 13750, 224000, 29900, 118500, 79900, 94000, 282500, 135000, 13850], 'sell_price': [261500, 97500, 260500, 60800, 53800, 72600, 40050, 134000, 111500, 5250, 114000, 258500, 11500, 13750, 224500, 29950, 118500, 80000, 94100, 283000, 135500, 13900], 'sell_cnt': [555, 237, 115, 369, 1295, 291, 428, 15467, 171, 5865, 2418, 2039, 8859, 1489, 741, 358, 3883, 511, 38, 171, 497, 38174], 'buy_price': [261000, 97400, 260000, 60700, 53700, 72500, 40000, 133500, 111000, 5240, 113500, 258000, 11450, 13700, 224000, 29900, 118000, 79900, 93700, 282500, 135000, 13850], 'buy_cnt': [223, 455, 63, 401, 76, 170, 858, 18925, 816, 2401, 5132, 699, 12140, 73191, 970, 3998, 5867, 338, 46, 268, 3772, 44855], 'vol_cnt': [3260, 2109, 1474, 32063, 59054, 2106, 17425, 74731, 4995, 113542, 10516, 6467, 80658, 49382, 14461, 31823, 28141, 6757, 12814, 946, 13747, 28130], 'deal_power': [104.53, 33.8, 19.0, 52.59, 170.71, 72.25, 41.95, 83.46, 7.79, 33.7, 48.25, 56.33, 36.11, 73.59, 24.13, 65.14, 59.85, 20.77, 22.21, 149.15, 51.87, 158.11]}
{'stock_no': [], 'deal_power': []}
timer600틱 끝 timer1 재시작
timer600틱 시작 timer1 중지
-----
10분에 한번씩 클럭 발생::체결강도 전송 실행시간 : 09:40:02
계좌평가잔고내역요청 전송
000810;001040;002380;002790;003670;004800;004990;005380;006280;008560;009540;017670;018880;024110;034730;035250;035420;069960;078340;097950;139480;316140;
22
{'stock_no': ['000810', '001040', '002380', '002790', '003670', '004800', '004990', '005380', '006280', '008560', '009540', '017670', '018880', '024110', '034730', '035250', '035420', '069960', '078340', '097950', '139480', '316140'], 'stock_name': ['삼성화재', 'CJ', 'KCC', '아모레G', '포스코케미칼', '효성', '롯데지주', '현대차', '녹십자', '메리츠종금증권', '한국조선해양', 'SK텔레콤', '한온시스템', '기업은행', 'SK', '강원랜드', 'NAVER', '현대백화점', '컴투스', 'CJ제일제당', '이마트', '우리금융지주'], 'market_in_price': [272500, 103000, 278500, 66700, 55600, 75500, 44750, 142500, 127000, 5600, 123500, 262000, 11750, 14150, 239000, 31050, 120500, 81500, 104800, 301000, 144500, 14100], 'myhave_cnt': [5, 14, 4, 17, 21, 15, 33, 10, 9, 266, 12, 5, 100, 84, 6, 48, 9, 14, 14, 4, 8, 84], 'run_price': [261000, 97000, 259000, 59900, 53500, 72100, 39700, 134000, 110500, 5280, 113500, 257500, 11600, 13750, 224000, 30000, 118500, 79600, 93600, 281500, 135000, 13850], 'sell_price': [261000, 97000, 259000, 59900, 53600, 72200, 39700, 134000, 110500, 5280, 114000, 258000, 11600, 13750, 224500, 30000, 118500, 79700, 93600, 282000, 135000, 13900], 'sell_cnt': [319, 317, 70, 167, 843, 627, 81, 2975, 484, 2564, 4003, 1632, 30368, 28699, 1253, 1400, 5371, 514, 99, 305, 389, 53000], 'buy_price': [260500, 96900, 258500, 59700, 53500, 72100, 39650, 133500, 110000, 5270, 113500, 257500, 11550, 13700, 224000, 29950, 118000, 79600, 93500, 281500, 134500, 13850], 'buy_cnt': [855, 196, 144, 1074, 905, 1558, 73, 19674, 1680, 2567, 4400, 1093, 9187, 68978, 1561, 1683, 5815, 90, 261, 165, 4618, 45925], 'vol_cnt': [4475, 4475, 2149, 50537, 68324, 3669, 31556, 97754, 8084, 138491, 12158, 11594, 118769, 54893, 14930, 36516, 29549, 7868, 15476, 1455, 16434, 31018], 'deal_power': [116.11, 18.55, 24.29, 49.69, 143.16, 42.84, 27.3, 100.83, 7.41, 47.61, 50.89, 51.8, 86.71, 74.95, 24.69, 75.13, 60.4, 18.59, 22.6, 68.81, 51.54, 149.07]}
{'stock_no': [], 'deal_power': []}
timer600틱 끝 timer1 재시작
timer600틱 시작 timer1 중지
-----
10분에 한번씩 클럭 발생::체결강도 전송 실행시간 : 09:50:02
계좌평가잔고내역요청 전송
000810;001040;002380;002790;003670;004800;004990;005380;006280;008560;009540;017670;018880;024110;034730;035250;035420;069960;078340;097950;139480;316140;
22
{'stock_no': ['000810', '001040', '002380', '002790', '003670', '004800', '004990', '005380', '006280', '008560', '009540', '017670', '018880', '024110', '034730', '035250', '035420', '069960', '078340', '097950', '139480', '316140'], 'stock_name': ['삼성화재', 'CJ', 'KCC', '아모레G', '포스코케미칼', '효성', '롯데지주', '현대차', '녹십자', '메리츠종금증권', '한국조선해양', 'SK텔레콤', '한온시스템', '기업은행', 'SK', '강원랜드', 'NAVER', '현대백화점', '컴투스', 'CJ제일제당', '이마트', '우리금융지주'], 'market_in_price': [272500, 103000, 278500, 66700, 55600, 75500, 44750, 142500, 127000, 5600, 123500, 262000, 11750, 14150, 239000, 31050, 120500, 81500, 104800, 301000, 144500, 14100], 'myhave_cnt': [5, 14, 4, 17, 21, 15, 33, 10, 9, 266, 12, 5, 100, 84, 6, 48, 9, 14, 14, 4, 8, 84], 'run_price': [260500, 97200, 260000, 59900, 53200, 72500, 39400, 133500, 110000, 5350, 114000, 257000, 11550, 13750, 224000, 29900, 119000, 79400, 93800, 282000, 134500, 13900], 'sell_price': [260500, 97200, 260500, 60000, 53200, 72500, 39400, 134000, 110000, 5350, 114000, 257500, 11550, 13750, 224500, 29900, 119000, 79400, 93900, 282000, 134500, 13900], 'sell_cnt': [1344, 29, 16, 706, 2858, 15, 1144, 15253, 1177, 10884, 5211, 1828, 14956, 38925, 1781, 853, 3161, 345, 15, 160, 222, 59078], 'buy_price': [260000, 97100, 260000, 59900, 53100, 72400, 39350, 133500, 109500, 5340, 113500, 257000, 11500, 13700, 224000, 29850, 118500, 79300, 93800, 281500, 134000, 13850], 'buy_cnt': [1344, 413, 95, 1653, 2151, 108, 131, 16301, 476, 12580, 4542, 2923, 29442, 73420, 1621, 2408, 1684, 374, 16, 306, 5505, 46968], 'vol_cnt': [5201, 5197, 2417, 59523, 78978, 5264, 46620, 100515, 13074, 211213, 12898, 13321, 143570, 60949, 15517, 49612, 36395, 8905, 17376, 1779, 22010, 36644], 'deal_power': [90.05, 30.09, 36.89, 60.58, 115.21, 90.42, 23.67, 98.52, 11.22, 107.82, 52.89, 46.09, 78.24, 71.78, 25.6, 61.8, 94.11, 16.88, 29.12, 96.9, 49.22, 142.0]}
{'stock_no': [], 'deal_power': []}
timer600틱 끝 timer1 재시작
timer600틱 시작 timer1 중지
-----
10분에 한번씩 클럭 발생::체결강도 전송 실행시간 : 10:00:02
계좌평가잔고내역요청 전송
000810;001040;002380;002790;003670;004800;004990;005380;006280;008560;009540;017670;018880;024110;034730;035250;035420;069960;078340;097950;139480;316140;
22
{'stock_no': ['000810', '001040', '002380', '002790', '003670', '004800', '004990', '005380', '006280', '008560', '009540', '017670', '018880', '024110', '034730', '035250', '035420', '069960', '078340', '097950', '139480', '316140'], 'stock_name': ['삼성화재', 'CJ', 'KCC', '아모레G', '포스코케미칼', '효성', '롯데지주', '현대차', '녹십자', '메리츠종금증권', '한국조선해양', 'SK텔레콤', '한온시스템', '기업은행', 'SK', '강원랜드', 'NAVER', '현대백화점', '컴투스', 'CJ제일제당', '이마트', '우리금융지주'], 'market_in_price': [272500, 103000, 278500, 66700, 55600, 75500, 44750, 142500, 127000, 5600, 123500, 262000, 11750, 14150, 239000, 31050, 120500, 81500, 104800, 301000, 144500, 14100], 'myhave_cnt': [5, 14, 4, 17, 21, 15, 33, 10, 9, 266, 12, 5, 100, 84, 6, 48, 9, 14, 14, 4, 8, 84], 'run_price': [260500, 97000, 258500, 59900, 53400, 72600, 38950, 133000, 110000, 5340, 113000, 257000, 11550, 13700, 225500, 29950, 119000, 79500, 93800, 281500, 134000, 13850], 'sell_price': [260500, 97100, 259000, 60000, 53500, 72600, 39000, 133500, 110000, 5340, 113500, 257500, 11550, 13750, 225500, 30000, 119000, 79500, 93800, 282000, 134500, 13900], 'sell_cnt': [2186, 172, 90, 1474, 2706, 10, 679, 14425, 949, 14346, 5418, 2035, 12154, 48821, 331, 1422, 5724, 240, 80, 211, 430, 54677], 'buy_price': [260000, 97000, 258500, 59900, 53400, 72500, 38950, 133000, 109500, 5330, 113000, 257000, 11500, 13700, 225000, 29950, 118500, 79400, 93700, 281500, 134000, 13850], 'buy_cnt': [1105, 465, 145, 1425, 1376, 148, 734, 3012, 275, 7089, 4630, 3063, 32006, 57135, 1308, 552, 5317, 211, 125, 189, 7539, 41498], 'vol_cnt': [5334, 5845, 2611, 69854, 86958, 5703, 81053, 129726, 16413, 327346, 18101, 13823, 162318, 70678, 18065, 55320, 38232, 9943, 18036, 2206, 23285, 57239], 'deal_power': [90.4, 27.55, 36.58, 69.21, 120.77, 101.32, 23.06, 64.13, 18.2, 117.49, 35.25, 46.51, 95.37, 66.95, 44.8, 71.07, 99.81, 25.54, 29.91, 74.15, 52.22, 207.8]}
{'stock_no': [], 'deal_power': []}
timer600틱 끝 timer1 재시작
timer600틱 시작 timer1 중지
-----
10분에 한번씩 클럭 발생::체결강도 전송 실행시간 : 10:10:02
계좌평가잔고내역요청 전송
000810;001040;002380;002790;003670;004800;004990;005380;006280;008560;009540;017670;018880;024110;034730;035250;035420;069960;078340;097950;139480;316140;
22
{'stock_no': ['000810', '001040', '002380', '002790', '003670', '004800', '004990', '005380', '006280', '008560', '009540', '017670', '018880', '024110', '034730', '035250', '035420', '069960', '078340', '097950', '139480', '316140'], 'stock_name': ['삼성화재', 'CJ', 'KCC', '아모레G', '포스코케미칼', '효성', '롯데지주', '현대차', '녹십자', '메리츠종금증권', '한국조선해양', 'SK텔레콤', '한온시스템', '기업은행', 'SK', '강원랜드', 'NAVER', '현대백화점', '컴투스', 'CJ제일제당', '이마트', '우리금융지주'], 'market_in_price': [272500, 103000, 278500, 66700, 55600, 75500, 44750, 142500, 127000, 5600, 123500, 262000, 11750, 14150, 239000, 31050, 120500, 81500, 104800, 301000, 144500, 14100], 'myhave_cnt': [5, 14, 4, 17, 21, 15, 33, 10, 9, 266, 12, 5, 100, 84, 6, 48, 9, 14, 14, 4, 8, 84], 'run_price': [260500, 97000, 258000, 59900, 53000, 72400, 38600, 133500, 108500, 5330, 112500, 257000, 11700, 13750, 226000, 29950, 118000, 79300, 93300, 280000, 134500, 13850], 'sell_price': [260500, 97000, 258000, 60000, 53100, 72500, 38650, 133500, 109000, 5330, 113000, 257500, 11700, 13750, 226000, 29950, 118500, 79300, 93400, 280500, 134500, 13850], 'sell_cnt': [2972, 3, 86, 2755, 2800, 64, 896, 13320, 1033, 218, 3601, 2359, 15463, 51441, 796, 1950, 6394, 103, 105, 15, 1045, 27940], 'buy_price': [260000, 96900, 257500, 59900, 53000, 72400, 38600, 133000, 108500, 5320, 112500, 257000, 11650, 13700, 225500, 29900, 118000, 79200, 93300, 280000, 134000, 13800], 'buy_cnt': [1011, 238, 481, 118, 3876, 634, 365, 2654, 985, 7836, 3421, 2262, 43365, 51978, 539, 1543, 8700, 282, 105, 500, 7656, 25809], 'vol_cnt': [5600, 7273, 3132, 87720, 95737, 6158, 115383, 139577, 23761, 403208, 23547, 15519, 278089, 78748, 19632, 58211, 45283, 11604, 21965, 3935, 23749, 98269], 'deal_power': [86.28, 28.43, 30.54, 76.07, 104.45, 98.83, 27.58, 58.57, 20.01, 115.85, 27.04, 41.76, 231.0, 70.58, 52.52, 69.06, 83.56, 24.71, 29.22, 36.45, 54.44, 96.44]}
{'stock_no': [], 'deal_power': []}
timer600틱 끝 timer1 재시작
timer600틱 시작 timer1 중지
-----
10분에 한번씩 클럭 발생::체결강도 전송 실행시간 : 10:20:02
계좌평가잔고내역요청 전송
000810;001040;002380;002790;003670;004800;004990;005380;006280;008560;009540;017670;018880;024110;034730;035250;035420;069960;078340;097950;139480;316140;
22
{'stock_no': ['000810', '001040', '002380', '002790', '003670', '004800', '004990', '005380', '006280', '008560', '009540', '017670', '018880', '024110', '034730', '035250', '035420', '069960', '078340', '097950', '139480', '316140'], 'stock_name': ['삼성화재', 'CJ', 'KCC', '아모레G', '포스코케미칼', '효성', '롯데지주', '현대차', '녹십자', '메리츠종금증권', '한국조선해양', 'SK텔레콤', '한온시스템', '기업은행', 'SK', '강원랜드', 'NAVER', '현대백화점', '컴투스', 'CJ제일제당', '이마트', '우리금융지주'], 'market_in_price': [272500, 103000, 278500, 66700, 55600, 75500, 44750, 142500, 127000, 5600, 123500, 262000, 11750, 14150, 239000, 31050, 120500, 81500, 104800, 301000, 144500, 14100], 'myhave_cnt': [5, 14, 4, 17, 21, 15, 33, 10, 9, 266, 12, 5, 100, 84, 6, 48, 9, 14, 14, 4, 8, 84], 'run_price': [260000, 97000, 257500, 59500, 53200, 72500, 39100, 133000, 109000, 5290, 113000, 259000, 11750, 13700, 225000, 30100, 118000, 79400, 93600, 280000, 135000, 13850], 'sell_price': [260500, 97100, 258000, 59600, 53200, 72500, 39150, 133500, 109000, 5290, 113000, 259000, 11750, 13750, 225500, 30100, 118500, 79500, 93600, 280500, 135000, 13850], 'sell_cnt': [920, 70, 152, 3664, 1031, 49, 492, 11626, 318, 13721, 3525, 1576, 38397, 57109, 264, 745, 5650, 342, 53, 25, 2879, 32665], 'buy_price': [260000, 97000, 257500, 59500, 53100, 72400, 39100, 133000, 108500, 5280, 112500, 258500, 11700, 13700, 225000, 30050, 118000, 79400, 93500, 280000, 134500, 13800], 'buy_cnt': [1431, 36, 149, 2126, 1626, 63, 186, 5465, 2007, 10862, 5666, 14, 42443, 47260, 1017, 1138, 9509, 276, 416, 136, 1916, 20135], 'vol_cnt': [6010, 7638, 3888, 94171, 104618, 7119, 125624, 155002, 25689, 427258, 25657, 21096, 321580, 89430, 20489, 62962, 47765, 12364, 22844, 5775, 25386, 108891], 'deal_power': [78.07, 29.68, 36.87, 69.83, 111.48, 85.18, 35.39, 55.62, 21.7, 104.0, 27.4, 70.72, 266.85, 69.28, 51.54, 76.92, 85.55, 29.57, 31.19, 24.53, 62.15, 88.86]}
{'stock_no': [], 'deal_power': []}
timer600틱 끝 timer1 재시작
timer600틱 시작 timer1 중지
-----
10분에 한번씩 클럭 발생::체결강도 전송 실행시간 : 10:30:02
계좌평가잔고내역요청 전송
000810;001040;002380;002790;003670;004800;004990;005380;006280;008560;009540;017670;018880;024110;034730;035250;035420;069960;078340;097950;139480;316140;
22
{'stock_no': ['000810', '001040', '002380', '002790', '003670', '004800', '004990', '005380', '006280', '008560', '009540', '017670', '018880', '024110', '034730', '035250', '035420', '069960', '078340', '097950', '139480', '316140'], 'stock_name': ['삼성화재', 'CJ', 'KCC', '아모레G', '포스코케미칼', '효성', '롯데지주', '현대차', '녹십자', '메리츠종금증권', '한국조선해양', 'SK텔레콤', '한온시스템', '기업은행', 'SK', '강원랜드', 'NAVER', '현대백화점', '컴투스', 'CJ제일제당', '이마트', '우리금융지주'], 'market_in_price': [272500, 103000, 278500, 66700, 55600, 75500, 44750, 142500, 127000, 5600, 123500, 262000, 11750, 14150, 239000, 31050, 120500, 81500, 104800, 301000, 144500, 14100], 'myhave_cnt': [5, 14, 4, 17, 21, 15, 33, 10, 9, 266, 12, 5, 100, 84, 6, 48, 9, 14, 14, 4, 8, 84], 'run_price': [261500, 97000, 258000, 59700, 53500, 72500, 39100, 133000, 109000, 5270, 112500, 258500, 11900, 13750, 225000, 30050, 118500, 79300, 93600, 279500, 134500, 13850], 'sell_price': [261500, 97100, 258500, 59700, 53500, 72500, 39150, 133500, 109500, 5280, 113000, 259000, 11900, 13750, 225500, 30100, 119000, 79400, 93700, 280000, 135000, 13850], 'sell_cnt': [549, 32, 73, 726, 668, 36, 750, 13945, 275, 18068, 4861, 695, 23550, 54721, 396, 300, 5461, 219, 60, 107, 1845, 37024], 'buy_price': [261000, 97000, 258000, 59600, 53400, 72400, 39100, 133000, 109000, 5270, 112500, 258500, 11850, 13700, 225000, 30050, 118500, 79300, 93600, 279500, 134500, 13800], 'buy_cnt': [594, 57, 232, 2950, 168, 140, 517, 6394, 1382, 6751, 7055, 2168, 21808, 25096, 1898, 158, 155, 30, 210, 275, 3476, 12234], 'vol_cnt': [7340, 7954, 4118, 105697, 110782, 7398, 129428, 157695, 28536, 446904, 26578, 21502, 523532, 107166, 20900, 68604, 56766, 12933, 24133, 7472, 25495, 121792], 'deal_power': [115.5, 30.06, 43.68, 84.68, 117.37, 90.6, 37.54, 55.08, 26.72, 96.02, 27.59, 70.82, 333.57, 54.0, 53.21, 83.95, 97.87, 29.27, 30.76, 18.36, 62.58, 88.02]}
{'stock_no': ['018880'], 'deal_power': [333.57]}
timer600틱 끝 timer1 재시작
timer600틱 시작 timer1 중지
-----
10분에 한번씩 클럭 발생::체결강도 전송 실행시간 : 10:40:02
계좌평가잔고내역요청 전송
000810;001040;002380;002790;003670;004800;004990;005380;006280;008560;009540;017670;018880;024110;034730;035250;035420;069960;078340;097950;139480;316140;
22
{'stock_no': ['000810', '001040', '002380', '002790', '003670', '004800', '004990', '005380', '006280', '008560', '009540', '017670', '018880', '024110', '034730', '035250', '035420', '069960', '078340', '097950', '139480', '316140'], 'stock_name': ['삼성화재', 'CJ', 'KCC', '아모레G', '포스코케미칼', '효성', '롯데지주', '현대차', '녹십자', '메리츠종금증권', '한국조선해양', 'SK텔레콤', '한온시스템', '기업은행', 'SK', '강원랜드', 'NAVER', '현대백화점', '컴투스', 'CJ제일제당', '이마트', '우리금융지주'], 'market_in_price': [272500, 103000, 278500, 66700, 55600, 75500, 44750, 142500, 127000, 5600, 123500, 262000, 11750, 14150, 239000, 31050, 120500, 81500, 104800, 301000, 144500, 14100], 'myhave_cnt': [5, 14, 4, 17, 21, 15, 33, 10, 9, 266, 12, 5, 100, 84, 6, 48, 9, 14, 14, 4, 8, 84], 'run_price': [262500, 97000, 257500, 59500, 53400, 72500, 38900, 133000, 109500, 5280, 112500, 259000, 11850, 13700, 226000, 30200, 119000, 79300, 93000, 279500, 134000, 13750], 'sell_price': [262500, 97100, 258000, 59500, 53400, 72500, 38950, 133500, 109500, 5280, 113000, 259000, 11850, 13750, 226000, 30200, 119000, 79400, 93100, 280000, 134500, 13800], 'sell_cnt': [466, 214, 79, 962, 1826, 17, 87, 12506, 1229, 14387, 8042, 459, 33515, 59347, 605, 844, 6566, 260, 122, 194, 1418, 5592], 'buy_price': [261500, 97000, 257500, 59400, 53300, 72400, 38900, 133000, 109000, 5270, 112500, 258500, 11800, 13700, 225500, 30150, 118500, 79300, 93000, 279500, 134000, 13750], 'buy_cnt': [1363, 78, 76, 1701, 22, 613, 1032, 14160, 1909, 12904, 6056, 2119, 22502, 27613, 1199, 1802, 880, 146, 325, 451, 8006, 51210], 'vol_cnt': [12028, 8833, 4468, 118209, 112730, 7700, 135029, 160637, 28843, 459199, 28392, 22391, 582939, 111680, 21838, 72318, 60587, 13266, 27018, 8050, 27619, 146986], 'deal_power': [152.75, 32.25, 39.19, 82.37, 116.23, 93.62, 36.79, 55.1, 27.84, 97.19, 26.1, 74.23, 249.12, 54.24, 57.11, 86.47, 103.09, 31.01, 27.42, 19.35, 57.49, 76.38]}
{'stock_no': [], 'deal_power': []}
timer600틱 끝 timer1 재시작
timer600틱 시작 timer1 중지
-----
10분에 한번씩 클럭 발생::체결강도 전송 실행시간 : 10:50:02
계좌평가잔고내역요청 전송
000810;001040;002380;002790;003670;004800;004990;005380;006280;008560;009540;017670;018880;024110;034730;035250;035420;069960;078340;097950;139480;316140;
22
{'stock_no': ['000810', '001040', '002380', '002790', '003670', '004800', '004990', '005380', '006280', '008560', '009540', '017670', '018880', '024110', '034730', '035250', '035420', '069960', '078340', '097950', '139480', '316140'], 'stock_name': ['삼성화재', 'CJ', 'KCC', '아모레G', '포스코케미칼', '효성', '롯데지주', '현대차', '녹십자', '메리츠종금증권', '한국조선해양', 'SK텔레콤', '한온시스템', '기업은행', 'SK', '강원랜드', 'NAVER', '현대백화점', '컴투스', 'CJ제일제당', '이마트', '우리금융지주'], 'market_in_price': [272500, 103000, 278500, 66700, 55600, 75500, 44750, 142500, 127000, 5600, 123500, 262000, 11750, 14150, 239000, 31050, 120500, 81500, 104800, 301000, 144500, 14100], 'myhave_cnt': [5, 14, 4, 17, 21, 15, 33, 10, 9, 266, 12, 5, 100, 84, 6, 48, 9, 14, 14, 4, 8, 84], 'run_price': [262000, 97200, 258500, 59300, 53300, 72400, 39200, 134000, 109000, 5290, 113000, 259000, 11800, 13750, 226000, 30100, 118500, 79400, 93000, 280000, 135000, 13800], 'sell_price': [262500, 97200, 259000, 59400, 53300, 72500, 39200, 134000, 109500, 5290, 113000, 259000, 11850, 13750, 226000, 30100, 119000, 79400, 93200, 280000, 135000, 13800], 'sell_cnt': [425, 5, 180, 2566, 2300, 138, 1073, 17705, 544, 10555, 8707, 188, 48488, 61560, 1195, 443, 9743, 338, 49, 188, 1164, 733], 'buy_price': [262000, 97100, 258500, 59300, 53200, 72400, 39150, 133500, 109000, 5280, 112500, 258500, 11800, 13700, 225500, 30050, 118500, 79300, 93100, 279500, 134500, 13750], 'buy_cnt': [127, 637, 18, 1356, 224, 571, 186, 13131, 2107, 14315, 7596, 2142, 15206, 78021, 1477, 2706, 6850, 335, 11, 409, 2661, 58950], 'vol_cnt': [12550, 9117, 4674, 123538, 114941, 7984, 138830, 172818, 29203, 499591, 29303, 25109, 616417, 117842, 23820, 79095, 64228, 13550, 27905, 8472, 31273, 169670], 'deal_power': [151.59, 33.68, 43.41, 80.51, 114.42, 96.33, 37.98, 63.3, 29.21, 108.26, 26.35, 76.58, 228.83, 56.05, 57.68, 86.96, 101.47, 32.52, 28.01, 19.11, 70.57, 80.92]}
{'stock_no': [], 'deal_power': []}
timer600틱 끝 timer1 재시작
timer600틱 시작 timer1 중지
-----
10분에 한번씩 클럭 발생::체결강도 전송 실행시간 : 11:00:02
계좌평가잔고내역요청 전송
000810;001040;002380;002790;003670;004800;004990;005380;006280;008560;009540;017670;018880;024110;034730;035250;035420;069960;078340;097950;139480;316140;
22
{'stock_no': ['000810', '001040', '002380', '002790', '003670', '004800', '004990', '005380', '006280', '008560', '009540', '017670', '018880', '024110', '034730', '035250', '035420', '069960', '078340', '097950', '139480', '316140'], 'stock_name': ['삼성화재', 'CJ', 'KCC', '아모레G', '포스코케미칼', '효성', '롯데지주', '현대차', '녹십자', '메리츠종금증권', '한국조선해양', 'SK텔레콤', '한온시스템', '기업은행', 'SK', '강원랜드', 'NAVER', '현대백화점', '컴투스', 'CJ제일제당', '이마트', '우리금융지주'], 'market_in_price': [272500, 103000, 278500, 66700, 55600, 75500, 44750, 142500, 127000, 5600, 123500, 262000, 11750, 14150, 239000, 31050, 120500, 81500, 104800, 301000, 144500, 14100], 'myhave_cnt': [5, 14, 4, 17, 21, 15, 33, 10, 9, 266, 12, 5, 100, 84, 6, 48, 9, 14, 14, 4, 8, 84], 'run_price': [262500, 97300, 258500, 59400, 52800, 72400, 39050, 133500, 109000, 5290, 112500, 259500, 11850, 13700, 226000, 30100, 119000, 79200, 92800, 281000, 135000, 13800], 'sell_price': [263000, 97400, 259000, 59500, 52800, 72500, 39100, 134000, 109500, 5290, 113000, 259500, 11850, 13750, 226500, 30150, 119000, 79300, 92900, 281500, 135000, 13850], 'sell_cnt': [1648, 7, 81, 2584, 229, 103, 66, 17896, 1413, 19193, 6529, 2426, 46899, 62569, 143, 874, 9814, 302, 318, 98, 538, 29804], 'buy_price': [262500, 97300, 258500, 59400, 52700, 72400, 39050, 133500, 109000, 5280, 112500, 259000, 11800, 13700, 226000, 30100, 118500, 79200, 92800, 281000, 134500, 13800], 'buy_cnt': [407, 309, 174, 1435, 1504, 524, 62, 17258, 1999, 13674, 7636, 1896, 34513, 76251, 1251, 1251, 4080, 510, 71, 184, 3347, 18306], 'vol_cnt': [13900, 9451, 4827, 132066, 132402, 8338, 149487, 176182, 29686, 505024, 30125, 26297, 633027, 123654, 25780, 83049, 72948, 14245, 30496, 9014, 32512, 181366], 'deal_power': [147.38, 34.6, 45.23, 88.49, 99.46, 101.8, 36.2, 63.1, 29.2, 109.82, 26.65, 82.1, 227.98, 55.05, 67.32, 89.17, 99.49, 33.24, 28.02, 25.19, 76.48, 80.96]}
{'stock_no': ['000120'], 'deal_power': [308.74]}
buy_able_money < market_in_pro
0
timer600틱 끝 timer1 재시작
timer600틱 시작 timer1 중지
-----
10분에 한번씩 클럭 발생::체결강도 전송 실행시간 : 11:10:02
계좌평가잔고내역요청 전송
000810;001040;002380;002790;003670;004800;004990;005380;006280;008560;009540;017670;018880;024110;034730;035250;035420;069960;078340;097950;139480;316140;
22
{'stock_no': ['000810', '001040', '002380', '002790', '003670', '004800', '004990', '005380', '006280', '008560', '009540', '017670', '018880', '024110', '034730', '035250', '035420', '069960', '078340', '097950', '139480', '316140'], 'stock_name': ['삼성화재', 'CJ', 'KCC', '아모레G', '포스코케미칼', '효성', '롯데지주', '현대차', '녹십자', '메리츠종금증권', '한국조선해양', 'SK텔레콤', '한온시스템', '기업은행', 'SK', '강원랜드', 'NAVER', '현대백화점', '컴투스', 'CJ제일제당', '이마트', '우리금융지주'], 'market_in_price': [272500, 103000, 278500, 66700, 55600, 75500, 44750, 142500, 127000, 5600, 123500, 262000, 11750, 14150, 239000, 31050, 120500, 81500, 104800, 301000, 144500, 14100], 'myhave_cnt': [5, 14, 4, 17, 21, 15, 33, 10, 9, 266, 12, 5, 100, 84, 6, 48, 9, 14, 14, 4, 8, 84], 'run_price': [262000, 97400, 258500, 59500, 50300, 72500, 39100, 134000, 110000, 5290, 113000, 259500, 11850, 13750, 227000, 30200, 119000, 79400, 93100, 282000, 135000, 13850], 'sell_price': [262500, 97500, 259000, 59500, 50600, 72500, 39150, 134000, 110000, 5290, 113000, 260000, 11850, 13750, 227000, 30200, 119000, 79400, 93200, 282500, 135500, 13850], 'sell_cnt': [389, 52, 87, 3063, 3718, 139, 2241, 18972, 3097, 28235, 7792, 1485, 39504, 63768, 406, 189, 10172, 280, 36, 37, 4080, 22165], 'buy_price': [262000, 97400, 258500, 59400, 50500, 72400, 39100, 133500, 109500, 5280, 112500, 259500, 11800, 13700, 226500, 30150, 118500, 79300, 93100, 282000, 135000, 13800], 'buy_cnt': [1271, 326, 385, 4162, 219, 720, 1159, 15802, 894, 13003, 8545, 1710, 40407, 82218, 2434, 7004, 7449, 271, 193, 180, 246, 25533], 'vol_cnt': [15117, 9989, 5025, 138118, 230670, 8622, 152522, 179732, 32114, 511943, 31381, 28360, 654186, 129954, 26629, 88068, 75507, 14711, 31876, 9292, 33662, 187875], 'deal_power': [134.0, 38.19, 47.96, 91.44, 85.68, 106.56, 36.49, 62.84, 36.82, 109.74, 28.14, 92.05, 227.52, 53.11, 71.79, 94.96, 100.69, 37.21, 31.33, 27.44, 78.51, 78.82]}
{'stock_no': ['000120'], 'deal_power': [322.02]}
buy_able_money < market_in_pro
0
timer600틱 끝 timer1 재시작
timer600틱 시작 timer1 중지
-----
10분에 한번씩 클럭 발생::체결강도 전송 실행시간 : 11:20:02
계좌평가잔고내역요청 전송
000810;001040;002380;002790;003670;004800;004990;005380;006280;008560;009540;017670;018880;024110;034730;035250;035420;069960;078340;097950;139480;316140;
22
{'stock_no': ['000810', '001040', '002380', '002790', '003670', '004800', '004990', '005380', '006280', '008560', '009540', '017670', '018880', '024110', '034730', '035250', '035420', '069960', '078340', '097950', '139480', '316140'], 'stock_name': ['삼성화재', 'CJ', 'KCC', '아모레G', '포스코케미칼', '효성', '롯데지주', '현대차', '녹십자', '메리츠종금증권', '한국조선해양', 'SK텔레콤', '한온시스템', '기업은행', 'SK', '강원랜드', 'NAVER', '현대백화점', '컴투스', 'CJ제일제당', '이마트', '우리금융지주'], 'market_in_price': [272500, 103000, 278500, 66700, 55600, 75500, 44750, 142500, 127000, 5600, 123500, 262000, 11750, 14150, 239000, 31050, 120500, 81500, 104800, 301000, 144500, 14100], 'myhave_cnt': [5, 14, 4, 17, 21, 15, 33, 10, 9, 266, 12, 5, 100, 84, 6, 48, 9, 14, 14, 4, 8, 84], 'run_price': [262500, 97400, 258500, 59400, 51100, 72600, 39150, 133500, 109500, 5260, 113000, 260000, 11850, 13750, 227500, 30200, 119000, 79400, 93100, 282500, 135000, 13850], 'sell_price': [262500, 97500, 259000, 59500, 51100, 72700, 39150, 134000, 110000, 5270, 113000, 260000, 11850, 13750, 227500, 30200, 119000, 79400, 93200, 282500, 135000, 13850], 'sell_cnt': [392, 254, 214, 2468, 1966, 45, 2952, 19329, 3813, 21518, 7944, 114, 33736, 7833, 775, 447, 11786, 383, 89, 332, 2400, 43206], 'buy_price': [262000, 97400, 258500, 59400, 51000, 72600, 39100, 133500, 109500, 5260, 112500, 259500, 11800, 13700, 227000, 30150, 118500, 79300, 93100, 282000, 134500, 13800], 'buy_cnt': [1286, 581, 276, 3375, 1214, 10, 1786, 13055, 169, 14424, 9204, 2263, 45569, 104030, 2208, 8115, 10274, 249, 83, 166, 3323, 6573], 'vol_cnt': [15897, 10162, 5196, 146271, 327488, 9236, 155514, 184394, 32369, 563295, 32383, 32114, 672762, 178409, 28456, 92572, 77706, 14912, 32792, 9453, 34959, 198188], 'deal_power': [144.65, 38.75, 49.06, 98.79, 85.09, 119.2, 36.83, 62.79, 36.61, 95.61, 29.03, 85.15, 229.84, 102.21, 77.43, 94.15, 101.16, 36.85, 31.86, 27.99, 76.98, 72.89]}
{'stock_no': ['000120'], 'deal_power': [333.06]}
buy_able_money < market_in_pro
0
timer600틱 끝 timer1 재시작
timer600틱 시작 timer1 중지
-----
10분에 한번씩 클럭 발생::체결강도 전송 실행시간 : 11:30:02
계좌평가잔고내역요청 전송
000810;001040;002380;002790;003670;004800;004990;005380;006280;008560;009540;017670;018880;024110;034730;035250;035420;069960;078340;097950;139480;316140;
22
{'stock_no': ['000810', '001040', '002380', '002790', '003670', '004800', '004990', '005380', '006280', '008560', '009540', '017670', '018880', '024110', '034730', '035250', '035420', '069960', '078340', '097950', '139480', '316140'], 'stock_name': ['삼성화재', 'CJ', 'KCC', '아모레G', '포스코케미칼', '효성', '롯데지주', '현대차', '녹십자', '메리츠종금증권', '한국조선해양', 'SK텔레콤', '한온시스템', '기업은행', 'SK', '강원랜드', 'NAVER', '현대백화점', '컴투스', 'CJ제일제당', '이마트', '우리금융지주'], 'market_in_price': [272500, 103000, 278500, 66700, 55600, 75500, 44750, 142500, 127000, 5600, 123500, 262000, 11750, 14150, 239000, 31050, 120500, 81500, 104800, 301000, 144500, 14100], 'myhave_cnt': [5, 14, 4, 17, 21, 15, 33, 10, 9, 266, 12, 5, 100, 84, 6, 48, 9, 14, 14, 4, 8, 84], 'run_price': [262500, 97300, 258500, 59300, 51600, 72600, 39350, 133500, 109500, 5260, 113000, 259000, 11900, 13800, 227500, 30000, 118500, 79400, 93400, 281500, 135000, 13850], 'sell_price': [262500, 97400, 259000, 59400, 51600, 72700, 39350, 134000, 110000, 5270, 113500, 259500, 11900, 13800, 227500, 30050, 119000, 79400, 93500, 282000, 135000, 13850], 'sell_cnt': [180, 54, 65, 4844, 331, 159, 713, 18457, 4150, 17750, 5536, 1117, 34803, 58517, 1154, 792, 8831, 15, 127, 272, 2935, 41707], 'buy_price': [262000, 97300, 258500, 59300, 51500, 72600, 39300, 133500, 109500, 5260, 113000, 259000, 11850, 13750, 227000, 30000, 118500, 79200, 93400, 281500, 134500, 13800], 'buy_cnt': [1516, 535, 309, 2613, 3084, 133, 2511, 16982, 362, 15326, 4097, 1714, 45028, 5459, 1768, 2505, 15011, 518, 16, 316, 3313, 2581], 'vol_cnt': [16361, 10924, 5310, 153289, 370506, 9557, 163929, 188479, 32650, 568304, 41989, 32904, 768614, 189354, 29432, 104325, 82791, 19040, 33615, 9761, 35353, 208738], 'deal_power': [150.41, 35.62, 50.44, 93.01, 92.38, 123.45, 42.07, 62.19, 36.21, 95.12, 58.09, 83.24, 268.68, 110.0, 75.99, 82.96, 107.64, 37.1, 32.46, 28.08, 76.35, 67.94]}
{'stock_no': [], 'deal_power': []}
timer600틱 끝 timer1 재시작
timer600틱 시작 timer1 중지
-----
10분에 한번씩 클럭 발생::체결강도 전송 실행시간 : 11:40:02
계좌평가잔고내역요청 전송
000810;001040;002380;002790;003670;004800;004990;005380;006280;008560;009540;017670;018880;024110;034730;035250;035420;069960;078340;097950;139480;316140;
22
{'stock_no': ['000810', '001040', '002380', '002790', '003670', '004800', '004990', '005380', '006280', '008560', '009540', '017670', '018880', '024110', '034730', '035250', '035420', '069960', '078340', '097950', '139480', '316140'], 'stock_name': ['삼성화재', 'CJ', 'KCC', '아모레G', '포스코케미칼', '효성', '롯데지주', '현대차', '녹십자', '메리츠종금증권', '한국조선해양', 'SK텔레콤', '한온시스템', '기업은행', 'SK', '강원랜드', 'NAVER', '현대백화점', '컴투스', 'CJ제일제당', '이마트', '우리금융지주'], 'market_in_price': [272500, 103000, 278500, 66700, 55600, 75500, 44750, 142500, 127000, 5600, 123500, 262000, 11750, 14150, 239000, 31050, 120500, 81500, 104800, 301000, 144500, 14100], 'myhave_cnt': [5, 14, 4, 17, 21, 15, 33, 10, 9, 266, 12, 5, 100, 84, 6, 48, 9, 14, 14, 4, 8, 84], 'run_price': [262000, 97300, 258500, 59200, 51900, 72600, 39100, 133500, 109500, 5260, 113500, 259000, 11900, 13750, 227500, 30000, 119000, 79500, 93100, 281500, 134500, 13750], 'sell_price': [262000, 97400, 259000, 59200, 51900, 72600, 39150, 134000, 110000, 5270, 113500, 259000, 11900, 13750, 227500, 30050, 119000, 79500, 93200, 282500, 135000, 13800], 'sell_cnt': [85, 537, 24, 7392, 522, 14, 343, 22596, 4693, 16706, 6814, 1020, 33573, 19278, 924, 935, 9969, 489, 16, 170, 3394, 12274], 'buy_price': [261500, 97300, 258500, 59100, 51800, 72500, 39100, 133500, 109500, 5260, 113000, 258500, 11850, 13700, 227000, 30000, 118500, 79400, 93100, 282000, 134500, 13750], 'buy_cnt': [1050, 476, 259, 1854, 2250, 124, 425, 11012, 35, 17810, 4340, 1650, 40089, 70431, 2798, 3706, 12555, 56, 150, 44, 4198, 65769], 'vol_cnt': [18076, 11057, 5740, 161568, 385340, 9981, 169815, 193094, 33177, 576162, 42542, 33836, 791385, 199061, 30061, 108405, 84618, 19329, 34648, 10576, 35555, 222438], 'deal_power': [127.54, 35.23, 50.99, 88.03, 95.68, 123.69, 42.87, 61.44, 35.58, 94.93, 58.25, 80.74, 265.03, 102.87, 78.32, 82.8, 109.64, 37.07, 32.47, 30.45, 76.25, 66.92]}
{'stock_no': [], 'deal_power': []}
timer600틱 끝 timer1 재시작
timer600틱 시작 timer1 중지
-----
10분에 한번씩 클럭 발생::체결강도 전송 실행시간 : 11:50:02
계좌평가잔고내역요청 전송
000810;001040;002380;002790;003670;004800;004990;005380;006280;008560;009540;017670;018880;024110;034730;035250;035420;069960;078340;097950;139480;316140;
22
{'stock_no': ['000810', '001040', '002380', '002790', '003670', '004800', '004990', '005380', '006280', '008560', '009540', '017670', '018880', '024110', '034730', '035250', '035420', '069960', '078340', '097950', '139480', '316140'], 'stock_name': ['삼성화재', 'CJ', 'KCC', '아모레G', '포스코케미칼', '효성', '롯데지주', '현대차', '녹십자', '메리츠종금증권', '한국조선해양', 'SK텔레콤', '한온시스템', '기업은행', 'SK', '강원랜드', 'NAVER', '현대백화점', '컴투스', 'CJ제일제당', '이마트', '우리금융지주'], 'market_in_price': [272500, 103000, 278500, 66700, 55600, 75500, 44750, 142500, 127000, 5600, 123500, 262000, 11750, 14150, 239000, 31050, 120500, 81500, 104800, 301000, 144500, 14100], 'myhave_cnt': [5, 14, 4, 17, 21, 15, 33, 10, 9, 266, 12, 5, 100, 84, 6, 48, 9, 14, 14, 4, 8, 84], 'run_price': [261500, 97300, 258500, 58900, 52200, 72600, 39000, 133500, 109000, 5270, 113500, 259000, 11950, 13750, 227000, 30000, 118500, 79300, 93300, 282000, 134500, 13750], 'sell_price': [262000, 97400, 259000, 59000, 52200, 72600, 39000, 134000, 109500, 5270, 113500, 259000, 11950, 13750, 227500, 30050, 119000, 79300, 93300, 282500, 135000, 13800], 'sell_cnt': [461, 623, 220, 6497, 354, 26, 630, 21601, 1321, 16787, 7006, 787, 39486, 28332, 1503, 1445, 10286, 299, 3, 216, 3727, 16269], 'buy_price': [261500, 97300, 258500, 58900, 52100, 72500, 38950, 133500, 109000, 5260, 113000, 258500, 11900, 13700, 227000, 30000, 118500, 79200, 93200, 282000, 134500, 13750], 'buy_cnt': [421, 352, 26, 1030, 544, 92, 1182, 520, 2812, 16203, 4376, 1610, 35803, 87696, 1990, 3973, 11736, 274, 236, 84, 4036, 66039], 'vol_cnt': [18506, 11175, 5831, 169739, 408347, 10298, 178803, 207766, 33357, 587072, 43099, 34435, 847565, 201571, 31389, 109653, 87650, 19551, 35427, 10702, 35662, 231821], 'deal_power': [130.49, 34.87, 50.42, 81.21, 101.5, 128.67, 41.21, 56.82, 35.58, 94.98, 58.43, 81.49, 279.02, 102.5, 75.83, 82.3, 113.64, 36.77, 31.91, 30.72, 76.5, 63.74]}
{'stock_no': [], 'deal_power': []}
timer600틱 끝 timer1 재시작
timer600틱 시작 timer1 중지
-----
10분에 한번씩 클럭 발생::체결강도 전송 실행시간 : 12:00:02
계좌평가잔고내역요청 전송
000810;001040;002380;002790;003670;004800;004990;005380;006280;008560;009540;017670;018880;024110;034730;035250;035420;069960;078340;097950;139480;316140;
22
{'stock_no': ['000810', '001040', '002380', '002790', '003670', '004800', '004990', '005380', '006280', '008560', '009540', '017670', '018880', '024110', '034730', '035250', '035420', '069960', '078340', '097950', '139480', '316140'], 'stock_name': ['삼성화재', 'CJ', 'KCC', '아모레G', '포스코케미칼', '효성', '롯데지주', '현대차', '녹십자', '메리츠종금증권', '한국조선해양', 'SK텔레콤', '한온시스템', '기업은행', 'SK', '강원랜드', 'NAVER', '현대백화점', '컴투스', 'CJ제일제당', '이마트', '우리금융지주'], 'market_in_price': [272500, 103000, 278500, 66700, 55600, 75500, 44750, 142500, 127000, 5600, 123500, 262000, 11750, 14150, 239000, 31050, 120500, 81500, 104800, 301000, 144500, 14100], 'myhave_cnt': [5, 14, 4, 17, 21, 15, 33, 10, 9, 266, 12, 5, 100, 84, 6, 48, 9, 14, 14, 4, 8, 84], 'run_price': [262000, 97200, 259000, 58900, 52500, 72600, 39100, 134000, 109000, 5260, 113500, 258500, 12000, 13700, 227000, 30000, 119500, 78900, 93700, 282000, 135000, 13800], 'sell_price': [262000, 97300, 259000, 58900, 52500, 72700, 39100, 134000, 109500, 5270, 113500, 259000, 12000, 13750, 227500, 30050, 119500, 79000, 93700, 282000, 135000, 13800], 'sell_cnt': [360, 458, 49, 7539, 540, 204, 892, 18721, 692, 17907, 7000, 747, 36708, 28982, 1216, 1141, 4633, 3288, 25, 232, 4904, 15031], 'buy_price': [261500, 97200, 258500, 58800, 52300, 72500, 39050, 133500, 109000, 5260, 113000, 258500, 11950, 13700, 227000, 30000, 119000, 78900, 93600, 281500, 134500, 13750], 'buy_cnt': [855, 594, 162, 39, 173, 39, 264, 1081, 3328, 8345, 4474, 1792, 25975, 93132, 2154, 3685, 5963, 226, 182, 175, 1536, 67447], 'vol_cnt': [18830, 11825, 5937, 175152, 422190, 10593, 183244, 213951, 33749, 592340, 43539, 34908, 914162, 206688, 31705, 111099, 99245, 20335, 36439, 10945, 37516, 241391], 'deal_power': [132.91, 32.52, 51.79, 78.64, 104.21, 131.08, 42.78, 58.28, 36.83, 94.18, 58.31, 82.12, 287.64, 101.59, 75.87, 81.41, 139.2, 35.01, 32.56, 30.8, 70.58, 63.27]}
{'stock_no': [], 'deal_power': []}
timer600틱 끝 timer1 재시작
timer600틱 시작 timer1 중지
-----
10분에 한번씩 클럭 발생::체결강도 전송 실행시간 : 12:10:02
계좌평가잔고내역요청 전송
000810;001040;002380;002790;003670;004800;004990;005380;006280;008560;009540;017670;018880;024110;034730;035250;035420;069960;078340;097950;139480;316140;
22
{'stock_no': ['000810', '001040', '002380', '002790', '003670', '004800', '004990', '005380', '006280', '008560', '009540', '017670', '018880', '024110', '034730', '035250', '035420', '069960', '078340', '097950', '139480', '316140'], 'stock_name': ['삼성화재', 'CJ', 'KCC', '아모레G', '포스코케미칼', '효성', '롯데지주', '현대차', '녹십자', '메리츠종금증권', '한국조선해양', 'SK텔레콤', '한온시스템', '기업은행', 'SK', '강원랜드', 'NAVER', '현대백화점', '컴투스', 'CJ제일제당', '이마트', '우리금융지주'], 'market_in_price': [272500, 103000, 278500, 66700, 55600, 75500, 44750, 142500, 127000, 5600, 123500, 262000, 11750, 14150, 239000, 31050, 120500, 81500, 104800, 301000, 144500, 14100], 'myhave_cnt': [5, 14, 4, 17, 21, 15, 33, 10, 9, 266, 12, 5, 100, 84, 6, 48, 9, 14, 14, 4, 8, 84], 'run_price': [262000, 97200, 259000, 58400, 52500, 72500, 39100, 133500, 109000, 5260, 113500, 259000, 12050, 13750, 227500, 30000, 119000, 78900, 94700, 281500, 135000, 13800], 'sell_price': [262000, 97300, 259500, 58400, 52500, 72500, 39100, 134000, 109500, 5270, 113500, 259000, 12050, 13750, 227500, 30050, 119500, 79000, 94700, 282000, 135000, 13800], 'sell_cnt': [338, 75, 147, 1681, 1103, 28, 914, 19029, 1240, 19947, 7163, 808, 3160, 8454, 1015, 437, 3948, 3195, 35, 109, 4752, 13459], 'buy_price': [261500, 97200, 259000, 58300, 52400, 72400, 39050, 133500, 109000, 5260, 113000, 258500, 12000, 13700, 227000, 30000, 119000, 78900, 94600, 281500, 134500, 13750], 'buy_cnt': [1348, 779, 58, 2163, 1570, 836, 738, 2635, 3412, 8045, 3990, 1671, 38758, 98039, 2149, 9460, 6395, 468, 20, 86, 1767, 49951], 'vol_cnt': [19064, 12113, 6070, 183699, 429114, 10860, 185826, 217575, 34046, 598893, 44120, 35357, 1001139, 222191, 32223, 113384, 100734, 20710, 39321, 11225, 37769, 250957], 'deal_power': [135.54, 32.72, 54.54, 73.21, 105.17, 132.65, 43.26, 57.26, 37.55, 93.44, 57.87, 82.96, 305.6, 111.9, 76.58, 82.14, 141.24, 34.37, 38.37, 30.8, 70.37, 61.28]}
{'stock_no': ['018880'], 'deal_power': [305.6]}
timer600틱 끝 timer1 재시작
timer600틱 시작 timer1 중지
-----
10분에 한번씩 클럭 발생::체결강도 전송 실행시간 : 12:20:02
계좌평가잔고내역요청 전송
000810;001040;002380;002790;003670;004800;004990;005380;006280;008560;009540;017670;018880;024110;034730;035250;035420;069960;078340;097950;139480;316140;
22
{'stock_no': ['000810', '001040', '002380', '002790', '003670', '004800', '004990', '005380', '006280', '008560', '009540', '017670', '018880', '024110', '034730', '035250', '035420', '069960', '078340', '097950', '139480', '316140'], 'stock_name': ['삼성화재', 'CJ', 'KCC', '아모레G', '포스코케미칼', '효성', '롯데지주', '현대차', '녹십자', '메리츠종금증권', '한국조선해양', 'SK텔레콤', '한온시스템', '기업은행', 'SK', '강원랜드', 'NAVER', '현대백화점', '컴투스', 'CJ제일제당', '이마트', '우리금융지주'], 'market_in_price': [272500, 103000, 278500, 66700, 55600, 75500, 44750, 142500, 127000, 5600, 123500, 262000, 11750, 14150, 239000, 31050, 120500, 81500, 104800, 301000, 144500, 14100], 'myhave_cnt': [5, 14, 4, 17, 21, 15, 33, 10, 9, 266, 12, 5, 100, 84, 6, 48, 9, 14, 14, 4, 8, 84], 'run_price': [262000, 97300, 259000, 58500, 52500, 72500, 39100, 133500, 109500, 5270, 113500, 259000, 12000, 13700, 227000, 30000, 119000, 79100, 94400, 282500, 135000, 13800], 'sell_price': [262000, 97400, 259500, 58600, 52600, 72500, 39100, 134000, 109500, 5270, 113500, 259000, 12050, 13750, 227500, 30050, 119500, 79100, 94300, 282500, 135000, 13800], 'sell_cnt': [312, 193, 145, 1844, 1633, 6, 51, 20029, 1353, 20635, 7259, 1071, 11327, 830, 1278, 1424, 3627, 471, 2, 134, 5133, 14696], 'buy_price': [261500, 97300, 259000, 58500, 52500, 72400, 39050, 133500, 109000, 5260, 113000, 258500, 12000, 13700, 227000, 30000, 119000, 79000, 94200, 282000, 134500, 13750], 'buy_cnt': [1235, 290, 69, 2525, 673, 834, 1211, 1151, 3454, 21795, 3704, 2046, 40283, 101955, 2080, 3515, 7986, 460, 162, 301, 1461, 63670], 'vol_cnt': [19207, 12363, 6082, 205924, 438649, 11182, 189379, 220932, 34184, 607624, 44523, 35844, 1062447, 238056, 32756, 115896, 102436, 21426, 54791, 11429, 38131, 263660], 'deal_power': [136.86, 32.38, 54.73, 88.19, 105.87, 136.13, 44.15, 56.41, 37.61, 93.49, 57.91, 84.1, 284.29, 114.68, 76.66, 81.97, 142.91, 38.41, 50.62, 32.4, 70.66, 60.7]}
{'stock_no': [], 'deal_power': []}
timer600틱 끝 timer1 재시작
-----
매도종목검색 실행시간 : 12:28:58
sell_item_list.append(strCode)
018880
11750
12100
tarket_earn_ret
1
목표수익 도달 청산
9004
['018880']
[12]
['018880']
[100]
Wed Jul 17 12:28:58 2019
['전송', 1, '018880', 100, 12100, '']
전송
Wed Jul 17 12:28:59 2019
['접수', 1, '018880', 100, 12100, '0016037']
접수
timer600틱 시작 timer1 중지
-----
10분에 한번씩 클럭 발생::체결강도 전송 실행시간 : 12:30:02
계좌평가잔고내역요청 전송
000810;001040;002380;002790;003670;004800;004990;005380;006280;008560;009540;017670;018880;024110;034730;035250;035420;069960;078340;097950;139480;316140;
22
{'stock_no': ['000810', '001040', '002380', '002790', '003670', '004800', '004990', '005380', '006280', '008560', '009540', '017670', '018880', '024110', '034730', '035250', '035420', '069960', '078340', '097950', '139480', '316140'], 'stock_name': ['삼성화재', 'CJ', 'KCC', '아모레G', '포스코케미칼', '효성', '롯데지주', '현대차', '녹십자', '메리츠종금증권', '한국조선해양', 'SK텔레콤', '한온시스템', '기업은행', 'SK', '강원랜드', 'NAVER', '현대백화점', '컴투스', 'CJ제일제당', '이마트', '우리금융지주'], 'market_in_price': [272500, 103000, 278500, 66700, 55600, 75500, 44750, 142500, 127000, 5600, 123500, 262000, 11750, 14150, 239000, 31050, 120500, 81500, 104800, 301000, 144500, 14100], 'myhave_cnt': [5, 14, 4, 17, 21, 15, 33, 10, 9, 266, 12, 5, 100, 84, 6, 48, 9, 14, 14, 4, 8, 84], 'run_price': [262000, 97500, 259500, 58600, 52600, 72500, 39100, 133500, 109500, 5260, 113500, 260000, 12050, 13800, 227500, 30050, 119500, 79000, 94600, 282500, 135000, 13800], 'sell_price': [262000, 97600, 259500, 58600, 52600, 72500, 39100, 134000, 109500, 5270, 113500, 260000, 12100, 13800, 227500, 30100, 119500, 79100, 94600, 282500, 135000, 13800], 'sell_cnt': [244, 76, 197, 3168, 1255, 46, 414, 17463, 1207, 21471, 7195, 5255, 25118, 54685, 891, 1521, 1643, 552, 200, 162, 5799, 15790], 'buy_price': [261500, 97500, 259000, 58500, 52500, 72400, 39050, 133500, 109000, 5260, 113000, 259500, 12050, 13750, 227000, 30050, 119000, 79000, 94400, 282000, 134500, 13750], 'buy_cnt': [1325, 653, 95, 2173, 1230, 834, 1238, 200, 4887, 26131, 3609, 2028, 23597, 40512, 2978, 3123, 9362, 648, 8, 336, 3528, 61820], 'vol_cnt': [19437, 12705, 6129, 214960, 443265, 11457, 192875, 228481, 34545, 614408, 44867, 38659, 1108994, 241934, 33601, 118068, 105820, 21601, 57354, 11710, 38908, 273021], 'deal_power': [139.01, 34.69, 55.77, 89.04, 106.23, 139.68, 44.4, 58.0, 39.04, 91.94, 57.52, 97.33, 285.36, 116.24, 79.24, 81.92, 148.72, 38.36, 52.16, 34.95, 73.36, 59.33]}
{'stock_no': [], 'deal_power': []}
timer600틱 끝 timer1 재시작
timer600틱 시작 timer1 중지
-----
10분에 한번씩 클럭 발생::체결강도 전송 실행시간 : 12:40:02
계좌평가잔고내역요청 전송
000810;001040;002380;002790;003670;004800;004990;005380;006280;008560;009540;017670;018880;024110;034730;035250;035420;069960;078340;097950;139480;316140;
22
{'stock_no': ['000810', '001040', '002380', '002790', '003670', '004800', '004990', '005380', '006280', '008560', '009540', '017670', '018880', '024110', '034730', '035250', '035420', '069960', '078340', '097950', '139480', '316140'], 'stock_name': ['삼성화재', 'CJ', 'KCC', '아모레G', '포스코케미칼', '효성', '롯데지주', '현대차', '녹십자', '메리츠종금증권', '한국조선해양', 'SK텔레콤', '한온시스템', '기업은행', 'SK', '강원랜드', 'NAVER', '현대백화점', '컴투스', 'CJ제일제당', '이마트', '우리금융지주'], 'market_in_price': [272500, 103000, 278500, 66700, 55600, 75500, 44750, 142500, 127000, 5600, 123500, 262000, 11750, 14150, 239000, 31050, 120500, 81500, 104800, 301000, 144500, 14100], 'myhave_cnt': [5, 14, 4, 17, 21, 15, 33, 10, 9, 266, 12, 5, 100, 84, 6, 48, 9, 14, 14, 4, 8, 84], 'run_price': [262000, 97700, 259000, 58200, 52600, 72400, 39150, 133500, 109500, 5260, 113000, 259500, 12100, 13750, 227000, 30050, 119000, 79000, 94200, 282500, 135000, 13750], 'sell_price': [262000, 97800, 259000, 58300, 52600, 72500, 39150, 134000, 110000, 5270, 113500, 260000, 12100, 13800, 227500, 30100, 119500, 79100, 94300, 282500, 135000, 13800], 'sell_cnt': [120, 363, 15, 1647, 1365, 17, 164, 18883, 7139, 21356, 7498, 5302, 30654, 50049, 912, 3111, 2012, 648, 28, 105, 5721, 15370], 'buy_price': [261500, 97700, 258500, 58200, 52500, 72400, 39100, 133500, 109500, 5260, 113000, 259500, 12050, 13750, 227000, 30050, 119000, 79000, 94100, 282000, 134500, 13750], 'buy_cnt': [1388, 550, 221, 2705, 183, 810, 1171, 388, 249, 28261, 3346, 2082, 21740, 42697, 2157, 476, 8744, 556, 35, 319, 3559, 66183], 'vol_cnt': [19687, 13015, 6285, 232171, 449623, 11719, 196602, 232045, 36066, 621262, 45354, 39167, 1133735, 244157, 34268, 120988, 109044, 22240, 58627, 11880, 39186, 282412], 'deal_power': [141.55, 36.55, 53.82, 86.83, 105.74, 142.33, 45.36, 57.12, 44.6, 91.16, 56.8, 98.15, 279.27, 116.07, 81.89, 79.6, 154.91, 37.09, 52.2, 36.07, 74.26, 58.48]}
{'stock_no': [], 'deal_power': []}
timer600틱 끝 timer1 재시작
Wed Jul 17 12:42:53 2019
['체결', 1, '018880', 100, 12100, '0016037']
체결
True
['전송vs체결수량OK']
['접수vs체결수량OK']
True
접수vs체결수량OK timer1 중지
접수vs체결수량OK timer600 중지
주문타이머 시작
{'OrderRunKind': ['전송'], 'SellBuyType': [1], 'OrderRunCode': ['018880'], 'OrderRunVolume': [100], 'OrderRunPrice': [12100], 'OrgOrderNo': [''], 'modify_item': ['전송vs체결수량OK']}
{'OrderRunKind': ['접수'], 'SellBuyType': [1], 'OrderRunCode': ['018880'], 'OrderRunVolume': [100], 'OrderRunPrice': [12100], 'OrgOrderNo': ['0016037'], 'modify_item': ['접수vs체결수량OK']}
{'OrderRunKind': ['체결'], 'SellBuyType': [1], 'OrderRunCode': ['018880'], 'OrderRunVolume': [100], 'OrderRunPrice': [12100], 'OrgOrderNo': ['0016037'], 'modify_item': ['']}
계좌평가잔고내역요청 전송
000810;001040;002380;002790;003670;004800;004990;005380;006280;008560;009540;017670;024110;034730;035250;035420;069960;078340;097950;139480;316140;
21
{'stock_no': ['000810', '001040', '002380', '002790', '003670', '004800', '004990', '005380', '006280', '008560', '009540', '017670', '024110', '034730', '035250', '035420', '069960', '078340', '097950', '139480', '316140'], 'stock_name': ['삼성화재', 'CJ', 'KCC', '아모레G', '포스코케미칼', '효성', '롯데지주', '현대차', '녹십자', '메리츠종금증권', '한국조선해양', 'SK텔레콤', '기업은행', 'SK', '강원랜드', 'NAVER', '현대백화점', '컴투스', 'CJ제일제당', '이마트', '우리금융지주'], 'market_in_price': [272500, 103000, 278500, 66700, 55600, 75500, 44750, 142500, 127000, 5600, 123500, 262000, 14150, 239000, 31050, 120500, 81500, 104800, 301000, 144500, 14100], 'myhave_cnt': [5, 14, 4, 17, 21, 15, 33, 10, 9, 266, 12, 5, 84, 6, 48, 9, 14, 14, 4, 8, 84], 'run_price': [262000, 97700, 259000, 58300, 52500, 72500, 39150, 133500, 109500, 5270, 113500, 260000, 13750, 227500, 30050, 119500, 79000, 94000, 282500, 134500, 13850], 'sell_price': [262000, 97800, 259000, 58300, 52600, 72600, 39200, 134000, 110000, 5270, 113500, 260000, 13800, 227500, 30100, 119500, 79100, 94100, 282500, 135000, 13850], 'sell_cnt': [48, 410, 178, 1527, 1193, 197, 629, 19224, 7360, 20963, 7377, 5151, 49117, 554, 2942, 1816, 650, 108, 90, 6225, 46073], 'buy_price': [261500, 97700, 258500, 58200, 52500, 72400, 39150, 133500, 109500, 5260, 113000, 259500, 13750, 227000, 30050, 119000, 79000, 94000, 282000, 134500, 13800], 'buy_cnt': [1472, 545, 197, 3383, 606, 773, 236, 789, 410, 31574, 3361, 1896, 41762, 2125, 342, 8717, 646, 291, 345, 3713, 12768], 'vol_cnt': [19816, 13059, 6312, 233172, 450213, 11820, 197401, 232912, 36082, 623603, 45445, 39553, 246541, 34499, 122058, 109527, 22326, 58777, 11956, 39229, 301357], 'deal_power': [142.58, 36.47, 53.84, 87.12, 105.88, 142.47, 45.62, 56.94, 44.57, 91.68, 56.68, 98.99, 114.94, 82.73, 78.93, 155.59, 36.96, 52.01, 36.58, 74.29, 66.79]}
주문타이머 중지
주문 체결 완료 timer1 재시작
주문 체결 완료 timer600 재시작
timer600틱 시작 timer1 중지
-----
10분에 한번씩 클럭 발생::체결강도 전송 실행시간 : 12:52:55
계좌평가잔고내역요청 전송
000810;001040;002380;002790;003670;004800;004990;005380;006280;008560;009540;017670;024110;034730;035250;035420;069960;078340;097950;139480;316140;
21
{'stock_no': ['000810', '001040', '002380', '002790', '003670', '004800', '004990', '005380', '006280', '008560', '009540', '017670', '024110', '034730', '035250', '035420', '069960', '078340', '097950', '139480', '316140'], 'stock_name': ['삼성화재', 'CJ', 'KCC', '아모레G', '포스코케미칼', '효성', '롯데지주', '현대차', '녹십자', '메리츠종금증권', '한국조선해양', 'SK텔레콤', '기업은행', 'SK', '강원랜드', 'NAVER', '현대백화점', '컴투스', 'CJ제일제당', '이마트', '우리금융지주'], 'market_in_price': [272500, 103000, 278500, 66700, 55600, 75500, 44750, 142500, 127000, 5600, 123500, 262000, 14150, 239000, 31050, 120500, 81500, 104800, 301000, 144500, 14100], 'myhave_cnt': [5, 14, 4, 17, 21, 15, 33, 10, 9, 266, 12, 5, 84, 6, 48, 9, 14, 14, 4, 8, 84], 'run_price': [262500, 97500, 259000, 58300, 52700, 72600, 39100, 133500, 109500, 5280, 113500, 260000, 13800, 227500, 30000, 119500, 79000, 93600, 283000, 134500, 13800], 'sell_price': [262500, 97600, 259000, 58400, 52700, 72600, 39150, 134000, 110000, 5280, 113500, 260000, 13800, 227500, 30050, 119500, 79100, 93600, 283000, 135000, 13850], 'sell_cnt': [723, 39, 144, 2176, 1710, 219, 359, 18295, 7529, 19862, 7450, 4809, 48788, 27, 90, 664, 388, 38, 412, 6140, 8167], 'buy_price': [262000, 97500, 258500, 58300, 52600, 72400, 39100, 133500, 109500, 5270, 113000, 259500, 13750, 227000, 30000, 119000, 79000, 93500, 282500, 134500, 13800], 'buy_cnt': [1326, 34, 159, 2307, 1069, 756, 670, 1931, 380, 18631, 3610, 1852, 41477, 2127, 12784, 9448, 691, 437, 131, 3988, 34438], 'vol_cnt': [20004, 13680, 6603, 240155, 454787, 12099, 201105, 238087, 36419, 653902, 45811, 40539, 252749, 35416, 124151, 112125, 22920, 60994, 12169, 39493, 338143], 'deal_power': [144.61, 34.37, 53.27, 90.13, 106.69, 144.09, 46.0, 57.84, 44.39, 99.63, 56.25, 99.52, 116.64, 86.78, 79.62, 159.69, 39.31, 50.58, 38.3, 75.11, 80.73]}
{'stock_no': [], 'deal_power': []}
timer600틱 끝 timer1 재시작
timer600틱 시작 timer1 중지
-----
10분에 한번씩 클럭 발생::체결강도 전송 실행시간 : 13:02:55
계좌평가잔고내역요청 전송
000810;001040;002380;002790;003670;004800;004990;005380;006280;008560;009540;017670;024110;034730;035250;035420;069960;078340;097950;139480;316140;
21
{'stock_no': ['000810', '001040', '002380', '002790', '003670', '004800', '004990', '005380', '006280', '008560', '009540', '017670', '024110', '034730', '035250', '035420', '069960', '078340', '097950', '139480', '316140'], 'stock_name': ['삼성화재', 'CJ', 'KCC', '아모레G', '포스코케미칼', '효성', '롯데지주', '현대차', '녹십자', '메리츠종금증권', '한국조선해양', 'SK텔레콤', '기업은행', 'SK', '강원랜드', 'NAVER', '현대백화점', '컴투스', 'CJ제일제당', '이마트', '우리금융지주'], 'market_in_price': [272500, 103000, 278500, 66700, 55600, 75500, 44750, 142500, 127000, 5600, 123500, 262000, 14150, 239000, 31050, 120500, 81500, 104800, 301000, 144500, 14100], 'myhave_cnt': [5, 14, 4, 17, 21, 15, 33, 10, 9, 266, 12, 5, 84, 6, 48, 9, 14, 14, 4, 8, 84], 'run_price': [261500, 97400, 259000, 58300, 52600, 72500, 39150, 133500, 109500, 5270, 113000, 260000, 13750, 227500, 30000, 119500, 79400, 93400, 283000, 134500, 13800], 'sell_price': [262000, 97500, 259000, 58400, 52600, 72600, 39200, 134000, 110000, 5280, 113500, 260000, 13800, 227500, 30050, 119500, 79500, 93500, 283000, 135000, 13850], 'sell_cnt': [1092, 221, 153, 6314, 1185, 193, 1084, 17826, 6652, 22075, 8083, 3601, 49894, 700, 11122, 213, 679, 12, 360, 6180, 30365], 'buy_price': [261500, 97400, 258500, 58300, 52500, 72500, 39150, 133500, 109500, 5270, 113000, 259500, 13750, 227000, 30000, 119000, 79400, 93400, 282500, 134500, 13800], 'buy_cnt': [1052, 252, 181, 3592, 1726, 4, 119, 1226, 1711, 14997, 3741, 2670, 39320, 2566, 3494, 8945, 1057, 515, 158, 4072, 37268], 'vol_cnt': [21695, 13807, 6656, 243609, 458619, 12387, 203980, 240788, 37415, 658992, 46120, 42880, 259072, 39854, 129610, 116303, 24278, 62247, 12405, 39685, 345853], 'deal_power': [125.85, 34.1, 53.36, 88.88, 106.96, 144.62, 46.64, 57.47, 47.43, 100.05, 55.87, 91.51, 116.38, 91.36, 76.73, 159.57, 46.34, 50.88, 38.99, 75.14, 78.61]}
{'stock_no': [], 'deal_power': []}
timer600틱 끝 timer1 재시작
timer600틱 시작 timer1 중지
-----
10분에 한번씩 클럭 발생::체결강도 전송 실행시간 : 13:12:55
계좌평가잔고내역요청 전송
000810;001040;002380;002790;003670;004800;004990;005380;006280;008560;009540;017670;024110;034730;035250;035420;069960;078340;097950;139480;316140;
21
{'stock_no': ['000810', '001040', '002380', '002790', '003670', '004800', '004990', '005380', '006280', '008560', '009540', '017670', '024110', '034730', '035250', '035420', '069960', '078340', '097950', '139480', '316140'], 'stock_name': ['삼성화재', 'CJ', 'KCC', '아모레G', '포스코케미칼', '효성', '롯데지주', '현대차', '녹십자', '메리츠종금증권', '한국조선해양', 'SK텔레콤', '기업은행', 'SK', '강원랜드', 'NAVER', '현대백화점', '컴투스', 'CJ제일제당', '이마트', '우리금융지주'], 'market_in_price': [272500, 103000, 278500, 66700, 55600, 75500, 44750, 142500, 127000, 5600, 123500, 262000, 14150, 239000, 31050, 120500, 81500, 104800, 301000, 144500, 14100], 'myhave_cnt': [5, 14, 4, 17, 21, 15, 33, 10, 9, 266, 12, 5, 84, 6, 48, 9, 14, 14, 4, 8, 84], 'run_price': [261500, 97300, 258000, 58300, 52500, 72400, 39250, 133500, 109500, 5270, 113000, 259500, 13750, 227500, 30000, 119500, 79200, 93400, 282000, 134500, 13800], 'sell_price': [262000, 97400, 258500, 58400, 52500, 72500, 39250, 134000, 110000, 5280, 113500, 259500, 13800, 227500, 30050, 119500, 79200, 93400, 282500, 135000, 13850], 'sell_cnt': [1409, 48, 222, 8324, 2302, 737, 688, 19943, 6855, 25865, 8219, 1563, 49340, 1088, 11135, 9, 330, 232, 107, 7532, 29153], 'buy_price': [261500, 97300, 258000, 58300, 52400, 72400, 39200, 133500, 109500, 5270, 113000, 259000, 13750, 227000, 30000, 119000, 79100, 93300, 282000, 134500, 13800], 'buy_cnt': [1175, 166, 352, 2466, 2192, 750, 1958, 967, 459, 12684, 3301, 1426, 43111, 2565, 5625, 9583, 168, 401, 165, 3283, 34215], 'vol_cnt': [21834, 14016, 6775, 249125, 463026, 12849, 208286, 244172, 37717, 668019, 47275, 45617, 265579, 40319, 131243, 121135, 25599, 63246, 12807, 39945, 355637], 'deal_power': [126.6, 33.56, 52.45, 87.37, 106.2, 141.8, 47.75, 56.83, 46.9, 98.71, 55.08, 82.92, 117.52, 91.44, 76.14, 160.89, 43.94, 50.59, 38.59, 75.22, 76.85]}
{'stock_no': [], 'deal_power': []}
timer600틱 끝 timer1 재시작
timer600틱 시작 timer1 중지
-----
10분에 한번씩 클럭 발생::체결강도 전송 실행시간 : 13:22:55
계좌평가잔고내역요청 전송
000810;001040;002380;002790;003670;004800;004990;005380;006280;008560;009540;017670;024110;034730;035250;035420;069960;078340;097950;139480;316140;
21
{'stock_no': ['000810', '001040', '002380', '002790', '003670', '004800', '004990', '005380', '006280', '008560', '009540', '017670', '024110', '034730', '035250', '035420', '069960', '078340', '097950', '139480', '316140'], 'stock_name': ['삼성화재', 'CJ', 'KCC', '아모레G', '포스코케미칼', '효성', '롯데지주', '현대차', '녹십자', '메리츠종금증권', '한국조선해양', 'SK텔레콤', '기업은행', 'SK', '강원랜드', 'NAVER', '현대백화점', '컴투스', 'CJ제일제당', '이마트', '우리금융지주'], 'market_in_price': [272500, 103000, 278500, 66700, 55600, 75500, 44750, 142500, 127000, 5600, 123500, 262000, 14150, 239000, 31050, 120500, 81500, 104800, 301000, 144500, 14100], 'myhave_cnt': [5, 14, 4, 17, 21, 15, 33, 10, 9, 266, 12, 5, 84, 6, 48, 9, 14, 14, 4, 8, 84], 'run_price': [262000, 97200, 258000, 58100, 52400, 72400, 39200, 133500, 109500, 5270, 113000, 259500, 13750, 227000, 30050, 119500, 79100, 93500, 282000, 134500, 13800], 'sell_price': [262000, 97300, 258000, 58200, 52400, 72500, 39250, 134000, 110000, 5270, 113500, 259500, 13800, 227500, 30050, 120000, 79200, 93600, 282500, 135000, 13850], 'sell_cnt': [852, 19, 116, 10824, 697, 763, 1566, 20368, 7074, 23467, 9113, 2806, 48645, 3291, 12212, 15701, 478, 55, 185, 7360, 33301], 'buy_price': [261500, 97200, 257500, 58100, 52300, 72400, 39200, 133500, 109500, 5260, 113000, 259000, 13750, 227000, 30000, 119500, 79100, 93500, 282000, 134500, 13800], 'buy_cnt': [1275, 870, 346, 4625, 3120, 636, 1406, 392, 754, 34112, 3462, 1815, 49963, 2478, 4449, 98, 326, 29, 108, 3291, 11777], 'vol_cnt': [21992, 14281, 7245, 260294, 473830, 13305, 211043, 247898, 37997, 687792, 47803, 46044, 271795, 40840, 133740, 124978, 26105, 66896, 12916, 40163, 368415], 'deal_power': [127.44, 33.3, 47.79, 82.35, 105.14, 139.81, 48.25, 55.93, 46.47, 94.02, 55.27, 83.0, 114.9, 91.18, 74.54, 157.07, 42.85, 50.29, 38.84, 75.17, 74.2]}
{'stock_no': [], 'deal_power': []}
timer600틱 끝 timer1 재시작
timer600틱 시작 timer1 중지
-----
10분에 한번씩 클럭 발생::체결강도 전송 실행시간 : 13:32:55
계좌평가잔고내역요청 전송
000810;001040;002380;002790;003670;004800;004990;005380;006280;008560;009540;017670;024110;034730;035250;035420;069960;078340;097950;139480;316140;
21
{'stock_no': ['000810', '001040', '002380', '002790', '003670', '004800', '004990', '005380', '006280', '008560', '009540', '017670', '024110', '034730', '035250', '035420', '069960', '078340', '097950', '139480', '316140'], 'stock_name': ['삼성화재', 'CJ', 'KCC', '아모레G', '포스코케미칼', '효성', '롯데지주', '현대차', '녹십자', '메리츠종금증권', '한국조선해양', 'SK텔레콤', '기업은행', 'SK', '강원랜드', 'NAVER', '현대백화점', '컴투스', 'CJ제일제당', '이마트', '우리금융지주'], 'market_in_price': [272500, 103000, 278500, 66700, 55600, 75500, 44750, 142500, 127000, 5600, 123500, 262000, 14150, 239000, 31050, 120500, 81500, 104800, 301000, 144500, 14100], 'myhave_cnt': [5, 14, 4, 17, 21, 15, 33, 10, 9, 266, 12, 5, 84, 6, 48, 9, 14, 14, 4, 8, 84], 'run_price': [261500, 97200, 258000, 57600, 52600, 72400, 39150, 133500, 109000, 5270, 113000, 259500, 13750, 227500, 30000, 119500, 78700, 93500, 282500, 134500, 13850], 'sell_price': [262000, 97300, 258500, 57700, 52600, 72500, 39200, 134000, 109500, 5270, 113500, 259500, 13800, 227500, 30000, 119500, 78800, 93500, 282500, 135000, 13850], 'sell_cnt': [754, 183, 29, 11327, 1233, 590, 1477, 19931, 888, 22782, 8818, 3038, 62650, 3386, 9316, 7233, 665, 69, 99, 4608, 33672], 'buy_price': [261500, 97200, 258000, 57600, 52500, 72400, 39150, 133500, 109000, 5260, 113000, 259000, 13750, 227000, 29950, 119000, 78700, 93400, 282000, 134500, 13800], 'buy_cnt': [1811, 733, 291, 335, 2792, 1227, 1076, 772, 6395, 36350, 3450, 1805, 24189, 2303, 1030, 4488, 740, 11, 203, 2738, 19529], 'vol_cnt': [22190, 14504, 7608, 277317, 479550, 13654, 214070, 251412, 38916, 695965, 48489, 47163, 280020, 41769, 142785, 127542, 28374, 68013, 13093, 41046, 378369], 'deal_power': [128.32, 33.28, 49.89, 76.16, 106.87, 143.35, 48.16, 55.09, 45.22, 93.18, 56.31, 84.37, 110.4, 91.58, 71.69, 159.58, 39.33, 50.6, 39.33, 74.19, 71.62]}
{'stock_no': [], 'deal_power': []}
timer600틱 끝 timer1 재시작
timer600틱 시작 timer1 중지
-----
10분에 한번씩 클럭 발생::체결강도 전송 실행시간 : 13:42:55
계좌평가잔고내역요청 전송
000810;001040;002380;002790;003670;004800;004990;005380;006280;008560;009540;017670;024110;034730;035250;035420;069960;078340;097950;139480;316140;
21
{'stock_no': ['000810', '001040', '002380', '002790', '003670', '004800', '004990', '005380', '006280', '008560', '009540', '017670', '024110', '034730', '035250', '035420', '069960', '078340', '097950', '139480', '316140'], 'stock_name': ['삼성화재', 'CJ', 'KCC', '아모레G', '포스코케미칼', '효성', '롯데지주', '현대차', '녹십자', '메리츠종금증권', '한국조선해양', 'SK텔레콤', '기업은행', 'SK', '강원랜드', 'NAVER', '현대백화점', '컴투스', 'CJ제일제당', '이마트', '우리금융지주'], 'market_in_price': [272500, 103000, 278500, 66700, 55600, 75500, 44750, 142500, 127000, 5600, 123500, 262000, 14150, 239000, 31050, 120500, 81500, 104800, 301000, 144500, 14100], 'myhave_cnt': [5, 14, 4, 17, 21, 15, 33, 10, 9, 266, 12, 5, 84, 6, 48, 9, 14, 14, 4, 8, 84], 'run_price': [262000, 97300, 258500, 57600, 52800, 72500, 39100, 133500, 109500, 5260, 113000, 259500, 13750, 227000, 30000, 118500, 78800, 93300, 282000, 134500, 13800], 'sell_price': [262000, 97300, 258500, 57700, 52800, 72500, 39150, 134000, 109500, 5270, 113500, 259500, 13800, 227500, 30050, 119000, 78800, 93300, 282500, 135000, 13850], 'sell_cnt': [936, 17, 406, 3490, 900, 263, 1419, 19302, 2451, 22404, 8396, 4533, 62941, 1865, 1482, 1048, 687, 296, 232, 4709, 33868], 'buy_price': [261500, 97200, 258000, 57600, 52700, 72400, 39100, 133500, 109000, 5260, 113000, 259000, 13750, 227000, 30000, 118500, 78700, 93200, 282000, 134500, 13800], 'buy_cnt': [1467, 698, 126, 2740, 1946, 1290, 1267, 293, 6213, 13938, 6397, 1493, 15706, 942, 2393, 11314, 807, 66, 168, 2582, 16378], 'vol_cnt': [22503, 14858, 7672, 307729, 487040, 14342, 217302, 256131, 39126, 729724, 49711, 48571, 288685, 43966, 155119, 135645, 28795, 70181, 13279, 41291, 388651], 'deal_power': [130.98, 34.64, 50.03, 84.16, 108.79, 145.13, 48.03, 54.16, 45.16, 86.13, 57.68, 86.57, 106.14, 87.55, 82.0, 146.69, 40.02, 49.53, 39.6, 73.79, 68.43]}
{'stock_no': [], 'deal_power': []}
timer600틱 끝 timer1 재시작
계좌평가잔고내역요청 전송
000810;001040;002380;002790;003670;004800;004990;005380;006280;008560;009540;017670;024110;034730;035250;035420;069960;078340;097950;139480;316140;
21
{'stock_no': ['000810', '001040', '002380', '002790', '003670', '004800', '004990', '005380', '006280', '008560', '009540', '017670', '024110', '034730', '035250', '035420', '069960', '078340', '097950', '139480', '316140'], 'stock_name': ['삼성화재', 'CJ', 'KCC', '아모레G', '포스코케미칼', '효성', '롯데지주', '현대차', '녹십자', '메리츠종금증권', '한국조선해양', 'SK텔레콤', '기업은행', 'SK', '강원랜드', 'NAVER', '현대백화점', '컴투스', 'CJ제일제당', '이마트', '우리금융지주'], 'market_in_price': [272500, 103000, 278500, 66700, 55600, 75500, 44750, 142500, 127000, 5600, 123500, 262000, 14150, 239000, 31050, 120500, 81500, 104800, 301000, 144500, 14100], 'myhave_cnt': [5, 14, 4, 17, 21, 15, 33, 10, 9, 266, 12, 5, 84, 6, 48, 9, 14, 14, 4, 8, 84], 'run_price': [262000, 97200, 258000, 57900, 53100, 72700, 39150, 134000, 109000, 5260, 113500, 259500, 13750, 227000, 30100, 119000, 78800, 93400, 282000, 135000, 13850], 'sell_price': [262000, 97300, 258500, 58000, 53200, 72700, 39150, 134000, 109500, 5270, 113500, 259500, 13800, 227500, 30100, 119500, 78900, 93500, 282500, 135000, 13850], 'sell_cnt': [1035, 104, 222, 2982, 1184, 136, 801, 19555, 3393, 22523, 8375, 3941, 58552, 1474, 1707, 5146, 3114, 29, 183, 3952, 39436], 'buy_price': [261500, 97200, 258000, 57900, 53100, 72600, 39100, 133500, 109000, 5260, 113000, 259000, 13750, 227000, 30050, 119000, 78800, 93400, 282000, 134500, 13800], 'buy_cnt': [1606, 754, 390, 317, 3351, 5, 1034, 2786, 6378, 12291, 6612, 1876, 16637, 1090, 11525, 3275, 962, 47, 168, 2462, 22318], 'vol_cnt': [22830, 15767, 7736, 317630, 497254, 15272, 220280, 263853, 39263, 775748, 50388, 49747, 295378, 44602, 159369, 139624, 29807, 71066, 13562, 41705, 399101], 'deal_power': [132.85, 33.39, 50.78, 87.68, 112.94, 155.74, 48.92, 56.07, 45.17, 77.34, 58.66, 88.73, 103.92, 87.45, 84.68, 148.27, 43.65, 50.63, 39.37, 73.0, 65.56]}
-----
자동주문 버튼 True 실행시간 : 13:52:04
자동주문 클릭시 timer1 시작
자동주문 클릭시 timer600 시작
timer600틱 시작 timer1 중지
-----
10분에 한번씩 클럭 발생::체결강도 전송 실행시간 : 14:02:04
계좌평가잔고내역요청 전송
000810;001040;002380;002790;003670;004800;004990;005380;006280;008560;009540;017670;024110;034730;035250;035420;069960;078340;097950;139480;316140;
21
{'stock_no': ['000810', '001040', '002380', '002790', '003670', '004800', '004990', '005380', '006280', '008560', '009540', '017670', '024110', '034730', '035250', '035420', '069960', '078340', '097950', '139480', '316140'], 'stock_name': ['삼성화재', 'CJ', 'KCC', '아모레G', '포스코케미칼', '효성', '롯데지주', '현대차', '녹십자', '메리츠종금증권', '한국조선해양', 'SK텔레콤', '기업은행', 'SK', '강원랜드', 'NAVER', '현대백화점', '컴투스', 'CJ제일제당', '이마트', '우리금융지주'], 'market_in_price': [272500, 103000, 278500, 66700, 55600, 75500, 44750, 142500, 127000, 5600, 123500, 262000, 14150, 239000, 31050, 120500, 81500, 104800, 301000, 144500, 14100], 'myhave_cnt': [5, 14, 4, 17, 21, 15, 33, 10, 9, 266, 12, 5, 84, 6, 48, 9, 14, 14, 4, 8, 84], 'run_price': [262000, 97200, 258000, 57700, 52900, 72900, 39050, 133500, 109000, 5260, 113500, 259000, 13750, 227000, 30100, 119000, 78800, 93100, 281500, 135000, 13800], 'sell_price': [262000, 97300, 258500, 57700, 52900, 72900, 39100, 134000, 109500, 5260, 113500, 259500, 13800, 227500, 30150, 119500, 78900, 93200, 282000, 135000, 13850], 'sell_cnt': [991, 162, 212, 760, 753, 265, 425, 20619, 3516, 18326, 9444, 2893, 57213, 2027, 558, 4522, 3593, 38, 118, 3531, 41916], 'buy_price': [261500, 97200, 258000, 57600, 52800, 72700, 39050, 133500, 109000, 5250, 113000, 259000, 13750, 227000, 30100, 119000, 78800, 93100, 281500, 134500, 13800], 'buy_cnt': [1576, 742, 371, 2711, 1959, 84, 1704, 2940, 6287, 22470, 5415, 324, 15034, 987, 2732, 6060, 1140, 337, 165, 2697, 14084], 'vol_cnt': [23163, 15969, 7925, 324631, 511857, 16961, 224002, 268012, 39855, 805061, 51321, 52546, 302790, 45582, 167906, 142141, 30089, 72279, 14092, 42618, 410837], 'deal_power': [134.83, 33.82, 50.25, 86.64, 108.84, 168.43, 49.35, 55.82, 45.03, 73.34, 59.97, 85.77, 103.0, 86.6, 87.45, 150.82, 43.53, 50.58, 38.36, 74.68, 62.51]}
{'stock_no': [], 'deal_power': []}
timer600틱 끝 timer1 재시작
timer600틱 시작 timer1 중지
-----
10분에 한번씩 클럭 발생::체결강도 전송 실행시간 : 14:12:04
계좌평가잔고내역요청 전송
000810;001040;002380;002790;003670;004800;004990;005380;006280;008560;009540;017670;024110;034730;035250;035420;069960;078340;097950;139480;316140;
21
{'stock_no': ['000810', '001040', '002380', '002790', '003670', '004800', '004990', '005380', '006280', '008560', '009540', '017670', '024110', '034730', '035250', '035420', '069960', '078340', '097950', '139480', '316140'], 'stock_name': ['삼성화재', 'CJ', 'KCC', '아모레G', '포스코케미칼', '효성', '롯데지주', '현대차', '녹십자', '메리츠종금증권', '한국조선해양', 'SK텔레콤', '기업은행', 'SK', '강원랜드', 'NAVER', '현대백화점', '컴투스', 'CJ제일제당', '이마트', '우리금융지주'], 'market_in_price': [272500, 103000, 278500, 66700, 55600, 75500, 44750, 142500, 127000, 5600, 123500, 262000, 14150, 239000, 31050, 120500, 81500, 104800, 301000, 144500, 14100], 'myhave_cnt': [5, 14, 4, 17, 21, 15, 33, 10, 9, 266, 12, 5, 84, 6, 48, 9, 14, 14, 4, 8, 84], 'run_price': [261500, 97300, 258500, 57700, 53100, 73200, 39050, 133000, 109000, 5250, 113500, 259500, 13750, 227000, 30150, 119500, 78800, 93300, 282000, 134500, 13800], 'sell_price': [262000, 97300, 258500, 57800, 53100, 73300, 39100, 133500, 109500, 5260, 113500, 259500, 13800, 227500, 30200, 119500, 78900, 93300, 282500, 135000, 13850], 'sell_cnt': [1072, 139, 143, 3539, 2589, 620, 2806, 6853, 3702, 36993, 12292, 3719, 59134, 1745, 2351, 2326, 3553, 59, 151, 2657, 41705], 'buy_price': [261500, 97200, 258000, 57700, 53000, 73200, 39050, 133000, 109000, 5250, 113000, 259000, 13750, 227000, 30150, 119000, 78800, 93200, 282000, 134500, 13800], 'buy_cnt': [1872, 790, 414, 968, 3418, 20, 492, 16652, 6233, 2988, 5603, 1130, 16166, 2396, 2193, 7524, 929, 49, 239, 4546, 13543], 'vol_cnt': [23487, 16349, 8092, 330488, 521535, 19196, 229570, 276043, 40054, 831723, 52311, 54263, 309223, 46451, 175973, 147249, 30744, 73530, 14760, 43887, 421390], 'deal_power': [133.55, 34.07, 51.01, 86.69, 110.22, 183.65, 49.83, 54.86, 44.89, 70.23, 62.05, 85.41, 101.26, 85.55, 87.34, 156.84, 42.94, 50.54, 38.56, 78.55, 60.34]}
{'stock_no': [], 'deal_power': []}
timer600틱 끝 timer1 재시작
timer600틱 시작 timer1 중지
-----
10분에 한번씩 클럭 발생::체결강도 전송 실행시간 : 14:22:04
계좌평가잔고내역요청 전송
000810;001040;002380;002790;003670;004800;004990;005380;006280;008560;009540;017670;024110;034730;035250;035420;069960;078340;097950;139480;316140;
21
{'stock_no': ['000810', '001040', '002380', '002790', '003670', '004800', '004990', '005380', '006280', '008560', '009540', '017670', '024110', '034730', '035250', '035420', '069960', '078340', '097950', '139480', '316140'], 'stock_name': ['삼성화재', 'CJ', 'KCC', '아모레G', '포스코케미칼', '효성', '롯데지주', '현대차', '녹십자', '메리츠종금증권', '한국조선해양', 'SK텔레콤', '기업은행', 'SK', '강원랜드', 'NAVER', '현대백화점', '컴투스', 'CJ제일제당', '이마트', '우리금융지주'], 'market_in_price': [272500, 103000, 278500, 66700, 55600, 75500, 44750, 142500, 127000, 5600, 123500, 262000, 14150, 239000, 31050, 120500, 81500, 104800, 301000, 144500, 14100], 'myhave_cnt': [5, 14, 4, 17, 21, 15, 33, 10, 9, 266, 12, 5, 84, 6, 48, 9, 14, 14, 4, 8, 84], 'run_price': [262000, 97300, 258500, 57600, 53200, 73000, 39100, 133500, 109500, 5250, 113500, 259000, 13800, 227500, 30300, 119000, 78800, 93700, 282000, 135500, 13800], 'sell_price': [262000, 97300, 258500, 57700, 53200, 73000, 39100, 134000, 109500, 5260, 113500, 259500, 13800, 227500, 30300, 119500, 78900, 93800, 282500, 135500, 13850], 'sell_cnt': [415, 71, 9, 2830, 2858, 66, 2038, 23775, 3748, 39543, 12817, 3050, 63672, 1506, 4417, 2470, 3423, 116, 284, 3327, 47924], 'buy_price': [261500, 97200, 258000, 57600, 53100, 72900, 39050, 133500, 109000, 5250, 113000, 259000, 13750, 227000, 30250, 119000, 78800, 93700, 282000, 135000, 13800], 'buy_cnt': [2162, 616, 391, 1264, 2654, 61, 5727, 7007, 6267, 9072, 5493, 2219, 55694, 2633, 2134, 8112, 1505, 8, 109, 819, 10284], 'vol_cnt': [24601, 16851, 8293, 342962, 529014, 21184, 233037, 287922, 40367, 840544, 53298, 55790, 321828, 47568, 183110, 151365, 31642, 75622, 15322, 48187, 434062], 'deal_power': [142.65, 34.18, 54.67, 86.93, 112.78, 171.51, 50.28, 58.84, 45.32, 69.72, 62.69, 86.28, 97.1, 85.14, 91.25, 160.48, 44.48, 53.4, 38.94, 89.84, 57.71]}
{'stock_no': [], 'deal_power': []}
timer600틱 끝 timer1 재시작
timer600틱 시작 timer1 중지
-----
10분에 한번씩 클럭 발생::체결강도 전송 실행시간 : 14:32:04
계좌평가잔고내역요청 전송
000810;001040;002380;002790;003670;004800;004990;005380;006280;008560;009540;017670;024110;034730;035250;035420;069960;078340;097950;139480;316140;
21
{'stock_no': ['000810', '001040', '002380', '002790', '003670', '004800', '004990', '005380', '006280', '008560', '009540', '017670', '024110', '034730', '035250', '035420', '069960', '078340', '097950', '139480', '316140'], 'stock_name': ['삼성화재', 'CJ', 'KCC', '아모레G', '포스코케미칼', '효성', '롯데지주', '현대차', '녹십자', '메리츠종금증권', '한국조선해양', 'SK텔레콤', '기업은행', 'SK', '강원랜드', 'NAVER', '현대백화점', '컴투스', 'CJ제일제당', '이마트', '우리금융지주'], 'market_in_price': [272500, 103000, 278500, 66700, 55600, 75500, 44750, 142500, 127000, 5600, 123500, 262000, 14150, 239000, 31050, 120500, 81500, 104800, 301000, 144500, 14100], 'myhave_cnt': [5, 14, 4, 17, 21, 15, 33, 10, 9, 266, 12, 5, 84, 6, 48, 9, 14, 14, 4, 8, 84], 'run_price': [261500, 97500, 258500, 57700, 53200, 73200, 39050, 133500, 109500, 5260, 113000, 259000, 13750, 227500, 30300, 119000, 79100, 94200, 282000, 135000, 13850], 'sell_price': [261500, 97500, 259000, 57700, 53200, 73200, 39100, 134000, 109500, 5260, 113500, 259500, 13800, 227500, 30300, 119500, 79200, 94300, 282500, 135500, 13850], 'sell_cnt': [2100, 102, 266, 6466, 3317, 760, 3386, 29959, 4050, 36366, 17427, 4241, 62962, 2357, 2798, 5098, 170, 36, 287, 2513, 46918], 'buy_price': [261000, 97400, 258500, 57600, 53100, 73100, 39050, 133500, 109000, 5250, 113000, 259000, 13750, 227000, 30250, 119000, 79100, 94200, 282000, 135000, 13800], 'buy_cnt': [623, 6, 423, 3638, 2153, 6, 5273, 6039, 5984, 10310, 598, 1865, 59377, 1100, 1596, 7660, 311, 16, 27, 517, 13522], 'vol_cnt': [26000, 17581, 8428, 349190, 536196, 22439, 235939, 294072, 41881, 878587, 57238, 57180, 330996, 48927, 189799, 154324, 36064, 77892, 15704, 51265, 452703], 'deal_power': [132.43, 32.92, 55.11, 85.92, 113.81, 182.84, 50.46, 58.43, 47.68, 65.89, 58.32, 87.41, 95.51, 85.23, 89.87, 163.37, 60.1, 56.77, 38.32, 86.99, 54.61]}
{'stock_no': ['000120'], 'deal_power': [295.95]}
체결강도 기준초과 진입
1004
['000120']
[5]
['000120']
[8]
Wed Jul 17 14:32:05 2019
['전송', 2, '000120', 8, 137500, '']
전송
timer600틱 끝 timer1 재시작
Wed Jul 17 14:32:05 2019
['접수', 2, '000120', 8, 137500, '0021435']
접수
Wed Jul 17 14:32:05 2019
['체결', 2, '000120', 8, 137500, '0021435']
체결
True
['전송vs체결수량OK']
['접수vs체결수량OK']
True
접수vs체결수량OK timer1 중지
접수vs체결수량OK timer600 중지
주문타이머 시작
{'OrderRunKind': ['전송'], 'SellBuyType': [2], 'OrderRunCode': ['000120'], 'OrderRunVolume': [8], 'OrderRunPrice': [137500], 'OrgOrderNo': [''], 'modify_item': ['전송vs체결수량OK']}
{'OrderRunKind': ['접수'], 'SellBuyType': [2], 'OrderRunCode': ['000120'], 'OrderRunVolume': [8], 'OrderRunPrice': [137500], 'OrgOrderNo': ['0021435'], 'modify_item': ['접수vs체결수량OK']}
{'OrderRunKind': ['체결'], 'SellBuyType': [2], 'OrderRunCode': ['000120'], 'OrderRunVolume': [8], 'OrderRunPrice': [137500], 'OrgOrderNo': ['0021435'], 'modify_item': ['']}
계좌평가잔고내역요청 전송
000120;000810;001040;002380;002790;003670;004800;004990;005380;006280;008560;009540;017670;024110;034730;035250;035420;069960;078340;097950;139480;316140;
22
{'stock_no': ['000120', '000810', '001040', '002380', '002790', '003670', '004800', '004990', '005380', '006280', '008560', '009540', '017670', '024110', '034730', '035250', '035420', '069960', '078340', '097950', '139480', '316140'], 'stock_name': ['CJ대한통운', '삼성화재', 'CJ', 'KCC', '아모레G', '포스코케미칼', '효성', '롯데지주', '현대차', '녹십자', '메리츠종금증권', '한국조선해양', 'SK텔레콤', '기업은행', 'SK', '강원랜드', 'NAVER', '현대백화점', '컴투스', 'CJ제일제당', '이마트', '우리금융지주'], 'market_in_price': [137500, 272500, 103000, 278500, 66700, 55600, 75500, 44750, 142500, 127000, 5600, 123500, 262000, 14150, 239000, 31050, 120500, 81500, 104800, 301000, 144500, 14100], 'myhave_cnt': [8, 5, 14, 4, 17, 21, 15, 33, 10, 9, 266, 12, 5, 84, 6, 48, 9, 14, 14, 4, 8, 84], 'run_price': [137500, 261500, 97500, 258500, 57700, 53200, 73200, 39050, 133500, 109500, 5260, 113500, 259000, 13750, 227500, 30300, 119000, 79100, 94200, 282000, 135500, 13850], 'sell_price': [137500, 261500, 97500, 259000, 57700, 53200, 73200, 39100, 134000, 109500, 5260, 113500, 259500, 13800, 227500, 30300, 119500, 79200, 94300, 282500, 135500, 13850], 'sell_cnt': [499, 2102, 102, 266, 6466, 3317, 764, 3388, 29958, 4050, 36366, 17426, 4241, 62962, 2356, 2798, 4888, 170, 12, 287, 2495, 46918], 'buy_price': [137000, 261000, 97400, 258500, 57600, 53100, 73100, 39050, 133500, 109000, 5250, 113000, 259000, 13750, 227000, 30250, 119000, 79100, 94200, 282000, 135000, 13800], 'buy_cnt': [2403, 623, 14, 423, 3638, 2153, 16, 5273, 6030, 5984, 10310, 598, 1865, 59471, 1100, 1596, 7285, 313, 44, 27, 517, 13522], 'vol_cnt': [35887, 26000, 17581, 8428, 349190, 536196, 22439, 235939, 294081, 41881, 878587, 57239, 57180, 330996, 48928, 189799, 154334, 36064, 77892, 15704, 51283, 452703], 'deal_power': [296.04, 132.43, 32.92, 55.11, 85.92, 113.81, 182.84, 50.46, 58.43, 47.68, 65.89, 58.32, 87.41, 95.51, 85.23, 89.87, 163.34, 60.1, 56.77, 38.32, 87.06, 54.61]}
주문타이머 중지
주문 체결 완료 timer1 재시작
주문 체결 완료 timer600 재시작
timer600틱 시작 timer1 중지
-----
10분에 한번씩 클럭 발생::체결강도 전송 실행시간 : 14:42:07
계좌평가잔고내역요청 전송
000120;000810;001040;002380;002790;003670;004800;004990;005380;006280;008560;009540;017670;024110;034730;035250;035420;069960;078340;097950;139480;316140;
22
{'stock_no': ['000120', '000810', '001040', '002380', '002790', '003670', '004800', '004990', '005380', '006280', '008560', '009540', '017670', '024110', '034730', '035250', '035420', '069960', '078340', '097950', '139480', '316140'], 'stock_name': ['CJ대한통운', '삼성화재', 'CJ', 'KCC', '아모레G', '포스코케미칼', '효성', '롯데지주', '현대차', '녹십자', '메리츠종금증권', '한국조선해양', 'SK텔레콤', '기업은행', 'SK', '강원랜드', 'NAVER', '현대백화점', '컴투스', 'CJ제일제당', '이마트', '우리금융지주'], 'market_in_price': [137500, 272500, 103000, 278500, 66700, 55600, 75500, 44750, 142500, 127000, 5600, 123500, 262000, 14150, 239000, 31050, 120500, 81500, 104800, 301000, 144500, 14100], 'myhave_cnt': [8, 5, 14, 4, 17, 21, 15, 33, 10, 9, 266, 12, 5, 84, 6, 48, 9, 14, 14, 4, 8, 84], 'run_price': [138000, 261500, 97500, 259000, 57600, 53300, 73200, 39150, 133500, 108500, 5260, 113000, 259500, 13750, 227000, 30300, 119500, 79200, 94500, 282500, 135500, 13800], 'sell_price': [138000, 261500, 97500, 259000, 57600, 53300, 73300, 39150, 134000, 109000, 5260, 113000, 259500, 13800, 227000, 30300, 119500, 79300, 94500, 282500, 135500, 13850], 'sell_cnt': [2410, 1991, 499, 283, 5746, 4493, 47, 297, 30516, 576, 28108, 7043, 5387, 58225, 2059, 3792, 5037, 316, 796, 260, 2710, 49495], 'buy_price': [137500, 261000, 97400, 258500, 57500, 53200, 73200, 39100, 133500, 108500, 5250, 112500, 259000, 13750, 226500, 30250, 119000, 79200, 94400, 282000, 134500, 13800], 'buy_cnt': [1851, 1319, 93, 428, 3555, 3222, 23, 2780, 5759, 3430, 37595, 9641, 4395, 63757, 4319, 2983, 7319, 253, 40, 147, 4469, 44060], 'vol_cnt': [37352, 26253, 17747, 8557, 359121, 544594, 26692, 242267, 301751, 53566, 893736, 60376, 58680, 342380, 50873, 192004, 160125, 36485, 80657, 15908, 55814, 461420], 'deal_power': [303.96, 133.03, 33.09, 55.77, 84.55, 115.72, 230.49, 53.36, 57.73, 42.45, 66.28, 56.33, 88.39, 96.28, 80.96, 89.2, 170.48, 61.32, 60.31, 38.92, 87.77, 53.06]}
{'stock_no': ['000120'], 'deal_power': [303.96]}
timer600틱 끝 timer1 재시작
timer600틱 시작 timer1 중지
-----
10분에 한번씩 클럭 발생::체결강도 전송 실행시간 : 14:52:07
계좌평가잔고내역요청 전송
000120;000810;001040;002380;002790;003670;004800;004990;005380;006280;008560;009540;017670;024110;034730;035250;035420;069960;078340;097950;139480;316140;
22
{'stock_no': ['000120', '000810', '001040', '002380', '002790', '003670', '004800', '004990', '005380', '006280', '008560', '009540', '017670', '024110', '034730', '035250', '035420', '069960', '078340', '097950', '139480', '316140'], 'stock_name': ['CJ대한통운', '삼성화재', 'CJ', 'KCC', '아모레G', '포스코케미칼', '효성', '롯데지주', '현대차', '녹십자', '메리츠종금증권', '한국조선해양', 'SK텔레콤', '기업은행', 'SK', '강원랜드', 'NAVER', '현대백화점', '컴투스', 'CJ제일제당', '이마트', '우리금융지주'], 'market_in_price': [137500, 272500, 103000, 278500, 66700, 55600, 75500, 44750, 142500, 127000, 5600, 123500, 262000, 14150, 239000, 31050, 120500, 81500, 104800, 301000, 144500, 14100], 'myhave_cnt': [8, 5, 14, 4, 17, 21, 15, 33, 10, 9, 266, 12, 5, 84, 6, 48, 9, 14, 14, 4, 8, 84], 'run_price': [138000, 261500, 97300, 258500, 57800, 53400, 73400, 39150, 133500, 109500, 5260, 113000, 259000, 13850, 226500, 30150, 119000, 79000, 94300, 282500, 135000, 13800], 'sell_price': [138000, 261500, 97300, 259000, 57800, 53400, 73500, 39150, 134000, 109500, 5260, 113000, 259500, 13850, 227000, 30200, 119500, 79100, 94300, 282500, 135000, 13850], 'sell_cnt': [1714, 1869, 215, 588, 1112, 4276, 481, 623, 31008, 3124, 39584, 8754, 7893, 71537, 2042, 2847, 5699, 584, 4, 392, 258, 43341], 'buy_price': [137500, 261000, 97200, 258500, 57700, 53300, 73400, 39100, 133500, 109000, 5250, 112500, 259000, 13800, 226500, 30150, 119000, 79000, 94200, 282000, 134500, 13800], 'buy_cnt': [979, 1461, 163, 206, 1236, 1436, 147, 1852, 3511, 1334, 25082, 8229, 2387, 67612, 3404, 4111, 8100, 744, 106, 64, 6009, 56833], 'vol_cnt': [39087, 26897, 18027, 8736, 381090, 562562, 28417, 245316, 309415, 54393, 926308, 62888, 60147, 413649, 52256, 201945, 165973, 37548, 83161, 16216, 58899, 471509], 'deal_power': [287.21, 137.67, 33.16, 57.26, 88.68, 118.16, 233.36, 53.82, 56.3, 44.46, 65.79, 55.36, 88.31, 133.91, 79.47, 85.9, 177.37, 59.48, 63.33, 39.58, 87.03, 51.41]}
{'stock_no': [], 'deal_power': []}
timer600틱 끝 timer1 재시작
timer600틱 시작 timer1 중지
-----
10분에 한번씩 클럭 발생::체결강도 전송 실행시간 : 15:02:07
계좌평가잔고내역요청 전송
000120;000810;001040;002380;002790;003670;004800;004990;005380;006280;008560;009540;017670;024110;034730;035250;035420;069960;078340;097950;139480;316140;
22
{'stock_no': ['000120', '000810', '001040', '002380', '002790', '003670', '004800', '004990', '005380', '006280', '008560', '009540', '017670', '024110', '034730', '035250', '035420', '069960', '078340', '097950', '139480', '316140'], 'stock_name': ['CJ대한통운', '삼성화재', 'CJ', 'KCC', '아모레G', '포스코케미칼', '효성', '롯데지주', '현대차', '녹십자', '메리츠종금증권', '한국조선해양', 'SK텔레콤', '기업은행', 'SK', '강원랜드', 'NAVER', '현대백화점', '컴투스', 'CJ제일제당', '이마트', '우리금융지주'], 'market_in_price': [137500, 272500, 103000, 278500, 66700, 55600, 75500, 44750, 142500, 127000, 5600, 123500, 262000, 14150, 239000, 31050, 120500, 81500, 104800, 301000, 144500, 14100], 'myhave_cnt': [8, 5, 14, 4, 17, 21, 15, 33, 10, 9, 266, 12, 5, 84, 6, 48, 9, 14, 14, 4, 8, 84], 'run_price': [138000, 261500, 97300, 258500, 57700, 53500, 73600, 39150, 133500, 109500, 5250, 112500, 259000, 13850, 226500, 30150, 119000, 79100, 94700, 282000, 135000, 13850], 'sell_price': [138000, 261500, 97300, 258500, 57800, 53500, 73700, 39200, 134000, 109500, 5260, 113000, 259500, 13850, 227000, 30200, 119500, 79100, 94700, 282000, 135500, 13850], 'sell_cnt': [1693, 1511, 690, 306, 948, 9163, 344, 1820, 31481, 3266, 36195, 8265, 7037, 68527, 1908, 2894, 5666, 745, 85, 235, 2153, 45700], 'buy_price': [137500, 261000, 97200, 258000, 57700, 53400, 73600, 39150, 133500, 109000, 5250, 112500, 259000, 13800, 226500, 30150, 119000, 79000, 94600, 281500, 135000, 13800], 'buy_cnt': [1268, 1161, 38, 46, 1322, 742, 344, 1294, 3285, 1489, 26938, 7929, 1639, 66733, 2258, 3599, 6578, 1069, 47, 26, 725, 15988], 'vol_cnt': [40374, 27541, 18516, 9506, 391102, 578566, 30010, 249634, 318411, 54507, 940642, 65628, 62143, 427948, 54556, 205714, 171201, 37855, 85403, 16502, 62037, 486035], 'deal_power': [287.56, 140.52, 32.59, 53.62, 88.82, 119.39, 249.17, 54.38, 54.62, 44.53, 66.01, 54.91, 88.82, 138.38, 76.23, 87.03, 179.36, 59.87, 65.12, 39.97, 86.47, 49.36]}
{'stock_no': [], 'deal_power': []}
timer600틱 끝 timer1 재시작
timer600틱 시작 timer1 중지
-----
10분에 한번씩 클럭 발생::체결강도 전송 실행시간 : 15:12:07
계좌평가잔고내역요청 전송
000120;000810;001040;002380;002790;003670;004800;004990;005380;006280;008560;009540;017670;024110;034730;035250;035420;069960;078340;097950;139480;316140;
22
{'stock_no': ['000120', '000810', '001040', '002380', '002790', '003670', '004800', '004990', '005380', '006280', '008560', '009540', '017670', '024110', '034730', '035250', '035420', '069960', '078340', '097950', '139480', '316140'], 'stock_name': ['CJ대한통운', '삼성화재', 'CJ', 'KCC', '아모레G', '포스코케미칼', '효성', '롯데지주', '현대차', '녹십자', '메리츠종금증권', '한국조선해양', 'SK텔레콤', '기업은행', 'SK', '강원랜드', 'NAVER', '현대백화점', '컴투스', 'CJ제일제당', '이마트', '우리금융지주'], 'market_in_price': [137500, 272500, 103000, 278500, 66700, 55600, 75500, 44750, 142500, 127000, 5600, 123500, 262000, 14150, 239000, 31050, 120500, 81500, 104800, 301000, 144500, 14100], 'myhave_cnt': [8, 5, 14, 4, 17, 21, 15, 33, 10, 9, 266, 12, 5, 84, 6, 48, 9, 14, 14, 4, 8, 84], 'run_price': [139000, 260500, 97100, 257500, 57800, 53500, 73900, 39150, 133500, 109500, 5260, 113000, 259500, 13850, 226500, 30200, 119000, 79000, 94600, 282000, 135500, 13800], 'sell_price': [139000, 261000, 97200, 258000, 57900, 53500, 73900, 39200, 133500, 109500, 5260, 113000, 259500, 13850, 227000, 30200, 119500, 79100, 94600, 282000, 135500, 13850], 'sell_cnt': [3743, 2082, 784, 160, 2864, 7415, 641, 2682, 11832, 2905, 29866, 7601, 3190, 60066, 1592, 1921, 6184, 575, 282, 364, 1793, 43819], 'buy_price': [138500, 260500, 97100, 257500, 57800, 53400, 73800, 39150, 133000, 109000, 5250, 112500, 259000, 13800, 226500, 30150, 119000, 79000, 94500, 281500, 135000, 13800], 'buy_cnt': [451, 1175, 708, 110, 375, 725, 93, 347, 21860, 249, 24617, 7735, 1129, 63495, 3178, 2692, 5166, 1179, 3, 64, 2835, 28964], 'vol_cnt': [44406, 29007, 19479, 10632, 401916, 593152, 32644, 253095, 328595, 57984, 961592, 67152, 64088, 444581, 55609, 211301, 176170, 38541, 87626, 16937, 66769, 505129], 'deal_power': [320.57, 129.74, 31.42, 46.42, 90.57, 118.87, 262.55, 54.16, 53.83, 42.67, 65.91, 58.23, 91.28, 139.98, 77.09, 89.72, 170.58, 60.08, 67.54, 41.94, 86.9, 47.2]}
{'stock_no': ['000120'], 'deal_power': [320.57]}
timer600틱 끝 timer1 재시작
4
장종료 알림 4, 8
8
장종료 알림 4, 8
9
장마감 알림 9
계좌평가잔고내역요청 전송
000120;000810;001040;002380;002790;003670;004800;004990;005380;006280;008560;009540;017670;024110;034730;035250;035420;069960;078340;097950;139480;316140;
22
{'stock_no': ['000120', '000810', '001040', '002380', '002790', '003670', '004800', '004990', '005380', '006280', '008560', '009540', '017670', '024110', '034730', '035250', '035420', '069960', '078340', '097950', '139480', '316140'], 'stock_name': ['CJ대한통운', '삼성화재', 'CJ', 'KCC', '아모레G', '포스코케미칼', '효성', '롯데지주', '현대차', '녹십자', '메리츠종금증권', '한국조선해양', 'SK텔레콤', '기업은행', 'SK', '강원랜드', 'NAVER', '현대백화점', '컴투스', 'CJ제일제당', '이마트', '우리금융지주'], 'market_in_price': [137500, 272500, 103000, 278500, 66700, 55600, 75500, 44750, 142500, 127000, 5600, 123500, 262000, 14150, 239000, 31050, 120500, 81500, 104800, 301000, 144500, 14100], 'myhave_cnt': [8, 5, 14, 4, 17, 21, 15, 33, 10, 9, 266, 12, 5, 84, 6, 48, 9, 14, 14, 4, 8, 84], 'run_price': [139000, 262000, 97200, 258000, 58000, 53500, 73800, 39250, 133500, 109500, 5240, 113000, 259000, 13800, 227500, 30250, 119000, 79300, 94400, 282000, 135500, 13800], 'sell_price': [139000, 262000, 97200, 258500, 58100, 53500, 73800, 39250, 133500, 109500, 5260, 113000, 259000, 13850, 227500, 30250, 119500, 79300, 94400, 282000, 135500, 13850], 'sell_cnt': [8736, 1857, 554, 143, 1219, 9916, 95, 2431, 1691, 250, 20068, 6788, 2370, 50990, 2054, 9936, 9459, 1085, 39, 504, 1594, 22547], 'buy_price': [138500, 261500, 97100, 258000, 58000, 53400, 73700, 39200, 133000, 109000, 5240, 112500, 258500, 13800, 227000, 30150, 119000, 79200, 94300, 281500, 135000, 13800], 'buy_cnt': [2570, 1, 617, 24, 2098, 72, 131, 3971, 24744, 1512, 47726, 11784, 1454, 26821, 39, 3, 1260, 161, 83, 141, 1185, 6688], 'vol_cnt': [48706, 65987, 22163, 11859, 419090, 611866, 36114, 262762, 375651, 61396, 1146495, 82510, 75418, 592604, 63115, 255063, 205316, 42704, 90264, 18368, 91391, 605969], 'deal_power': [304.1, 130.2, 31.88, 46.14, 91.36, 119.47, 256.18, 55.14, 53.83, 42.48, 72.9, 53.46, 88.6, 131.35, 80.22, 89.99, 167.3, 62.57, 69.37, 42.27, 86.5, 45.31]}
-----
자동주문 버튼 True 실행시간 : 20:39:29
자동주문 클릭시 timer1 시작
자동주문 클릭시 timer600 시작
계좌평가잔고내역요청 전송
000120;000810;001040;002380;002790;003670;004800;004990;005380;006280;008560;009540;017670;024110;034730;035250;035420;069960;078340;097950;139480;316140;
22
{'stock_no': ['000120', '000810', '001040', '002380', '002790', '003670', '004800', '004990', '005380', '006280', '008560', '009540', '017670', '024110', '034730', '035250', '035420', '069960', '078340', '097950', '139480', '316140'], 'stock_name': ['CJ대한통운', '삼성화재', 'CJ', 'KCC', '아모레G', '포스코케미칼', '효성', '롯데지주', '현대차', '녹십자', '메리츠종금증권', '한국조선해양', 'SK텔레콤', '기업은행', 'SK', '강원랜드', 'NAVER', '현대백화점', '컴투스', 'CJ제일제당', '이마트', '우리금융지주'], 'market_in_price': [137500, 272500, 103000, 278500, 66700, 55600, 75500, 44750, 142500, 127000, 5600, 123500, 262000, 14150, 239000, 31050, 120500, 81500, 104800, 301000, 144500, 14100], 'myhave_cnt': [8, 5, 14, 4, 17, 21, 15, 33, 10, 9, 266, 12, 5, 84, 6, 48, 9, 14, 14, 4, 8, 84], 'run_price': [139000, 262000, 97200, 258000, 58000, 53500, 73800, 39250, 133500, 109500, 5240, 113000, 259000, 13800, 227500, 30250, 119000, 79300, 94400, 282000, 135500, 13800], 'sell_price': [139000, 262000, 97200, 258500, 58100, 53500, 73800, 39250, 133500, 109500, 5260, 113000, 259000, 13850, 227500, 30250, 119500, 79300, 94400, 282000, 135500, 13850], 'sell_cnt': [8736, 1857, 554, 143, 1219, 9916, 95, 2431, 1691, 250, 20068, 6788, 2370, 50990, 2054, 9936, 9459, 1085, 39, 504, 1594, 22547], 'buy_price': [138500, 261500, 97100, 258000, 58000, 53400, 73700, 39200, 133000, 109000, 5240, 112500, 258500, 13800, 227000, 30150, 119000, 79200, 94300, 281500, 135000, 13800], 'buy_cnt': [2570, 1, 617, 24, 2098, 72, 131, 3971, 24744, 1512, 47726, 11784, 1454, 26821, 39, 3, 1260, 161, 83, 141, 1185, 6688], 'vol_cnt': [48706, 65987, 22163, 11859, 419090, 611866, 36114, 262762, 375651, 61396, 1146495, 82510, 75418, 592604, 63115, 255063, 205316, 42704, 90264, 18368, 91391, 605969], 'deal_power': [304.1, 130.2, 31.88, 46.14, 91.36, 119.47, 256.18, 55.14, 53.83, 42.48, 72.9, 53.46, 88.6, 131.35, 80.22, 89.99, 167.3, 62.57, 69.37, 42.27, 86.5, 45.31]}
-----
자동주문 버튼 True 실행시간 : 20:49:56
자동주문 클릭시 timer1 시작
자동주문 클릭시 timer600 시작
계좌평가잔고내역요청 전송
000120;000810;001040;002380;002790;003670;004800;004990;005380;006280;008560;009540;017670;024110;034730;035250;035420;069960;078340;097950;139480;316140;
22
{'stock_no': ['000120', '000810', '001040', '002380', '002790', '003670', '004800', '004990', '005380', '006280', '008560', '009540', '017670', '024110', '034730', '035250', '035420', '069960', '078340', '097950', '139480', '316140'], 'stock_name': ['CJ대한통운', '삼성화재', 'CJ', 'KCC', '아모레G', '포스코케미칼', '효성', '롯데지주', '현대차', '녹십자', '메리츠종금증권', '한국조선해양', 'SK텔레콤', '기업은행', 'SK', '강원랜드', 'NAVER', '현대백화점', '컴투스', 'CJ제일제당', '이마트', '우리금융지주'], 'market_in_price': [137500, 272500, 103000, 278500, 66700, 55600, 75500, 44750, 142500, 127000, 5600, 123500, 262000, 14150, 239000, 31050, 120500, 81500, 104800, 301000, 144500, 14100], 'myhave_cnt': [8, 5, 14, 4, 17, 21, 15, 33, 10, 9, 266, 12, 5, 84, 6, 48, 9, 14, 14, 4, 8, 84], 'run_price': [139000, 262000, 97200, 258000, 58000, 53500, 73800, 39250, 133500, 109500, 5240, 113000, 259000, 13800, 227500, 30250, 119000, 79300, 94400, 282000, 135500, 13800], 'sell_price': [139000, 262000, 97200, 258500, 58100, 53500, 73800, 39250, 133500, 109500, 5260, 113000, 259000, 13850, 227500, 30250, 119500, 79300, 94400, 282000, 135500, 13850], 'sell_cnt': [8736, 1857, 554, 143, 1219, 9916, 95, 2431, 1691, 250, 20068, 6788, 2370, 50990, 2054, 9936, 9459, 1085, 39, 504, 1594, 22547], 'buy_price': [138500, 261500, 97100, 258000, 58000, 53400, 73700, 39200, 133000, 109000, 5240, 112500, 258500, 13800, 227000, 30150, 119000, 79200, 94300, 281500, 135000, 13800], 'buy_cnt': [2570, 1, 617, 24, 2098, 72, 131, 3971, 24744, 1512, 47726, 11784, 1454, 26821, 39, 3, 1260, 161, 83, 141, 1185, 6688], 'vol_cnt': [48706, 65987, 22163, 11859, 419090, 611866, 36114, 262762, 375651, 61396, 1146495, 82510, 75418, 592604, 63115, 255063, 205316, 42704, 90264, 18368, 91391, 605969], 'deal_power': [304.1, 130.2, 31.88, 46.14, 91.36, 119.47, 256.18, 55.14, 53.83, 42.48, 72.9, 53.46, 88.6, 131.35, 80.22, 89.99, 167.3, 62.57, 69.37, 42.27, 86.5, 45.31]}
-----
자동주문 버튼 True 실행시간 : 21:07:15
자동주문 클릭시 timer1 시작
자동주문 클릭시 timer600 시작
계좌평가잔고내역요청 전송
000120;000810;001040;002380;002790;003670;004800;004990;005380;006280;008560;009540;017670;024110;034730;035250;035420;069960;078340;097950;139480;316140;
22
{'stock_no': ['000120', '000810', '001040', '002380', '002790', '003670', '004800', '004990', '005380', '006280', '008560', '009540', '017670', '024110', '034730', '035250', '035420', '069960', '078340', '097950', '139480', '316140'], 'stock_name': ['CJ대한통운', '삼성화재', 'CJ', 'KCC', '아모레G', '포스코케미칼', '효성', '롯데지주', '현대차', '녹십자', '메리츠종금증권', '한국조선해양', 'SK텔레콤', '기업은행', 'SK', '강원랜드', 'NAVER', '현대백화점', '컴투스', 'CJ제일제당', '이마트', '우리금융지주'], 'market_in_price': [137500, 272500, 103000, 278500, 66700, 55600, 75500, 44750, 142500, 127000, 5600, 123500, 262000, 14150, 239000, 31050, 120500, 81500, 104800, 301000, 144500, 14100], 'myhave_cnt': [8, 5, 14, 4, 17, 21, 15, 33, 10, 9, 266, 12, 5, 84, 6, 48, 9, 14, 14, 4, 8, 84], 'run_price': [139000, 262000, 97200, 258000, 58000, 53500, 73800, 39250, 133500, 109500, 5240, 113000, 259000, 13800, 227500, 30250, 119000, 79300, 94400, 282000, 135500, 13800], 'sell_price': [139000, 262000, 97200, 258500, 58100, 53500, 73800, 39250, 133500, 109500, 5260, 113000, 259000, 13850, 227500, 30250, 119500, 79300, 94400, 282000, 135500, 13850], 'sell_cnt': [8736, 1857, 554, 143, 1219, 9916, 95, 2431, 1691, 250, 20068, 6788, 2370, 50990, 2054, 9936, 9459, 1085, 39, 504, 1594, 22547], 'buy_price': [138500, 261500, 97100, 258000, 58000, 53400, 73700, 39200, 133000, 109000, 5240, 112500, 258500, 13800, 227000, 30150, 119000, 79200, 94300, 281500, 135000, 13800], 'buy_cnt': [2570, 1, 617, 24, 2098, 72, 131, 3971, 24744, 1512, 47726, 11784, 1454, 26821, 39, 3, 1260, 161, 83, 141, 1185, 6688], 'vol_cnt': [48706, 65987, 22163, 11859, 419090, 611866, 36114, 262762, 375651, 61396, 1146495, 82510, 75418, 592604, 63115, 255063, 205316, 42704, 90264, 18368, 91391, 605969], 'deal_power': [304.1, 130.2, 31.88, 46.14, 91.36, 119.47, 256.18, 55.14, 53.83, 42.48, 72.9, 53.46, 88.6, 131.35, 80.22, 89.99, 167.3, 62.57, 69.37, 42.27, 86.5, 45.31]}
-----
자동주문 버튼 True 실행시간 : 21:35:08
자동주문 클릭시 timer1 시작
자동주문 클릭시 timer600 시작
계좌평가잔고내역요청 전송
000120;000810;001040;002380;002790;003670;004800;004990;005380;006280;008560;009540;017670;024110;034730;035250;035420;069960;078340;097950;139480;316140;
22
{'stock_no': ['000120', '000810', '001040', '002380', '002790', '003670', '004800', '004990', '005380', '006280', '008560', '009540', '017670', '024110', '034730', '035250', '035420', '069960', '078340', '097950', '139480', '316140'], 'stock_name': ['CJ대한통운', '삼성화재', 'CJ', 'KCC', '아모레G', '포스코케미칼', '효성', '롯데지주', '현대차', '녹십자', '메리츠종금증권', '한국조선해양', 'SK텔레콤', '기업은행', 'SK', '강원랜드', 'NAVER', '현대백화점', '컴투스', 'CJ제일제당', '이마트', '우리금융지주'], 'market_in_price': [137500, 272500, 103000, 278500, 66700, 55600, 75500, 44750, 142500, 127000, 5600, 123500, 262000, 14150, 239000, 31050, 120500, 81500, 104800, 301000, 144500, 14100], 'myhave_cnt': [8, 5, 14, 4, 17, 21, 15, 33, 10, 9, 266, 12, 5, 84, 6, 48, 9, 14, 14, 4, 8, 84], 'run_price': [139000, 262000, 97200, 258000, 58000, 53500, 73800, 39250, 133500, 109500, 5240, 113000, 259000, 13800, 227500, 30250, 119000, 79300, 94400, 282000, 135500, 13800], 'sell_price': [139000, 262000, 97200, 258500, 58100, 53500, 73800, 39250, 133500, 109500, 5260, 113000, 259000, 13850, 227500, 30250, 119500, 79300, 94400, 282000, 135500, 13850], 'sell_cnt': [8736, 1857, 554, 143, 1219, 9916, 95, 2431, 1691, 250, 20068, 6788, 2370, 50990, 2054, 9936, 9459, 1085, 39, 504, 1594, 22547], 'buy_price': [138500, 261500, 97100, 258000, 58000, 53400, 73700, 39200, 133000, 109000, 5240, 112500, 258500, 13800, 227000, 30150, 119000, 79200, 94300, 281500, 135000, 13800], 'buy_cnt': [2570, 1, 617, 24, 2098, 72, 131, 3971, 24744, 1512, 47726, 11784, 1454, 26821, 39, 3, 1260, 161, 83, 141, 1185, 6688], 'vol_cnt': [48706, 65987, 22163, 11859, 419090, 611866, 36114, 262762, 375651, 61396, 1146495, 82510, 75418, 592604, 63115, 255063, 205316, 42704, 90264, 18368, 91391, 605969], 'deal_power': [304.1, 130.2, 31.88, 46.14, 91.36, 119.47, 256.18, 55.14, 53.83, 42.48, 72.9, 53.46, 88.6, 131.35, 80.22, 89.99, 167.3, 62.57, 69.37, 42.27, 86.5, 45.31]}
-----
자동주문 버튼 True 실행시간 : 21:45:01
자동주문 클릭시 timer1 시작
자동주문 클릭시 timer600 시작
