계좌평가잔고내역요청 전송
000120;000810;001040;002380;002790;003670;005380;006280;008560;009540;011070;017670;024110;034730;035250;069960;078340;097950;139480;267250;316140;
21
{'stock_no': ['000120', '000810', '001040', '002380', '002790', '003670', '005380', '006280', '008560', '009540', '011070', '017670', '024110', '034730', '035250', '069960', '078340', '097950', '139480', '267250', '316140'], 'stock_name': ['CJ대한통운', '삼성화재', 'CJ', 'KCC', '아모레G', '포스코케미칼', '현대차', '녹십자', '메리츠종금증권', '한국조선해양', 'LG이노텍', 'SK텔레콤', '기업은행', 'SK', '강원랜드', '현대백화점', '컴투스', 'CJ제일제당', '이마트', '현대중공업지주', '우리금융지주'], 'market_in_price': [137500, 272500, 103000, 278500, 66700, 55600, 142500, 127000, 5600, 123500, 117500, 262000, 14150, 239000, 31050, 81500, 104800, 301000, 144500, 336000, 14100], 'myhave_cnt': [8, 5, 14, 4, 17, 21, 10, 9, 266, 12, 9, 5, 84, 6, 48, 14, 14, 4, 8, 3, 84], 'run_price': [137500, 259000, 89800, 236500, 53500, 46800, 127500, 105000, 4810, 102500, 104000, 248500, 13000, 208500, 30050, 73400, 89400, 283000, 118000, 313500, 12950], 'sell_price': [137500, 259000, 89800, 237000, 53500, 46800, 128000, 105000, 4810, 102500, 104500, 248500, 13050, 209000, 30050, 73400, 89500, 283000, 118000, 313500, 12950], 'sell_cnt': [280, 122, 20, 93, 1376, 32, 9201, 86, 531, 4064, 2546, 409, 35680, 793, 1803, 262, 46, 274, 785, 29, 25391], 'buy_price': [137000, 258500, 89700, 236500, 53400, 46750, 127500, 104500, 4805, 102000, 104000, 248000, 13000, 208500, 30000, 73300, 89400, 282500, 117500, 313000, 12900], 'buy_cnt': [296, 479, 843, 84, 753, 1124, 3614, 631, 3604, 7387, 2102, 434, 10343, 2036, 2391, 132, 27, 260, 4870, 441, 5879], 'vol_cnt': [2652, 6137, 6924, 712, 33682, 53904, 79858, 2888, 282022, 62686, 63901, 37808, 72062, 18101, 19023, 2729, 4174, 1995, 14256, 1792, 108533], 'deal_power': [96.76, 61.8, 78.13, 78.08, 116.09, 129.7, 259.14, 71.19, 45.98, 63.03, 75.81, 231.54, 37.06, 108.64, 112.7, 80.18, 88.91, 97.79, 43.4, 56.14, 14.99]}
-----
자동주문 버튼 True 실행시간 : 09:30:34
자동주문 클릭시 timer1 시작
자동주문 클릭시 timer600 시작
timer600틱 시작 timer1 중지
-----
10분에 한번씩 클럭 발생::체결강도 전송 실행시간 : 09:40:34
계좌평가잔고내역요청 전송
000120;000810;001040;002380;002790;003670;005380;006280;008560;009540;011070;017670;024110;034730;035250;069960;078340;097950;139480;267250;316140;
21
{'stock_no': ['000120', '000810', '001040', '002380', '002790', '003670', '005380', '006280', '008560', '009540', '011070', '017670', '024110', '034730', '035250', '069960', '078340', '097950', '139480', '267250', '316140'], 'stock_name': ['CJ대한통운', '삼성화재', 'CJ', 'KCC', '아모레G', '포스코케미칼', '현대차', '녹십자', '메리츠종금증권', '한국조선해양', 'LG이노텍', 'SK텔레콤', '기업은행', 'SK', '강원랜드', '현대백화점', '컴투스', 'CJ제일제당', '이마트', '현대중공업지주', '우리금융지주'], 'market_in_price': [137500, 272500, 103000, 278500, 66700, 55600, 142500, 127000, 5600, 123500, 117500, 262000, 14150, 239000, 31050, 81500, 104800, 301000, 144500, 336000, 14100], 'myhave_cnt': [8, 5, 14, 4, 17, 21, 10, 9, 266, 12, 9, 5, 84, 6, 48, 14, 14, 4, 8, 3, 84], 'run_price': [137000, 258500, 89400, 235500, 53900, 47100, 128500, 105000, 4840, 102000, 104000, 249500, 12950, 209000, 30100, 72800, 89100, 283000, 118500, 314500, 12900], 'sell_price': [137500, 258500, 89400, 236000, 54000, 47100, 128500, 105500, 4845, 102500, 104500, 250000, 12950, 209000, 30100, 72900, 89100, 283500, 118500, 314500, 12900], 'sell_cnt': [865, 269, 104, 153, 400, 143, 8133, 366, 1820, 3187, 3027, 823, 32635, 1100, 2384, 64, 4, 33, 1741, 150, 16172], 'buy_price': [137000, 258000, 89300, 235500, 53900, 47050, 128000, 104500, 4840, 102000, 104000, 249500, 12900, 208500, 30050, 72800, 89000, 283000, 118000, 314000, 12850], 'buy_cnt': [721, 1281, 368, 71, 103, 355, 9337, 803, 3562, 10158, 861, 985, 25787, 1423, 1969, 66, 67, 293, 1893, 205, 14777], 'vol_cnt': [3273, 7187, 9958, 974, 40959, 62730, 108029, 3526, 335840, 74038, 70427, 53632, 134737, 19260, 41764, 5040, 4849, 2992, 15983, 2781, 144438], 'deal_power': [113.01, 55.12, 46.66, 50.0, 137.8, 136.57, 304.05, 79.18, 54.68, 68.62, 72.28, 255.32, 16.99, 104.9, 89.47, 66.27, 79.91, 119.25, 57.57, 70.34, 15.75]}
['20190802', '20190801', '20190800', '20190799', '20190798', '20190797']
['004990']
20190797
['20190802', '20190801']
{'stock_no': [], 'deal_power': []}
{'stock_no': [], 'deal_power': []}
timer600틱 끝 timer1 재시작
timer600틱 시작 timer1 중지
-----
10분에 한번씩 클럭 발생::체결강도 전송 실행시간 : 09:50:34
계좌평가잔고내역요청 전송
000120;000810;001040;002380;002790;003670;005380;006280;008560;009540;011070;017670;024110;034730;035250;069960;078340;097950;139480;267250;316140;
21
{'stock_no': ['000120', '000810', '001040', '002380', '002790', '003670', '005380', '006280', '008560', '009540', '011070', '017670', '024110', '034730', '035250', '069960', '078340', '097950', '139480', '267250', '316140'], 'stock_name': ['CJ대한통운', '삼성화재', 'CJ', 'KCC', '아모레G', '포스코케미칼', '현대차', '녹십자', '메리츠종금증권', '한국조선해양', 'LG이노텍', 'SK텔레콤', '기업은행', 'SK', '강원랜드', '현대백화점', '컴투스', 'CJ제일제당', '이마트', '현대중공업지주', '우리금융지주'], 'market_in_price': [137500, 272500, 103000, 278500, 66700, 55600, 142500, 127000, 5600, 123500, 117500, 262000, 14150, 239000, 31050, 81500, 104800, 301000, 144500, 336000, 14100], 'myhave_cnt': [8, 5, 14, 4, 17, 21, 10, 9, 266, 12, 9, 5, 84, 6, 48, 14, 14, 4, 8, 3, 84], 'run_price': [137000, 258500, 89900, 235500, 53800, 47200, 127500, 105000, 4835, 102500, 104000, 250000, 12900, 209000, 30000, 73000, 89100, 282500, 118000, 314000, 12850], 'sell_price': [137500, 258500, 90000, 235500, 53900, 47300, 128000, 105500, 4840, 103000, 104500, 250500, 12950, 209500, 30050, 73000, 89100, 283000, 118500, 314000, 12900], 'sell_cnt': [540, 208, 81, 75, 2046, 313, 2888, 630, 3883, 6672, 3377, 2050, 38200, 511, 2834, 259, 23, 68, 2068, 48, 17711], 'buy_price': [137000, 258000, 89900, 235000, 53800, 47200, 127500, 105000, 4835, 102500, 104000, 250000, 12900, 209000, 30000, 72900, 89000, 282500, 118000, 313500, 12850], 'buy_cnt': [245, 1534, 16, 331, 782, 411, 1220, 802, 6491, 4897, 4245, 297, 32004, 802, 3417, 193, 12, 179, 4724, 46, 24936], 'vol_cnt': [4451, 10202, 16037, 1382, 42937, 79608, 133748, 3752, 377463, 81542, 75132, 60517, 145148, 26279, 46586, 5653, 5300, 3469, 16485, 3275, 146863], 'deal_power': [95.18, 60.09, 117.29, 69.76, 129.06, 151.64, 231.02, 77.75, 61.3, 77.66, 68.23, 265.66, 20.6, 118.48, 81.36, 80.05, 78.41, 99.88, 59.94, 69.69, 16.96]}
['20190802', '20190801', '20190800', '20190799', '20190798', '20190797']
['004990']
20190797
['20190802', '20190801']
{'stock_no': [], 'deal_power': []}
{'stock_no': [], 'deal_power': []}
timer600틱 끝 timer1 재시작
timer600틱 시작 timer1 중지
-----
10분에 한번씩 클럭 발생::체결강도 전송 실행시간 : 10:00:34
계좌평가잔고내역요청 전송
000120;000810;001040;002380;002790;003670;005380;006280;008560;009540;011070;017670;024110;034730;035250;069960;078340;097950;139480;267250;316140;
21
{'stock_no': ['000120', '000810', '001040', '002380', '002790', '003670', '005380', '006280', '008560', '009540', '011070', '017670', '024110', '034730', '035250', '069960', '078340', '097950', '139480', '267250', '316140'], 'stock_name': ['CJ대한통운', '삼성화재', 'CJ', 'KCC', '아모레G', '포스코케미칼', '현대차', '녹십자', '메리츠종금증권', '한국조선해양', 'LG이노텍', 'SK텔레콤', '기업은행', 'SK', '강원랜드', '현대백화점', '컴투스', 'CJ제일제당', '이마트', '현대중공업지주', '우리금융지주'], 'market_in_price': [137500, 272500, 103000, 278500, 66700, 55600, 142500, 127000, 5600, 123500, 117500, 262000, 14150, 239000, 31050, 81500, 104800, 301000, 144500, 336000, 14100], 'myhave_cnt': [8, 5, 14, 4, 17, 21, 10, 9, 266, 12, 9, 5, 84, 6, 48, 14, 14, 4, 8, 3, 84], 'run_price': [137000, 257500, 89600, 235500, 53900, 46850, 127000, 105500, 4855, 102000, 103500, 250000, 12950, 209000, 30150, 73300, 89100, 282500, 118500, 313500, 12900], 'sell_price': [137000, 258000, 89600, 235500, 53900, 46900, 127500, 105500, 4855, 102500, 104000, 250000, 12950, 209000, 30150, 73300, 89100, 283000, 118500, 314000, 12900], 'sell_cnt': [554, 846, 18, 347, 2565, 323, 5692, 576, 958, 6995, 3692, 3037, 41920, 960, 1126, 422, 201, 135, 644, 178, 28039], 'buy_price': [136500, 257500, 89500, 235000, 53800, 46850, 127000, 105000, 4850, 102000, 103500, 249500, 12900, 208500, 30100, 73200, 88900, 282500, 118000, 313500, 12850], 'buy_cnt': [853, 961, 176, 995, 1351, 893, 5173, 920, 6083, 12460, 5682, 3034, 36371, 582, 545, 123, 25, 699, 6341, 2, 33690], 'vol_cnt': [4956, 11803, 17563, 1478, 43985, 88045, 145397, 4039, 427697, 89837, 86331, 65998, 149084, 31707, 64320, 6309, 5962, 3598, 18834, 3765, 148398], 'deal_power': [83.64, 54.11, 106.91, 75.35, 122.92, 121.97, 213.7, 75.89, 63.49, 67.74, 60.76, 243.93, 21.05, 91.0, 96.98, 95.42, 67.69, 101.48, 78.07, 75.1, 18.05]}
['20190802', '20190801', '20190800', '20190799', '20190798', '20190797']
['004990']
20190797
['20190802', '20190801']
{'stock_no': [], 'deal_power': []}
{'stock_no': [], 'deal_power': []}
timer600틱 끝 timer1 재시작
timer600틱 시작 timer1 중지
-----
10분에 한번씩 클럭 발생::체결강도 전송 실행시간 : 10:10:34
계좌평가잔고내역요청 전송
000120;000810;001040;002380;002790;003670;005380;006280;008560;009540;011070;017670;024110;034730;035250;069960;078340;097950;139480;267250;316140;
21
{'stock_no': ['000120', '000810', '001040', '002380', '002790', '003670', '005380', '006280', '008560', '009540', '011070', '017670', '024110', '034730', '035250', '069960', '078340', '097950', '139480', '267250', '316140'], 'stock_name': ['CJ대한통운', '삼성화재', 'CJ', 'KCC', '아모레G', '포스코케미칼', '현대차', '녹십자', '메리츠종금증권', '한국조선해양', 'LG이노텍', 'SK텔레콤', '기업은행', 'SK', '강원랜드', '현대백화점', '컴투스', 'CJ제일제당', '이마트', '현대중공업지주', '우리금융지주'], 'market_in_price': [137500, 272500, 103000, 278500, 66700, 55600, 142500, 127000, 5600, 123500, 117500, 262000, 14150, 239000, 31050, 81500, 104800, 301000, 144500, 336000, 14100], 'myhave_cnt': [8, 5, 14, 4, 17, 21, 10, 9, 266, 12, 9, 5, 84, 6, 48, 14, 14, 4, 8, 3, 84], 'run_price': [136500, 258500, 89700, 235500, 54100, 46900, 127000, 106000, 4840, 101500, 103000, 249500, 12950, 207500, 30050, 73400, 89100, 283500, 118000, 315500, 12900], 'sell_price': [137000, 259000, 89700, 235500, 54200, 46950, 127000, 106000, 4845, 102000, 103500, 249500, 12950, 208000, 30100, 73400, 89100, 284000, 118500, 316000, 12900], 'sell_cnt': [609, 1286, 131, 38, 1008, 488, 2327, 568, 5063, 1456, 1943, 2209, 53107, 1085, 3494, 106, 6, 126, 2501, 199, 30059], 'buy_price': [136500, 258500, 89600, 235000, 54100, 46900, 126500, 105500, 4840, 101500, 103000, 249000, 12900, 207500, 30050, 73300, 89000, 283500, 118000, 315500, 12850], 'buy_cnt': [940, 252, 248, 841, 599, 1651, 4647, 466, 8165, 22347, 1783, 2743, 34720, 609, 1531, 910, 30, 6, 3331, 1, 45740], 'vol_cnt': [5276, 12974, 20754, 1995, 49392, 95976, 158452, 4939, 458592, 110752, 107310, 75204, 159216, 34298, 69137, 8330, 7234, 4039, 21274, 4332, 157722], 'deal_power': [84.05, 64.14, 103.99, 120.19, 122.56, 114.34, 198.03, 117.71, 63.97, 58.86, 54.96, 209.82, 21.9, 87.11, 91.4, 115.26, 82.75, 107.57, 74.68, 88.67, 20.86]}
['20190802', '20190801', '20190800', '20190799', '20190798', '20190797']
['004990']
20190797
['20190802', '20190801']
{'stock_no': [], 'deal_power': []}
{'stock_no': [], 'deal_power': []}
timer600틱 끝 timer1 재시작
timer600틱 시작 timer1 중지
-----
10분에 한번씩 클럭 발생::체결강도 전송 실행시간 : 10:20:34
계좌평가잔고내역요청 전송
000120;000810;001040;002380;002790;003670;005380;006280;008560;009540;011070;017670;024110;034730;035250;069960;078340;097950;139480;267250;316140;
21
{'stock_no': ['000120', '000810', '001040', '002380', '002790', '003670', '005380', '006280', '008560', '009540', '011070', '017670', '024110', '034730', '035250', '069960', '078340', '097950', '139480', '267250', '316140'], 'stock_name': ['CJ대한통운', '삼성화재', 'CJ', 'KCC', '아모레G', '포스코케미칼', '현대차', '녹십자', '메리츠종금증권', '한국조선해양', 'LG이노텍', 'SK텔레콤', '기업은행', 'SK', '강원랜드', '현대백화점', '컴투스', 'CJ제일제당', '이마트', '현대중공업지주', '우리금융지주'], 'market_in_price': [137500, 272500, 103000, 278500, 66700, 55600, 142500, 127000, 5600, 123500, 117500, 262000, 14150, 239000, 31050, 81500, 104800, 301000, 144500, 336000, 14100], 'myhave_cnt': [8, 5, 14, 4, 17, 21, 10, 9, 266, 12, 9, 5, 84, 6, 48, 14, 14, 4, 8, 3, 84], 'run_price': [136500, 258000, 89400, 235500, 54400, 46700, 126500, 105500, 4830, 102000, 102500, 250000, 12900, 208500, 30150, 73200, 88900, 284000, 117000, 317500, 12900], 'sell_price': [137000, 258000, 89400, 235500, 54600, 46700, 126500, 106000, 4835, 102000, 103000, 250000, 12900, 209000, 30150, 73200, 89000, 284000, 117500, 317500, 12900], 'sell_cnt': [114, 2172, 17, 395, 455, 136, 5236, 540, 6509, 8694, 1883, 1387, 74657, 844, 543, 132, 52, 100, 2591, 116, 76704], 'buy_price': [136500, 257500, 89300, 235000, 54400, 46650, 126000, 105000, 4830, 101500, 102500, 249500, 12850, 208500, 30100, 73100, 88900, 283500, 117000, 317000, 12850], 'buy_cnt': [1823, 1388, 777, 189, 931, 1016, 6889, 866, 10015, 21430, 961, 3227, 49740, 450, 1890, 73, 39, 358, 491, 7, 49151], 'vol_cnt': [6085, 16023, 25270, 4494, 54185, 105710, 171078, 5951, 542250, 121512, 114646, 85022, 215427, 39385, 91768, 11709, 7994, 5204, 33831, 5083, 182628], 'deal_power': [108.89, 51.32, 84.87, 34.57, 123.73, 95.51, 171.81, 129.08, 63.86, 55.6, 52.78, 207.43, 16.27, 85.6, 87.49, 101.71, 75.47, 96.66, 44.81, 96.34, 21.36]}
['20190802', '20190801', '20190800', '20190799', '20190798', '20190797']
['004990']
20190797
['20190802', '20190801']
{'stock_no': [], 'deal_power': []}
{'stock_no': [], 'deal_power': []}
timer600틱 끝 timer1 재시작
timer600틱 시작 timer1 중지
-----
10분에 한번씩 클럭 발생::체결강도 전송 실행시간 : 10:30:34
계좌평가잔고내역요청 전송
000120;000810;001040;002380;002790;003670;005380;006280;008560;009540;011070;017670;024110;034730;035250;069960;078340;097950;139480;267250;316140;
21
{'stock_no': ['000120', '000810', '001040', '002380', '002790', '003670', '005380', '006280', '008560', '009540', '011070', '017670', '024110', '034730', '035250', '069960', '078340', '097950', '139480', '267250', '316140'], 'stock_name': ['CJ대한통운', '삼성화재', 'CJ', 'KCC', '아모레G', '포스코케미칼', '현대차', '녹십자', '메리츠종금증권', '한국조선해양', 'LG이노텍', 'SK텔레콤', '기업은행', 'SK', '강원랜드', '현대백화점', '컴투스', 'CJ제일제당', '이마트', '현대중공업지주', '우리금융지주'], 'market_in_price': [137500, 272500, 103000, 278500, 66700, 55600, 142500, 127000, 5600, 123500, 117500, 262000, 14150, 239000, 31050, 81500, 104800, 301000, 144500, 336000, 14100], 'myhave_cnt': [8, 5, 14, 4, 17, 21, 10, 9, 266, 12, 9, 5, 84, 6, 48, 14, 14, 4, 8, 3, 84], 'run_price': [137000, 257000, 89500, 234500, 54200, 47100, 125500, 105500, 4830, 101500, 104000, 252500, 12900, 208500, 30150, 72800, 89400, 283000, 118000, 316000, 12850], 'sell_price': [137000, 257000, 89500, 234500, 54300, 47250, 125500, 105500, 4835, 102000, 104000, 252500, 12900, 209000, 30200, 72900, 89400, 283500, 118000, 316000, 12900], 'sell_cnt': [541, 997, 99, 254, 196, 198, 4092, 562, 7565, 7905, 4314, 2304, 73413, 1410, 3782, 166, 21, 146, 418, 134, 95000], 'buy_price': [136500, 256500, 89400, 234000, 54200, 47100, 125000, 105000, 4830, 101500, 103500, 252000, 12850, 208500, 30150, 72800, 89300, 283000, 117500, 315500, 12850], 'buy_cnt': [1529, 913, 655, 226, 149, 289, 10139, 1509, 9739, 24250, 1217, 2118, 88769, 1813, 804, 208, 16, 65, 3464, 75, 36499], 'vol_cnt': [6626, 23328, 31338, 5281, 56927, 117333, 192432, 6572, 633495, 130428, 127889, 99969, 232513, 42321, 101887, 12773, 9213, 5707, 37711, 5783, 203938], 'deal_power': [123.4, 60.05, 72.41, 33.59, 121.11, 100.61, 153.49, 125.39, 78.07, 61.35, 62.53, 247.15, 22.44, 81.29, 90.33, 94.51, 86.82, 99.85, 54.87, 100.14, 20.19]}
['20190802', '20190801', '20190800', '20190799', '20190798', '20190797']
['004990']
20190797
['20190802', '20190801']
{'stock_no': [], 'deal_power': []}
{'stock_no': [], 'deal_power': []}
timer600틱 끝 timer1 재시작
timer600틱 시작 timer1 중지
-----
10분에 한번씩 클럭 발생::체결강도 전송 실행시간 : 10:40:34
계좌평가잔고내역요청 전송
000120;000810;001040;002380;002790;003670;005380;006280;008560;009540;011070;017670;024110;034730;035250;069960;078340;097950;139480;267250;316140;
21
{'stock_no': ['000120', '000810', '001040', '002380', '002790', '003670', '005380', '006280', '008560', '009540', '011070', '017670', '024110', '034730', '035250', '069960', '078340', '097950', '139480', '267250', '316140'], 'stock_name': ['CJ대한통운', '삼성화재', 'CJ', 'KCC', '아모레G', '포스코케미칼', '현대차', '녹십자', '메리츠종금증권', '한국조선해양', 'LG이노텍', 'SK텔레콤', '기업은행', 'SK', '강원랜드', '현대백화점', '컴투스', 'CJ제일제당', '이마트', '현대중공업지주', '우리금융지주'], 'market_in_price': [137500, 272500, 103000, 278500, 66700, 55600, 142500, 127000, 5600, 123500, 117500, 262000, 14150, 239000, 31050, 81500, 104800, 301000, 144500, 336000, 14100], 'myhave_cnt': [8, 5, 14, 4, 17, 21, 10, 9, 266, 12, 9, 5, 84, 6, 48, 14, 14, 4, 8, 3, 84], 'run_price': [137000, 257000, 89400, 235500, 54500, 47100, 126000, 106500, 4835, 102000, 104000, 253000, 12900, 209500, 30100, 73100, 89400, 283500, 117500, 316500, 12850], 'sell_price': [137000, 257000, 89500, 235500, 54600, 47150, 126000, 106500, 4835, 102000, 104000, 253500, 12900, 209500, 30150, 73200, 89400, 283500, 118000, 317000, 12850], 'sell_cnt': [681, 1829, 529, 18, 501, 493, 3491, 762, 25222, 8228, 3858, 2357, 55976, 783, 4281, 240, 20, 122, 2529, 353, 58750], 'buy_price': [136500, 256500, 89400, 235000, 54500, 47100, 125500, 106000, 4830, 101500, 103500, 253000, 12850, 209000, 30100, 73100, 89300, 283000, 117500, 316500, 12800], 'buy_cnt': [1675, 1539, 343, 153, 255, 418, 14842, 34, 17214, 24327, 21, 531, 86473, 121, 3371, 167, 34, 191, 386, 7, 31305], 'vol_cnt': [6848, 23761, 31943, 5755, 60202, 121670, 223269, 7389, 643164, 135016, 132801, 120933, 248548, 45887, 104966, 13238, 9662, 5787, 38789, 6239, 251485], 'deal_power': [123.35, 58.9, 70.77, 39.96, 118.16, 99.16, 160.46, 153.4, 79.24, 60.29, 64.12, 260.2, 29.3, 87.51, 88.89, 96.7, 86.35, 98.86, 55.18, 102.53, 16.99]}
['20190802', '20190801', '20190800', '20190799', '20190798', '20190797']
['004990']
20190797
['20190802', '20190801']
{'stock_no': [], 'deal_power': []}
{'stock_no': [], 'deal_power': []}
timer600틱 끝 timer1 재시작
timer600틱 시작 timer1 중지
-----
10분에 한번씩 클럭 발생::체결강도 전송 실행시간 : 10:50:34
계좌평가잔고내역요청 전송
000120;000810;001040;002380;002790;003670;005380;006280;008560;009540;011070;017670;024110;034730;035250;069960;078340;097950;139480;267250;316140;
21
{'stock_no': ['000120', '000810', '001040', '002380', '002790', '003670', '005380', '006280', '008560', '009540', '011070', '017670', '024110', '034730', '035250', '069960', '078340', '097950', '139480', '267250', '316140'], 'stock_name': ['CJ대한통운', '삼성화재', 'CJ', 'KCC', '아모레G', '포스코케미칼', '현대차', '녹십자', '메리츠종금증권', '한국조선해양', 'LG이노텍', 'SK텔레콤', '기업은행', 'SK', '강원랜드', '현대백화점', '컴투스', 'CJ제일제당', '이마트', '현대중공업지주', '우리금융지주'], 'market_in_price': [137500, 272500, 103000, 278500, 66700, 55600, 142500, 127000, 5600, 123500, 117500, 262000, 14150, 239000, 31050, 81500, 104800, 301000, 144500, 336000, 14100], 'myhave_cnt': [8, 5, 14, 4, 17, 21, 10, 9, 266, 12, 9, 5, 84, 6, 48, 14, 14, 4, 8, 3, 84], 'run_price': [137500, 257500, 89300, 236000, 54400, 47850, 126000, 107000, 4830, 102500, 103500, 254000, 12900, 209000, 30300, 73100, 89900, 283500, 117000, 316000, 12800], 'sell_price': [137500, 257500, 89300, 236500, 54500, 47850, 126000, 107000, 4830, 102500, 104000, 253500, 12900, 209500, 30350, 73200, 89900, 284000, 117500, 316500, 12850], 'sell_cnt': [1174, 679, 276, 144, 1400, 54, 4987, 185, 4615, 3999, 3191, 175, 47326, 1072, 2663, 421, 326, 261, 190, 90, 124171], 'buy_price': [137000, 257000, 89200, 236000, 54400, 47800, 125500, 106500, 4825, 102000, 103500, 253000, 12850, 209000, 30300, 73100, 89800, 283500, 117000, 316000, 12800], 'buy_cnt': [849, 960, 608, 207, 132, 500, 15611, 417, 7792, 11297, 1992, 2112, 131129, 607, 31, 361, 106, 177, 4601, 39, 32100], 'vol_cnt': [7553, 26336, 32918, 6009, 61706, 135590, 227850, 8103, 726666, 147032, 136909, 131122, 259575, 46925, 126805, 13529, 10710, 6039, 40939, 6698, 262072], 'deal_power': [134.08, 73.36, 68.14, 43.48, 113.17, 111.96, 163.13, 178.18, 75.22, 71.67, 65.92, 256.09, 32.13, 85.31, 93.83, 93.77, 105.22, 101.8, 57.1, 101.76, 16.58]}
['20190802', '20190801', '20190800', '20190799', '20190798', '20190797']
['004990']
20190797
['20190802', '20190801']
{'stock_no': [], 'deal_power': []}
{'stock_no': [], 'deal_power': []}
timer600틱 끝 timer1 재시작
timer600틱 시작 timer1 중지
-----
10분에 한번씩 클럭 발생::체결강도 전송 실행시간 : 11:00:34
계좌평가잔고내역요청 전송
000120;000810;001040;002380;002790;003670;005380;006280;008560;009540;011070;017670;024110;034730;035250;069960;078340;097950;139480;267250;316140;
21
{'stock_no': ['000120', '000810', '001040', '002380', '002790', '003670', '005380', '006280', '008560', '009540', '011070', '017670', '024110', '034730', '035250', '069960', '078340', '097950', '139480', '267250', '316140'], 'stock_name': ['CJ대한통운', '삼성화재', 'CJ', 'KCC', '아모레G', '포스코케미칼', '현대차', '녹십자', '메리츠종금증권', '한국조선해양', 'LG이노텍', 'SK텔레콤', '기업은행', 'SK', '강원랜드', '현대백화점', '컴투스', 'CJ제일제당', '이마트', '현대중공업지주', '우리금융지주'], 'market_in_price': [137500, 272500, 103000, 278500, 66700, 55600, 142500, 127000, 5600, 123500, 117500, 262000, 14150, 239000, 31050, 81500, 104800, 301000, 144500, 336000, 14100], 'myhave_cnt': [8, 5, 14, 4, 17, 21, 10, 9, 266, 12, 9, 5, 84, 6, 48, 14, 14, 4, 8, 3, 84], 'run_price': [137500, 257000, 89400, 236500, 54300, 47950, 126000, 107000, 4825, 103000, 103500, 253500, 12850, 209500, 30350, 73100, 90100, 284500, 118000, 317000, 12850], 'sell_price': [137500, 257500, 89400, 236500, 54400, 47950, 126500, 107500, 4825, 103000, 104000, 253500, 12900, 209500, 30400, 73200, 90100, 284500, 118000, 317000, 12850], 'sell_cnt': [515, 1031, 352, 250, 1727, 153, 8856, 898, 5550, 6181, 3338, 547, 57567, 1194, 4785, 451, 87, 43, 3663, 32, 120950], 'buy_price': [137000, 257000, 89300, 236000, 54300, 47900, 126000, 107000, 4820, 102500, 103500, 253000, 12850, 209000, 30350, 73100, 90000, 284000, 117500, 316500, 12800], 'buy_cnt': [1298, 1344, 710, 106, 535, 984, 5491, 521, 11617, 4518, 2628, 2216, 135390, 1113, 77, 402, 50, 58, 3208, 165, 48326], 'vol_cnt': [8028, 28266, 34014, 6128, 63271, 154308, 244279, 8442, 778253, 152920, 139877, 138081, 267942, 49726, 143564, 13969, 11642, 6566, 41862, 7083, 275590], 'deal_power': [141.55, 73.54, 70.65, 43.82, 112.33, 124.35, 171.27, 183.68, 79.19, 72.03, 65.76, 253.04, 34.03, 86.26, 95.08, 93.58, 115.13, 118.5, 57.9, 104.91, 17.63]}
['20190802', '20190801', '20190800', '20190799', '20190798', '20190797']
['004990']
20190797
['20190802', '20190801']
{'stock_no': [], 'deal_power': []}
{'stock_no': [], 'deal_power': []}
timer600틱 끝 timer1 재시작
timer600틱 시작 timer1 중지
-----
10분에 한번씩 클럭 발생::체결강도 전송 실행시간 : 11:10:34
계좌평가잔고내역요청 전송
000120;000810;001040;002380;002790;003670;005380;006280;008560;009540;011070;017670;024110;034730;035250;069960;078340;097950;139480;267250;316140;
21
{'stock_no': ['000120', '000810', '001040', '002380', '002790', '003670', '005380', '006280', '008560', '009540', '011070', '017670', '024110', '034730', '035250', '069960', '078340', '097950', '139480', '267250', '316140'], 'stock_name': ['CJ대한통운', '삼성화재', 'CJ', 'KCC', '아모레G', '포스코케미칼', '현대차', '녹십자', '메리츠종금증권', '한국조선해양', 'LG이노텍', 'SK텔레콤', '기업은행', 'SK', '강원랜드', '현대백화점', '컴투스', 'CJ제일제당', '이마트', '현대중공업지주', '우리금융지주'], 'market_in_price': [137500, 272500, 103000, 278500, 66700, 55600, 142500, 127000, 5600, 123500, 117500, 262000, 14150, 239000, 31050, 81500, 104800, 301000, 144500, 336000, 14100], 'myhave_cnt': [8, 5, 14, 4, 17, 21, 10, 9, 266, 12, 9, 5, 84, 6, 48, 14, 14, 4, 8, 3, 84], 'run_price': [138000, 258000, 89500, 235500, 54600, 47950, 127000, 107000, 4805, 103000, 103500, 253000, 12900, 209000, 30250, 73100, 90100, 285000, 118000, 317000, 12850], 'sell_price': [138000, 258000, 89500, 236000, 54700, 48000, 127000, 107500, 4810, 103500, 104000, 253000, 12900, 209500, 30300, 73200, 90100, 285000, 118000, 317000, 12850], 'sell_cnt': [367, 1168, 476, 160, 654, 983, 14488, 238, 9103, 8852, 3189, 1374, 55194, 1640, 4276, 497, 22, 159, 3983, 28, 120849], 'buy_price': [137500, 257500, 89400, 235500, 54600, 47950, 126500, 107000, 4805, 103000, 103500, 252500, 12850, 209000, 30250, 73100, 90000, 284500, 117500, 316500, 12800], 'buy_cnt': [1062, 735, 159, 89, 211, 942, 2400, 585, 277, 2374, 4322, 1666, 135804, 1317, 1542, 352, 73, 66, 2227, 119, 69660], 'vol_cnt': [8963, 29908, 34489, 6431, 67820, 158410, 258216, 8912, 838409, 162429, 143232, 141905, 282301, 51600, 146826, 14403, 11976, 6756, 43180, 7455, 282248], 'deal_power': [163.08, 80.79, 71.88, 44.7, 117.99, 122.81, 169.95, 191.25, 78.08, 74.47, 67.37, 243.66, 39.46, 89.76, 94.4, 93.5, 117.51, 121.0, 56.72, 108.09, 19.24]}
['20190802', '20190801', '20190800', '20190799', '20190798', '20190797']
['004990']
20190797
['20190802', '20190801']
{'stock_no': [], 'deal_power': []}
{'stock_no': [], 'deal_power': []}
timer600틱 끝 timer1 재시작
timer600틱 시작 timer1 중지
-----
10분에 한번씩 클럭 발생::체결강도 전송 실행시간 : 11:20:34
계좌평가잔고내역요청 전송
000120;000810;001040;002380;002790;003670;005380;006280;008560;009540;011070;017670;024110;034730;035250;069960;078340;097950;139480;267250;316140;
21
{'stock_no': ['000120', '000810', '001040', '002380', '002790', '003670', '005380', '006280', '008560', '009540', '011070', '017670', '024110', '034730', '035250', '069960', '078340', '097950', '139480', '267250', '316140'], 'stock_name': ['CJ대한통운', '삼성화재', 'CJ', 'KCC', '아모레G', '포스코케미칼', '현대차', '녹십자', '메리츠종금증권', '한국조선해양', 'LG이노텍', 'SK텔레콤', '기업은행', 'SK', '강원랜드', '현대백화점', '컴투스', 'CJ제일제당', '이마트', '현대중공업지주', '우리금융지주'], 'market_in_price': [137500, 272500, 103000, 278500, 66700, 55600, 142500, 127000, 5600, 123500, 117500, 262000, 14150, 239000, 31050, 81500, 104800, 301000, 144500, 336000, 14100], 'myhave_cnt': [8, 5, 14, 4, 17, 21, 10, 9, 266, 12, 9, 5, 84, 6, 48, 14, 14, 4, 8, 3, 84], 'run_price': [137500, 258000, 89400, 235000, 54600, 47600, 127000, 107500, 4810, 103500, 103500, 253500, 12900, 209000, 30200, 73300, 89800, 284500, 117500, 317000, 12850], 'sell_price': [138000, 258000, 89400, 235500, 54700, 47650, 127000, 107500, 4810, 103500, 104000, 253500, 12900, 209000, 30250, 73300, 89900, 284500, 117500, 317000, 12850], 'sell_cnt': [883, 386, 616, 236, 1148, 181, 15757, 60, 4109, 18826, 4976, 3423, 56694, 1002, 3781, 338, 58, 216, 4319, 151, 138964], 'buy_price': [137500, 257500, 89300, 235000, 54600, 47600, 126500, 107000, 4805, 103000, 103500, 253000, 12850, 208500, 30200, 73200, 89800, 284000, 117000, 316500, 12800], 'buy_cnt': [1075, 1828, 446, 27, 597, 438, 1790, 663, 4169, 1659, 5342, 1014, 138534, 948, 405, 251, 20, 193, 4064, 2, 80052], 'vol_cnt': [9416, 31083, 35277, 6650, 68645, 166045, 262709, 9349, 874779, 168935, 145493, 146607, 291079, 53722, 151419, 15249, 12231, 6929, 47082, 7820, 293136], 'deal_power': [170.79, 87.4, 70.2, 43.82, 115.01, 113.63, 168.7, 205.62, 80.49, 71.69, 67.81, 238.29, 41.55, 84.79, 92.11, 101.58, 114.62, 117.17, 55.33, 109.48, 22.53]}
['20190802', '20190801', '20190800', '20190799', '20190798', '20190797']
['004990']
20190797
['20190802', '20190801']
{'stock_no': [], 'deal_power': []}
{'stock_no': [], 'deal_power': []}
timer600틱 끝 timer1 재시작
timer600틱 시작 timer1 중지
-----
10분에 한번씩 클럭 발생::체결강도 전송 실행시간 : 11:30:34
계좌평가잔고내역요청 전송
000120;000810;001040;002380;002790;003670;005380;006280;008560;009540;011070;017670;024110;034730;035250;069960;078340;097950;139480;267250;316140;
21
{'stock_no': ['000120', '000810', '001040', '002380', '002790', '003670', '005380', '006280', '008560', '009540', '011070', '017670', '024110', '034730', '035250', '069960', '078340', '097950', '139480', '267250', '316140'], 'stock_name': ['CJ대한통운', '삼성화재', 'CJ', 'KCC', '아모레G', '포스코케미칼', '현대차', '녹십자', '메리츠종금증권', '한국조선해양', 'LG이노텍', 'SK텔레콤', '기업은행', 'SK', '강원랜드', '현대백화점', '컴투스', 'CJ제일제당', '이마트', '현대중공업지주', '우리금융지주'], 'market_in_price': [137500, 272500, 103000, 278500, 66700, 55600, 142500, 127000, 5600, 123500, 117500, 262000, 14150, 239000, 31050, 81500, 104800, 301000, 144500, 336000, 14100], 'myhave_cnt': [8, 5, 14, 4, 17, 21, 10, 9, 266, 12, 9, 5, 84, 6, 48, 14, 14, 4, 8, 3, 84], 'run_price': [138000, 257500, 89300, 235000, 54800, 47850, 127000, 107000, 4810, 102500, 104000, 253000, 12900, 209000, 30150, 73600, 89900, 284500, 117500, 316500, 12850], 'sell_price': [138000, 258000, 89400, 235000, 54900, 47900, 127000, 107500, 4810, 103000, 104000, 253500, 12900, 209500, 30200, 73700, 89900, 284500, 118000, 317000, 12850], 'sell_cnt': [1553, 1591, 717, 67, 1036, 401, 19132, 621, 4562, 2941, 5941, 2669, 59882, 1210, 3985, 416, 53, 163, 3977, 38, 136054], 'buy_price': [137500, 257500, 89300, 234500, 54800, 47850, 126500, 107000, 4805, 102500, 103500, 253000, 12850, 209000, 30150, 73600, 89700, 284000, 117500, 316500, 12800], 'buy_cnt': [1285, 1187, 140, 486, 725, 180, 3858, 670, 1876, 10730, 5012, 2597, 144899, 637, 5471, 229, 34, 352, 168, 54, 85711], 'vol_cnt': [9641, 31505, 35912, 6762, 72342, 169086, 265924, 9562, 932952, 172914, 147943, 149249, 301029, 56027, 154343, 16567, 12373, 7070, 51544, 8113, 297879], 'deal_power': [170.8, 88.39, 70.63, 44.41, 120.22, 115.96, 169.08, 211.95, 81.91, 69.37, 68.34, 241.93, 45.19, 86.44, 92.73, 109.64, 113.26, 118.06, 67.76, 109.97, 24.3]}
['20190802', '20190801', '20190800', '20190799', '20190798', '20190797']
['004990']
20190797
['20190802', '20190801']
{'stock_no': [], 'deal_power': []}
{'stock_no': [], 'deal_power': []}
timer600틱 끝 timer1 재시작
timer600틱 시작 timer1 중지
-----
10분에 한번씩 클럭 발생::체결강도 전송 실행시간 : 11:40:34
계좌평가잔고내역요청 전송
000120;000810;001040;002380;002790;003670;005380;006280;008560;009540;011070;017670;024110;034730;035250;069960;078340;097950;139480;267250;316140;
21
{'stock_no': ['000120', '000810', '001040', '002380', '002790', '003670', '005380', '006280', '008560', '009540', '011070', '017670', '024110', '034730', '035250', '069960', '078340', '097950', '139480', '267250', '316140'], 'stock_name': ['CJ대한통운', '삼성화재', 'CJ', 'KCC', '아모레G', '포스코케미칼', '현대차', '녹십자', '메리츠종금증권', '한국조선해양', 'LG이노텍', 'SK텔레콤', '기업은행', 'SK', '강원랜드', '현대백화점', '컴투스', 'CJ제일제당', '이마트', '현대중공업지주', '우리금융지주'], 'market_in_price': [137500, 272500, 103000, 278500, 66700, 55600, 142500, 127000, 5600, 123500, 117500, 262000, 14150, 239000, 31050, 81500, 104800, 301000, 144500, 336000, 14100], 'myhave_cnt': [8, 5, 14, 4, 17, 21, 10, 9, 266, 12, 9, 5, 84, 6, 48, 14, 14, 4, 8, 3, 84], 'run_price': [137500, 258000, 89200, 235000, 54700, 47800, 127500, 107500, 4810, 102500, 103500, 254000, 12900, 209000, 30400, 73700, 90000, 285000, 118000, 316000, 12850], 'sell_price': [138000, 258000, 89300, 235000, 54800, 47850, 127500, 107500, 4810, 103000, 104000, 254000, 12900, 209500, 30400, 73700, 90100, 285000, 118000, 316000, 12850], 'sell_cnt': [1455, 2821, 549, 61, 294, 322, 9856, 1348, 2179, 4123, 2420, 5372, 73272, 1600, 3016, 622, 173, 266, 3334, 104, 142360], 'buy_price': [137500, 257500, 89200, 234500, 54700, 47800, 127000, 107000, 4805, 102500, 103500, 253500, 12850, 209000, 30350, 73600, 90000, 284500, 117500, 315500, 12800], 'buy_cnt': [1732, 1613, 611, 432, 357, 1673, 9120, 603, 3133, 10664, 5839, 2316, 152004, 994, 15, 251, 58, 281, 8964, 2, 89293], 'vol_cnt': [10051, 32009, 36368, 6912, 75370, 171173, 285553, 9834, 961513, 178905, 154541, 153303, 306573, 58179, 167392, 16821, 12536, 7496, 52174, 8519, 303571], 'deal_power': [170.76, 87.47, 69.5, 47.29, 117.2, 115.43, 178.92, 215.21, 83.61, 71.61, 72.54, 250.18, 46.84, 86.82, 104.03, 108.46, 113.87, 128.61, 68.69, 110.15, 25.65]}
['20190802', '20190801', '20190800', '20190799', '20190798', '20190797']
['004990']
20190797
['20190802', '20190801']
{'stock_no': [], 'deal_power': []}
{'stock_no': [], 'deal_power': []}
timer600틱 끝 timer1 재시작
timer600틱 시작 timer1 중지
-----
10분에 한번씩 클럭 발생::체결강도 전송 실행시간 : 11:50:34
계좌평가잔고내역요청 전송
000120;000810;001040;002380;002790;003670;005380;006280;008560;009540;011070;017670;024110;034730;035250;069960;078340;097950;139480;267250;316140;
21
{'stock_no': ['000120', '000810', '001040', '002380', '002790', '003670', '005380', '006280', '008560', '009540', '011070', '017670', '024110', '034730', '035250', '069960', '078340', '097950', '139480', '267250', '316140'], 'stock_name': ['CJ대한통운', '삼성화재', 'CJ', 'KCC', '아모레G', '포스코케미칼', '현대차', '녹십자', '메리츠종금증권', '한국조선해양', 'LG이노텍', 'SK텔레콤', '기업은행', 'SK', '강원랜드', '현대백화점', '컴투스', 'CJ제일제당', '이마트', '현대중공업지주', '우리금융지주'], 'market_in_price': [137500, 272500, 103000, 278500, 66700, 55600, 142500, 127000, 5600, 123500, 117500, 262000, 14150, 239000, 31050, 81500, 104800, 301000, 144500, 336000, 14100], 'myhave_cnt': [8, 5, 14, 4, 17, 21, 10, 9, 266, 12, 9, 5, 84, 6, 48, 14, 14, 4, 8, 3, 84], 'run_price': [138000, 258000, 89500, 235500, 54900, 47850, 127500, 107500, 4815, 103000, 103500, 254500, 12900, 209000, 30350, 73700, 89900, 285500, 118000, 317500, 12850], 'sell_price': [138500, 258000, 89500, 235500, 55000, 47900, 127500, 107500, 4815, 103500, 104000, 254500, 12900, 209500, 30400, 73700, 90000, 286000, 118000, 317500, 12850], 'sell_cnt': [1714, 3013, 74, 160, 660, 642, 4752, 628, 10509, 5212, 1585, 6434, 68099, 21, 3944, 579, 22, 179, 2820, 23, 140156], 'buy_price': [138000, 257500, 89400, 235000, 54900, 47850, 127000, 107000, 4810, 103000, 103500, 254000, 12850, 209000, 30350, 73600, 89800, 285500, 117500, 317000, 12800], 'buy_cnt': [955, 2573, 326, 28, 327, 146, 7417, 757, 5563, 4611, 8085, 14764, 154826, 1277, 1485, 330, 19, 193, 9079, 127, 92528], 'vol_cnt': [11394, 32685, 37628, 7174, 77370, 174581, 291135, 10242, 995294, 182148, 156486, 161939, 314856, 62777, 174156, 17067, 12716, 7997, 53115, 8919, 314081], 'deal_power': [199.41, 89.63, 73.79, 51.56, 119.45, 117.28, 182.32, 227.13, 85.59, 72.06, 73.05, 268.36, 49.39, 92.66, 101.19, 107.56, 113.29, 140.32, 70.52, 114.69, 28.65]}
['20190802', '20190801', '20190800', '20190799', '20190798', '20190797']
['004990']
20190797
['20190802', '20190801']
{'stock_no': [], 'deal_power': []}
{'stock_no': [], 'deal_power': []}
timer600틱 끝 timer1 재시작
timer600틱 시작 timer1 중지
-----
10분에 한번씩 클럭 발생::체결강도 전송 실행시간 : 12:00:34
계좌평가잔고내역요청 전송
000120;000810;001040;002380;002790;003670;005380;006280;008560;009540;011070;017670;024110;034730;035250;069960;078340;097950;139480;267250;316140;
21
{'stock_no': ['000120', '000810', '001040', '002380', '002790', '003670', '005380', '006280', '008560', '009540', '011070', '017670', '024110', '034730', '035250', '069960', '078340', '097950', '139480', '267250', '316140'], 'stock_name': ['CJ대한통운', '삼성화재', 'CJ', 'KCC', '아모레G', '포스코케미칼', '현대차', '녹십자', '메리츠종금증권', '한국조선해양', 'LG이노텍', 'SK텔레콤', '기업은행', 'SK', '강원랜드', '현대백화점', '컴투스', 'CJ제일제당', '이마트', '현대중공업지주', '우리금융지주'], 'market_in_price': [137500, 272500, 103000, 278500, 66700, 55600, 142500, 127000, 5600, 123500, 117500, 262000, 14150, 239000, 31050, 81500, 104800, 301000, 144500, 336000, 14100], 'myhave_cnt': [8, 5, 14, 4, 17, 21, 10, 9, 266, 12, 9, 5, 84, 6, 48, 14, 14, 4, 8, 3, 84], 'run_price': [138500, 258000, 89400, 235500, 55000, 48000, 128000, 107500, 4805, 103500, 103500, 254500, 12900, 209500, 30350, 73600, 89900, 286000, 118000, 316500, 12800], 'sell_price': [138500, 258000, 89400, 235500, 55000, 48000, 128000, 107500, 4805, 103500, 104000, 254500, 12900, 209500, 30350, 73600, 89900, 286000, 118000, 316500, 12850], 'sell_cnt': [287, 3458, 237, 142, 1202, 75, 11084, 925, 6071, 5327, 2814, 4958, 75174, 490, 2701, 204, 6, 248, 3782, 73, 128754], 'buy_price': [138000, 257500, 89300, 235000, 54900, 47950, 127500, 107000, 4800, 103000, 103500, 254000, 12850, 209000, 30300, 73500, 89700, 285500, 117500, 316000, 12800], 'buy_cnt': [2222, 2510, 306, 53, 510, 797, 3003, 774, 14045, 5730, 7223, 11188, 160455, 561, 742, 306, 54, 241, 9810, 98, 92186], 'vol_cnt': [12644, 33215, 37957, 7419, 78202, 179906, 299216, 10463, 1036980, 185309, 159069, 165670, 320715, 64865, 179789, 17836, 12845, 8140, 54017, 9290, 319272], 'deal_power': [225.96, 89.67, 73.92, 55.19, 117.38, 121.86, 187.84, 231.41, 87.46, 72.08, 73.47, 271.06, 50.35, 93.37, 100.58, 100.81, 112.51, 139.99, 72.11, 113.43, 29.64]}
['20190802', '20190801', '20190800', '20190799', '20190798', '20190797']
['004990']
20190797
['20190802', '20190801']
{'stock_no': [], 'deal_power': []}
{'stock_no': [], 'deal_power': []}
timer600틱 끝 timer1 재시작
timer600틱 시작 timer1 중지
-----
10분에 한번씩 클럭 발생::체결강도 전송 실행시간 : 12:10:34
계좌평가잔고내역요청 전송
000120;000810;001040;002380;002790;003670;005380;006280;008560;009540;011070;017670;024110;034730;035250;069960;078340;097950;139480;267250;316140;
21
{'stock_no': ['000120', '000810', '001040', '002380', '002790', '003670', '005380', '006280', '008560', '009540', '011070', '017670', '024110', '034730', '035250', '069960', '078340', '097950', '139480', '267250', '316140'], 'stock_name': ['CJ대한통운', '삼성화재', 'CJ', 'KCC', '아모레G', '포스코케미칼', '현대차', '녹십자', '메리츠종금증권', '한국조선해양', 'LG이노텍', 'SK텔레콤', '기업은행', 'SK', '강원랜드', '현대백화점', '컴투스', 'CJ제일제당', '이마트', '현대중공업지주', '우리금융지주'], 'market_in_price': [137500, 272500, 103000, 278500, 66700, 55600, 142500, 127000, 5600, 123500, 117500, 262000, 14150, 239000, 31050, 81500, 104800, 301000, 144500, 336000, 14100], 'myhave_cnt': [8, 5, 14, 4, 17, 21, 10, 9, 266, 12, 9, 5, 84, 6, 48, 14, 14, 4, 8, 3, 84], 'run_price': [138500, 257500, 89400, 235500, 55000, 48000, 128000, 107500, 4815, 103000, 103000, 253500, 12850, 209000, 30350, 73400, 90000, 285500, 118000, 315500, 12800], 'sell_price': [139000, 258000, 89400, 235500, 55000, 48000, 128000, 107500, 4820, 103500, 103500, 254000, 12900, 209500, 30350, 73400, 90100, 286000, 118000, 316000, 12800], 'sell_cnt': [2386, 4764, 969, 142, 1336, 204, 10674, 65, 918, 6187, 3788, 6534, 91406, 1874, 3006, 450, 207, 477, 4024, 296, 124094], 'buy_price': [138500, 257500, 89300, 235000, 54800, 47950, 127500, 107000, 4815, 103000, 103000, 253500, 12850, 209000, 30300, 73300, 89900, 285500, 117500, 315500, 12750], 'buy_cnt': [304, 2744, 304, 245, 491, 663, 448, 613, 421, 6578, 4677, 936, 154659, 1469, 2264, 280, 281, 328, 10586, 47, 51725], 'vol_cnt': [13570, 33923, 38219, 7588, 81654, 181685, 309463, 11414, 1077736, 188522, 165880, 172429, 325757, 66699, 190675, 18554, 12978, 8219, 54811, 9774, 385275], 'deal_power': [240.63, 88.58, 73.68, 58.75, 114.8, 122.81, 181.87, 229.51, 90.32, 72.02, 71.21, 254.14, 51.71, 94.47, 100.81, 95.54, 110.66, 140.93, 74.12, 111.4, 24.2]}
['20190802', '20190801', '20190800', '20190799', '20190798', '20190797']
['004990']
20190797
['20190802', '20190801']
{'stock_no': [], 'deal_power': []}
{'stock_no': [], 'deal_power': []}
timer600틱 끝 timer1 재시작
timer600틱 시작 timer1 중지
-----
10분에 한번씩 클럭 발생::체결강도 전송 실행시간 : 12:20:34
계좌평가잔고내역요청 전송
000120;000810;001040;002380;002790;003670;005380;006280;008560;009540;011070;017670;024110;034730;035250;069960;078340;097950;139480;267250;316140;
21
{'stock_no': ['000120', '000810', '001040', '002380', '002790', '003670', '005380', '006280', '008560', '009540', '011070', '017670', '024110', '034730', '035250', '069960', '078340', '097950', '139480', '267250', '316140'], 'stock_name': ['CJ대한통운', '삼성화재', 'CJ', 'KCC', '아모레G', '포스코케미칼', '현대차', '녹십자', '메리츠종금증권', '한국조선해양', 'LG이노텍', 'SK텔레콤', '기업은행', 'SK', '강원랜드', '현대백화점', '컴투스', 'CJ제일제당', '이마트', '현대중공업지주', '우리금융지주'], 'market_in_price': [137500, 272500, 103000, 278500, 66700, 55600, 142500, 127000, 5600, 123500, 117500, 262000, 14150, 239000, 31050, 81500, 104800, 301000, 144500, 336000, 14100], 'myhave_cnt': [8, 5, 14, 4, 17, 21, 10, 9, 266, 12, 9, 5, 84, 6, 48, 14, 14, 4, 8, 3, 84], 'run_price': [138500, 258000, 89200, 236000, 55000, 48100, 127500, 107500, 4815, 103000, 103000, 253500, 12900, 209000, 30300, 73400, 90100, 285500, 118000, 315500, 12800], 'sell_price': [139000, 258000, 89200, 236000, 55000, 48100, 127500, 107500, 4815, 103500, 103500, 253500, 12900, 209500, 30350, 73400, 90100, 286000, 118000, 315500, 12800], 'sell_cnt': [1740, 4840, 803, 175, 492, 466, 6806, 578, 6871, 2865, 4322, 2723, 103848, 1370, 4016, 658, 216, 596, 4053, 73, 131666], 'buy_price': [138500, 257500, 89100, 235500, 54900, 48050, 127000, 107000, 4810, 103000, 103000, 253000, 12850, 209000, 30300, 73300, 90000, 285500, 117500, 315000, 12750], 'buy_cnt': [1331, 3202, 964, 87, 250, 152, 9532, 576, 12376, 7903, 5275, 4042, 155117, 1052, 2509, 335, 112, 414, 10455, 133, 50070], 'vol_cnt': [14297, 34596, 39769, 7872, 83521, 185081, 313606, 11725, 1093453, 193351, 169033, 175899, 332652, 68751, 192160, 18693, 13066, 8262, 55532, 10157, 395165], 'deal_power': [248.47, 88.45, 71.18, 64.43, 116.33, 121.81, 183.32, 225.28, 92.48, 73.32, 71.41, 252.34, 53.15, 94.28, 102.26, 95.96, 111.0, 141.35, 75.9, 112.58, 25.56]}
['20190802', '20190801', '20190800', '20190799', '20190798', '20190797']
['004990']
20190797
['20190802', '20190801']
{'stock_no': [], 'deal_power': []}
{'stock_no': [], 'deal_power': []}
timer600틱 끝 timer1 재시작
timer600틱 시작 timer1 중지
-----
10분에 한번씩 클럭 발생::체결강도 전송 실행시간 : 12:30:34
계좌평가잔고내역요청 전송
000120;000810;001040;002380;002790;003670;005380;006280;008560;009540;011070;017670;024110;034730;035250;069960;078340;097950;139480;267250;316140;
21
{'stock_no': ['000120', '000810', '001040', '002380', '002790', '003670', '005380', '006280', '008560', '009540', '011070', '017670', '024110', '034730', '035250', '069960', '078340', '097950', '139480', '267250', '316140'], 'stock_name': ['CJ대한통운', '삼성화재', 'CJ', 'KCC', '아모레G', '포스코케미칼', '현대차', '녹십자', '메리츠종금증권', '한국조선해양', 'LG이노텍', 'SK텔레콤', '기업은행', 'SK', '강원랜드', '현대백화점', '컴투스', 'CJ제일제당', '이마트', '현대중공업지주', '우리금융지주'], 'market_in_price': [137500, 272500, 103000, 278500, 66700, 55600, 142500, 127000, 5600, 123500, 117500, 262000, 14150, 239000, 31050, 81500, 104800, 301000, 144500, 336000, 14100], 'myhave_cnt': [8, 5, 14, 4, 17, 21, 10, 9, 266, 12, 9, 5, 84, 6, 48, 14, 14, 4, 8, 3, 84], 'run_price': [139000, 258000, 89200, 236500, 55100, 48050, 127500, 107500, 4805, 104000, 104000, 254000, 12850, 210000, 30300, 73400, 90000, 286000, 118000, 314500, 12650], 'sell_price': [139000, 258000, 89200, 236500, 55200, 48050, 127500, 107500, 4805, 104000, 104000, 254000, 12900, 210000, 30350, 73400, 90100, 286000, 118000, 315000, 12700], 'sell_cnt': [1410, 7384, 1046, 318, 899, 7, 7797, 671, 8136, 17240, 6768, 6107, 110327, 3802, 4713, 842, 162, 834, 2627, 162, 96991], 'buy_price': [138500, 257500, 89100, 236000, 55100, 48000, 127000, 107000, 4800, 103500, 103500, 253500, 12850, 209500, 30300, 73300, 90000, 285500, 117500, 314500, 12650], 'buy_cnt': [1537, 1948, 312, 106, 175, 196, 10498, 782, 2611, 6035, 957, 2134, 151592, 500, 460, 389, 203, 338, 11119, 93, 28026], 'vol_cnt': [14909, 37417, 41058, 8130, 85822, 186880, 317055, 11913, 1144232, 198494, 179019, 180988, 341770, 73458, 198463, 18969, 13168, 8448, 57872, 10530, 468007], 'deal_power': [258.87, 80.86, 69.48, 68.48, 117.48, 122.83, 185.19, 230.03, 92.42, 75.24, 75.63, 256.88, 53.36, 97.45, 101.63, 97.25, 112.3, 138.56, 81.46, 112.34, 21.24]}
['20190802', '20190801', '20190800', '20190799', '20190798', '20190797']
['004990']
20190797
['20190802', '20190801']
{'stock_no': [], 'deal_power': []}
{'stock_no': [], 'deal_power': []}
timer600틱 끝 timer1 재시작
timer600틱 시작 timer1 중지
-----
10분에 한번씩 클럭 발생::체결강도 전송 실행시간 : 12:40:34
계좌평가잔고내역요청 전송
000120;000810;001040;002380;002790;003670;005380;006280;008560;009540;011070;017670;024110;034730;035250;069960;078340;097950;139480;267250;316140;
21
{'stock_no': ['000120', '000810', '001040', '002380', '002790', '003670', '005380', '006280', '008560', '009540', '011070', '017670', '024110', '034730', '035250', '069960', '078340', '097950', '139480', '267250', '316140'], 'stock_name': ['CJ대한통운', '삼성화재', 'CJ', 'KCC', '아모레G', '포스코케미칼', '현대차', '녹십자', '메리츠종금증권', '한국조선해양', 'LG이노텍', 'SK텔레콤', '기업은행', 'SK', '강원랜드', '현대백화점', '컴투스', 'CJ제일제당', '이마트', '현대중공업지주', '우리금융지주'], 'market_in_price': [137500, 272500, 103000, 278500, 66700, 55600, 142500, 127000, 5600, 123500, 117500, 262000, 14150, 239000, 31050, 81500, 104800, 301000, 144500, 336000, 14100], 'myhave_cnt': [8, 5, 14, 4, 17, 21, 10, 9, 266, 12, 9, 5, 84, 6, 48, 14, 14, 4, 8, 3, 84], 'run_price': [138500, 257000, 89200, 236500, 55300, 48000, 127500, 107500, 4800, 103500, 103500, 254000, 12850, 209500, 30300, 73300, 90000, 286000, 118500, 314500, 12650], 'sell_price': [139000, 257500, 89200, 236500, 55300, 48000, 127500, 107500, 4805, 104000, 104000, 254000, 12900, 210000, 30350, 73300, 90100, 286000, 118500, 314500, 12700], 'sell_cnt': [2167, 5054, 320, 294, 709, 1067, 7970, 801, 13749, 17387, 7144, 7358, 109247, 3352, 6004, 347, 209, 903, 6248, 68, 121493], 'buy_price': [138500, 257000, 89100, 236000, 55200, 47950, 127000, 107000, 4800, 103500, 103500, 253500, 12850, 209500, 30300, 73200, 90000, 285500, 118000, 314000, 12650], 'buy_cnt': [1706, 2903, 691, 111, 158, 333, 10928, 788, 12977, 4603, 5590, 3113, 156760, 4248, 491, 954, 367, 316, 864, 196, 38052], 'vol_cnt': [15524, 40320, 42662, 8403, 88406, 189234, 321593, 12094, 1158867, 201488, 183252, 183355, 352778, 76346, 200754, 19567, 13297, 8634, 61455, 10930, 477537], 'deal_power': [267.4, 74.86, 71.79, 73.78, 120.06, 122.51, 188.12, 235.23, 93.93, 74.88, 76.27, 259.83, 57.13, 99.58, 101.86, 95.29, 113.44, 133.73, 90.82, 113.61, 21.98]}
['20190802', '20190801', '20190800', '20190799', '20190798', '20190797']
['004990']
20190797
['20190802', '20190801']
{'stock_no': [], 'deal_power': []}
{'stock_no': [], 'deal_power': []}
timer600틱 끝 timer1 재시작
timer600틱 시작 timer1 중지
-----
10분에 한번씩 클럭 발생::체결강도 전송 실행시간 : 12:50:34
계좌평가잔고내역요청 전송
000120;000810;001040;002380;002790;003670;005380;006280;008560;009540;011070;017670;024110;034730;035250;069960;078340;097950;139480;267250;316140;
21
{'stock_no': ['000120', '000810', '001040', '002380', '002790', '003670', '005380', '006280', '008560', '009540', '011070', '017670', '024110', '034730', '035250', '069960', '078340', '097950', '139480', '267250', '316140'], 'stock_name': ['CJ대한통운', '삼성화재', 'CJ', 'KCC', '아모레G', '포스코케미칼', '현대차', '녹십자', '메리츠종금증권', '한국조선해양', 'LG이노텍', 'SK텔레콤', '기업은행', 'SK', '강원랜드', '현대백화점', '컴투스', 'CJ제일제당', '이마트', '현대중공업지주', '우리금융지주'], 'market_in_price': [137500, 272500, 103000, 278500, 66700, 55600, 142500, 127000, 5600, 123500, 117500, 262000, 14150, 239000, 31050, 81500, 104800, 301000, 144500, 336000, 14100], 'myhave_cnt': [8, 5, 14, 4, 17, 21, 10, 9, 266, 12, 9, 5, 84, 6, 48, 14, 14, 4, 8, 3, 84], 'run_price': [139000, 257500, 89200, 236500, 55600, 48050, 127500, 107000, 4805, 103500, 103500, 253500, 12850, 210000, 30300, 73300, 90100, 285500, 118000, 314500, 12550], 'sell_price': [139000, 257500, 89200, 236500, 55700, 48050, 127500, 107500, 4810, 104000, 104000, 254000, 12900, 210000, 30350, 73300, 90200, 285500, 118500, 314500, 12600], 'sell_cnt': [2094, 5519, 302, 379, 414, 488, 4862, 836, 9585, 16503, 7992, 7681, 145702, 4236, 7643, 382, 372, 743, 7159, 255, 81363], 'buy_price': [138500, 257000, 89100, 236000, 55600, 48000, 127000, 107000, 4805, 103500, 103500, 253500, 12850, 209500, 30300, 73200, 90100, 285000, 118000, 314000, 12550], 'buy_cnt': [2404, 2618, 1766, 281, 177, 334, 9951, 765, 15885, 5759, 6791, 2921, 136539, 3680, 968, 329, 221, 519, 1627, 110, 61254], 'vol_cnt': [16518, 41800, 43595, 8680, 92592, 190827, 327353, 12313, 1198456, 204575, 203909, 186017, 376070, 78192, 204209, 20667, 13752, 9117, 62874, 11234, 554717], 'deal_power': [271.37, 73.66, 72.91, 77.43, 124.51, 124.1, 191.97, 238.31, 95.85, 74.57, 72.99, 260.0, 53.49, 100.56, 100.92, 91.59, 119.27, 123.51, 89.5, 114.83, 19.0]}
['20190802', '20190801', '20190800', '20190799', '20190798', '20190797']
['004990']
20190797
['20190802', '20190801']
{'stock_no': [], 'deal_power': []}
{'stock_no': [], 'deal_power': []}
timer600틱 끝 timer1 재시작
timer600틱 시작 timer1 중지
-----
10분에 한번씩 클럭 발생::체결강도 전송 실행시간 : 13:00:34
계좌평가잔고내역요청 전송
000120;000810;001040;002380;002790;003670;005380;006280;008560;009540;011070;017670;024110;034730;035250;069960;078340;097950;139480;267250;316140;
21
{'stock_no': ['000120', '000810', '001040', '002380', '002790', '003670', '005380', '006280', '008560', '009540', '011070', '017670', '024110', '034730', '035250', '069960', '078340', '097950', '139480', '267250', '316140'], 'stock_name': ['CJ대한통운', '삼성화재', 'CJ', 'KCC', '아모레G', '포스코케미칼', '현대차', '녹십자', '메리츠종금증권', '한국조선해양', 'LG이노텍', 'SK텔레콤', '기업은행', 'SK', '강원랜드', '현대백화점', '컴투스', 'CJ제일제당', '이마트', '현대중공업지주', '우리금융지주'], 'market_in_price': [137500, 272500, 103000, 278500, 66700, 55600, 142500, 127000, 5600, 123500, 117500, 262000, 14150, 239000, 31050, 81500, 104800, 301000, 144500, 336000, 14100], 'myhave_cnt': [8, 5, 14, 4, 17, 21, 10, 9, 266, 12, 9, 5, 84, 6, 48, 14, 14, 4, 8, 3, 84], 'run_price': [139000, 257000, 89300, 239000, 55300, 48100, 127000, 107500, 4810, 103000, 102500, 253500, 12850, 209000, 30250, 73100, 89400, 285500, 118500, 314500, 12550], 'sell_price': [139000, 257500, 89300, 239000, 55400, 48100, 127000, 107500, 4810, 103500, 103000, 253500, 12900, 209000, 30300, 73100, 89800, 285500, 118500, 314500, 12600], 'sell_cnt': [1650, 6977, 766, 120, 377, 363, 9109, 818, 22706, 7127, 5622, 4592, 189301, 720, 7654, 802, 61, 942, 6272, 340, 108048], 'buy_price': [138500, 257000, 89200, 238500, 55200, 48050, 126500, 107000, 4805, 103000, 102500, 253000, 12850, 208500, 30250, 73000, 89400, 285000, 118000, 314000, 12550], 'buy_cnt': [2479, 2300, 401, 288, 1137, 882, 8038, 547, 21484, 6873, 2504, 2529, 57415, 2820, 1608, 677, 10, 509, 852, 87, 54542], 'vol_cnt': [17503, 43613, 44816, 10165, 95577, 193528, 343720, 12707, 1209422, 210050, 218353, 191551, 458364, 82735, 209814, 22588, 14866, 9267, 64995, 11715, 591212], 'deal_power': [287.31, 71.03, 75.87, 95.6, 125.0, 124.85, 180.9, 237.52, 97.43, 72.95, 66.45, 246.59, 40.62, 98.08, 98.45, 87.01, 104.24, 121.39, 86.87, 113.83, 20.62]}
['20190802', '20190801', '20190800', '20190799', '20190798', '20190797']
['004990']
20190797
['20190802', '20190801']
{'stock_no': [], 'deal_power': []}
{'stock_no': [], 'deal_power': []}
timer600틱 끝 timer1 재시작
timer600틱 시작 timer1 중지
-----
10분에 한번씩 클럭 발생::체결강도 전송 실행시간 : 13:10:34
계좌평가잔고내역요청 전송
000120;000810;001040;002380;002790;003670;005380;006280;008560;009540;011070;017670;024110;034730;035250;069960;078340;097950;139480;267250;316140;
21
{'stock_no': ['000120', '000810', '001040', '002380', '002790', '003670', '005380', '006280', '008560', '009540', '011070', '017670', '024110', '034730', '035250', '069960', '078340', '097950', '139480', '267250', '316140'], 'stock_name': ['CJ대한통운', '삼성화재', 'CJ', 'KCC', '아모레G', '포스코케미칼', '현대차', '녹십자', '메리츠종금증권', '한국조선해양', 'LG이노텍', 'SK텔레콤', '기업은행', 'SK', '강원랜드', '현대백화점', '컴투스', 'CJ제일제당', '이마트', '현대중공업지주', '우리금융지주'], 'market_in_price': [137500, 272500, 103000, 278500, 66700, 55600, 142500, 127000, 5600, 123500, 117500, 262000, 14150, 239000, 31050, 81500, 104800, 301000, 144500, 336000, 14100], 'myhave_cnt': [8, 5, 14, 4, 17, 21, 10, 9, 266, 12, 9, 5, 84, 6, 48, 14, 14, 4, 8, 3, 84], 'run_price': [139500, 257000, 89200, 240500, 55400, 47900, 127000, 107500, 4800, 103500, 102000, 253500, 12800, 209000, 30200, 73000, 89800, 285000, 118500, 315000, 12600], 'sell_price': [139500, 257500, 89300, 240500, 55400, 47950, 127000, 107500, 4800, 103500, 102500, 253500, 12850, 209500, 30250, 73000, 89800, 285500, 118500, 315000, 12600], 'sell_cnt': [2753, 5219, 1163, 58, 615, 543, 10392, 545, 22271, 9194, 3386, 2083, 124305, 3603, 7494, 966, 7, 934, 7557, 46, 99498], 'buy_price': [139000, 257000, 89200, 240000, 55300, 47900, 126500, 107000, 4795, 103000, 102000, 253000, 12800, 209000, 30200, 72900, 89700, 285000, 118000, 314500, 12550], 'buy_cnt': [1830, 3270, 788, 95, 476, 1974, 14116, 811, 12978, 6903, 7778, 5169, 6321, 3933, 1245, 542, 17, 677, 754, 88, 89618], 'vol_cnt': [20029, 44859, 44997, 10792, 96759, 196585, 361378, 13021, 1243063, 213043, 225621, 195270, 567526, 85782, 213902, 24074, 15303, 9503, 66123, 12348, 608806], 'deal_power': [337.1, 70.33, 75.48, 105.8, 125.86, 122.71, 184.83, 246.15, 94.99, 72.94, 66.31, 251.66, 31.13, 102.89, 96.46, 83.03, 106.01, 118.46, 87.73, 118.7, 22.09]}
['20190802', '20190801', '20190800', '20190799', '20190798', '20190797']
['004990']
20190797
['20190802', '20190801']
{'stock_no': [], 'deal_power': []}
{'stock_no': [], 'deal_power': []}
timer600틱 끝 timer1 재시작
timer600틱 시작 timer1 중지
-----
10분에 한번씩 클럭 발생::체결강도 전송 실행시간 : 13:20:34
계좌평가잔고내역요청 전송
000120;000810;001040;002380;002790;003670;005380;006280;008560;009540;011070;017670;024110;034730;035250;069960;078340;097950;139480;267250;316140;
21
{'stock_no': ['000120', '000810', '001040', '002380', '002790', '003670', '005380', '006280', '008560', '009540', '011070', '017670', '024110', '034730', '035250', '069960', '078340', '097950', '139480', '267250', '316140'], 'stock_name': ['CJ대한통운', '삼성화재', 'CJ', 'KCC', '아모레G', '포스코케미칼', '현대차', '녹십자', '메리츠종금증권', '한국조선해양', 'LG이노텍', 'SK텔레콤', '기업은행', 'SK', '강원랜드', '현대백화점', '컴투스', 'CJ제일제당', '이마트', '현대중공업지주', '우리금융지주'], 'market_in_price': [137500, 272500, 103000, 278500, 66700, 55600, 142500, 127000, 5600, 123500, 117500, 262000, 14150, 239000, 31050, 81500, 104800, 301000, 144500, 336000, 14100], 'myhave_cnt': [8, 5, 14, 4, 17, 21, 10, 9, 266, 12, 9, 5, 84, 6, 48, 14, 14, 4, 8, 3, 84], 'run_price': [139000, 257000, 89200, 240500, 55700, 48000, 127000, 107500, 4800, 103000, 102500, 253500, 12800, 209500, 30200, 73100, 89900, 284000, 118500, 315000, 12600], 'sell_price': [139500, 257500, 89300, 240500, 55700, 48050, 127000, 107500, 4800, 103500, 102500, 254000, 12800, 209500, 30250, 73200, 89900, 284500, 118500, 315000, 12600], 'sell_cnt': [3977, 7643, 1274, 53, 325, 244, 3088, 1168, 15936, 8428, 5871, 7978, 63606, 4067, 5933, 506, 116, 507, 6901, 62, 52234], 'buy_price': [139000, 257000, 89200, 240000, 55600, 48000, 126500, 107000, 4795, 103000, 102000, 253500, 12750, 209000, 30200, 73100, 89800, 284000, 118000, 314500, 12550], 'buy_cnt': [1901, 1217, 555, 111, 206, 79, 16548, 798, 21977, 6074, 11112, 1287, 36118, 1680, 944, 458, 64, 355, 993, 136, 111632], 'vol_cnt': [21094, 48060, 45446, 11010, 101329, 198462, 371399, 13385, 1271359, 217129, 228848, 199231, 606013, 93808, 219621, 25796, 16103, 10518, 67747, 12677, 659839], 'deal_power': [325.51, 65.46, 75.01, 109.81, 128.42, 123.51, 191.84, 254.79, 99.17, 72.49, 66.68, 257.26, 32.98, 99.95, 93.7, 92.44, 99.63, 100.25, 88.66, 120.3, 28.9]}
['20190802', '20190801', '20190800', '20190799', '20190798', '20190797']
['004990']
20190797
['20190802', '20190801']
{'stock_no': [], 'deal_power': []}
{'stock_no': [], 'deal_power': []}
timer600틱 끝 timer1 재시작
timer600틱 시작 timer1 중지
-----
10분에 한번씩 클럭 발생::체결강도 전송 실행시간 : 13:30:34
계좌평가잔고내역요청 전송
000120;000810;001040;002380;002790;003670;005380;006280;008560;009540;011070;017670;024110;034730;035250;069960;078340;097950;139480;267250;316140;
21
{'stock_no': ['000120', '000810', '001040', '002380', '002790', '003670', '005380', '006280', '008560', '009540', '011070', '017670', '024110', '034730', '035250', '069960', '078340', '097950', '139480', '267250', '316140'], 'stock_name': ['CJ대한통운', '삼성화재', 'CJ', 'KCC', '아모레G', '포스코케미칼', '현대차', '녹십자', '메리츠종금증권', '한국조선해양', 'LG이노텍', 'SK텔레콤', '기업은행', 'SK', '강원랜드', '현대백화점', '컴투스', 'CJ제일제당', '이마트', '현대중공업지주', '우리금융지주'], 'market_in_price': [137500, 272500, 103000, 278500, 66700, 55600, 142500, 127000, 5600, 123500, 117500, 262000, 14150, 239000, 31050, 81500, 104800, 301000, 144500, 336000, 14100], 'myhave_cnt': [8, 5, 14, 4, 17, 21, 10, 9, 266, 12, 9, 5, 84, 6, 48, 14, 14, 4, 8, 3, 84], 'run_price': [139500, 257000, 89300, 240000, 55900, 48100, 127000, 107500, 4810, 103500, 102500, 253500, 12800, 209000, 30250, 73200, 89900, 284000, 118500, 314500, 12650], 'sell_price': [139500, 257500, 89300, 240000, 55900, 48100, 127000, 107500, 4810, 103500, 102500, 254000, 12800, 209500, 30250, 73200, 90100, 284500, 118500, 315000, 12650], 'sell_cnt': [4096, 7956, 1677, 85, 257, 1566, 3398, 966, 2694, 8828, 7601, 7321, 79018, 3447, 1743, 890, 112, 721, 6465, 15, 43227], 'buy_price': [139000, 257000, 89200, 239500, 55800, 48050, 126500, 107000, 4805, 103000, 102000, 253500, 12750, 209000, 30200, 73100, 89900, 284000, 118000, 314500, 12600], 'buy_cnt': [1663, 3764, 1659, 126, 245, 2665, 14943, 842, 12279, 4805, 9394, 1612, 56021, 1575, 5047, 697, 35, 197, 2630, 137, 75433], 'vol_cnt': [21658, 49030, 45725, 11318, 104164, 201109, 379293, 13728, 1312795, 222080, 234674, 202505, 619107, 97629, 230446, 26213, 16410, 10657, 69090, 13201, 725189], 'deal_power': [328.96, 65.89, 74.32, 110.31, 130.27, 123.92, 196.07, 262.4, 104.57, 71.77, 68.57, 256.79, 33.24, 99.66, 99.41, 91.74, 99.8, 98.59, 91.25, 121.15, 40.55]}
['20190802', '20190801', '20190800', '20190799', '20190798', '20190797']
['004990']
20190797
['20190802', '20190801']
{'stock_no': [], 'deal_power': []}
{'stock_no': [], 'deal_power': []}
timer600틱 끝 timer1 재시작
timer600틱 시작 timer1 중지
-----
10분에 한번씩 클럭 발생::체결강도 전송 실행시간 : 13:40:34
계좌평가잔고내역요청 전송
000120;000810;001040;002380;002790;003670;005380;006280;008560;009540;011070;017670;024110;034730;035250;069960;078340;097950;139480;267250;316140;
21
{'stock_no': ['000120', '000810', '001040', '002380', '002790', '003670', '005380', '006280', '008560', '009540', '011070', '017670', '024110', '034730', '035250', '069960', '078340', '097950', '139480', '267250', '316140'], 'stock_name': ['CJ대한통운', '삼성화재', 'CJ', 'KCC', '아모레G', '포스코케미칼', '현대차', '녹십자', '메리츠종금증권', '한국조선해양', 'LG이노텍', 'SK텔레콤', '기업은행', 'SK', '강원랜드', '현대백화점', '컴투스', 'CJ제일제당', '이마트', '현대중공업지주', '우리금융지주'], 'market_in_price': [137500, 272500, 103000, 278500, 66700, 55600, 142500, 127000, 5600, 123500, 117500, 262000, 14150, 239000, 31050, 81500, 104800, 301000, 144500, 336000, 14100], 'myhave_cnt': [8, 5, 14, 4, 17, 21, 10, 9, 266, 12, 9, 5, 84, 6, 48, 14, 14, 4, 8, 3, 84], 'run_price': [139000, 257500, 89700, 240000, 55600, 48250, 127500, 107500, 4805, 103500, 102500, 253500, 12750, 209500, 30200, 73200, 90000, 284500, 118500, 316000, 12600], 'sell_price': [139500, 257500, 89800, 240000, 55800, 48250, 127500, 107500, 4805, 103500, 103000, 253500, 12800, 209500, 30250, 73200, 90100, 284500, 118500, 316000, 12650], 'sell_cnt': [3979, 7968, 218, 172, 765, 508, 19180, 803, 18205, 12836, 9578, 3586, 75533, 1386, 4111, 1017, 146, 801, 5462, 124, 36618], 'buy_price': [139000, 257000, 89700, 239500, 55600, 48200, 127000, 107000, 4800, 103000, 102500, 253000, 12750, 209000, 30200, 73100, 90000, 284000, 118000, 315500, 12600], 'buy_cnt': [2255, 5105, 533, 155, 638, 466, 4714, 983, 17448, 4507, 5554, 1224, 62536, 3320, 6022, 764, 43, 319, 3679, 17, 102437], 'vol_cnt': [22201, 49850, 48840, 11546, 106614, 207561, 389972, 14081, 1340854, 228024, 251316, 207791, 630954, 101463, 235108, 26474, 16579, 10781, 70961, 13599, 748810], 'deal_power': [332.29, 66.63, 82.78, 113.31, 128.89, 129.17, 198.47, 271.61, 104.27, 70.33, 71.6, 247.04, 33.7, 104.76, 102.56, 92.57, 98.38, 97.5, 92.94, 121.33, 44.55]}
['20190802', '20190801', '20190800', '20190799', '20190798', '20190797']
['004990']
20190797
['20190802', '20190801']
{'stock_no': [], 'deal_power': []}
{'stock_no': [], 'deal_power': []}
timer600틱 끝 timer1 재시작
timer600틱 시작 timer1 중지
-----
10분에 한번씩 클럭 발생::체결강도 전송 실행시간 : 13:50:34
계좌평가잔고내역요청 전송
000120;000810;001040;002380;002790;003670;005380;006280;008560;009540;011070;017670;024110;034730;035250;069960;078340;097950;139480;267250;316140;
21
{'stock_no': ['000120', '000810', '001040', '002380', '002790', '003670', '005380', '006280', '008560', '009540', '011070', '017670', '024110', '034730', '035250', '069960', '078340', '097950', '139480', '267250', '316140'], 'stock_name': ['CJ대한통운', '삼성화재', 'CJ', 'KCC', '아모레G', '포스코케미칼', '현대차', '녹십자', '메리츠종금증권', '한국조선해양', 'LG이노텍', 'SK텔레콤', '기업은행', 'SK', '강원랜드', '현대백화점', '컴투스', 'CJ제일제당', '이마트', '현대중공업지주', '우리금융지주'], 'market_in_price': [137500, 272500, 103000, 278500, 66700, 55600, 142500, 127000, 5600, 123500, 117500, 262000, 14150, 239000, 31050, 81500, 104800, 301000, 144500, 336000, 14100], 'myhave_cnt': [8, 5, 14, 4, 17, 21, 10, 9, 266, 12, 9, 5, 84, 6, 48, 14, 14, 4, 8, 3, 84], 'run_price': [139500, 257500, 89300, 239000, 55700, 48200, 127000, 107500, 4800, 103000, 102500, 253000, 12800, 209500, 30250, 73200, 90100, 284500, 118500, 315500, 12650], 'sell_price': [139500, 257500, 89400, 239000, 55800, 48250, 127000, 107500, 4800, 103500, 102500, 253000, 12800, 209500, 30250, 73200, 90100, 284500, 118500, 315500, 12650], 'sell_cnt': [3941, 8824, 264, 6, 684, 209, 2511, 731, 15848, 11162, 7016, 2208, 83625, 2154, 7203, 1235, 141, 1225, 4122, 8, 35475], 'buy_price': [139000, 257000, 89300, 238500, 55600, 48200, 126500, 107000, 4795, 103000, 102000, 252500, 12750, 209000, 30200, 73100, 90000, 284000, 118000, 315000, 12600], 'buy_cnt': [2470, 4316, 1438, 89, 73, 19, 15155, 978, 20314, 174, 4729, 1041, 68604, 1665, 5138, 764, 131, 448, 2316, 49, 103728], 'vol_cnt': [22773, 51426, 49896, 11972, 111379, 210642, 403788, 14442, 1404043, 236925, 263293, 212399, 648109, 106749, 240332, 26884, 16659, 10888, 76034, 14152, 795950], 'deal_power': [338.52, 66.45, 80.42, 113.72, 133.3, 129.41, 194.95, 279.99, 104.04, 70.41, 67.81, 240.64, 35.36, 106.18, 105.24, 93.97, 99.33, 96.81, 96.36, 119.14, 53.24]}
['20190802', '20190801', '20190800', '20190799', '20190798', '20190797']
['004990']
20190797
['20190802', '20190801']
{'stock_no': [], 'deal_power': []}
{'stock_no': [], 'deal_power': []}
timer600틱 끝 timer1 재시작
timer600틱 시작 timer1 중지
-----
10분에 한번씩 클럭 발생::체결강도 전송 실행시간 : 14:00:34
계좌평가잔고내역요청 전송
000120;000810;001040;002380;002790;003670;005380;006280;008560;009540;011070;017670;024110;034730;035250;069960;078340;097950;139480;267250;316140;
21
{'stock_no': ['000120', '000810', '001040', '002380', '002790', '003670', '005380', '006280', '008560', '009540', '011070', '017670', '024110', '034730', '035250', '069960', '078340', '097950', '139480', '267250', '316140'], 'stock_name': ['CJ대한통운', '삼성화재', 'CJ', 'KCC', '아모레G', '포스코케미칼', '현대차', '녹십자', '메리츠종금증권', '한국조선해양', 'LG이노텍', 'SK텔레콤', '기업은행', 'SK', '강원랜드', '현대백화점', '컴투스', 'CJ제일제당', '이마트', '현대중공업지주', '우리금융지주'], 'market_in_price': [137500, 272500, 103000, 278500, 66700, 55600, 142500, 127000, 5600, 123500, 117500, 262000, 14150, 239000, 31050, 81500, 104800, 301000, 144500, 336000, 14100], 'myhave_cnt': [8, 5, 14, 4, 17, 21, 10, 9, 266, 12, 9, 5, 84, 6, 48, 14, 14, 4, 8, 3, 84], 'run_price': [139000, 257000, 89500, 239500, 55900, 48300, 127000, 107500, 4810, 103000, 102000, 253500, 12800, 209500, 30200, 73200, 90100, 284500, 118500, 315000, 12650], 'sell_price': [139500, 257500, 89600, 239500, 56000, 48300, 127500, 107500, 4810, 103500, 102500, 253500, 12800, 209500, 30250, 73200, 90200, 284500, 118500, 315500, 12700], 'sell_cnt': [3521, 4273, 14, 195, 1771, 713, 18432, 369, 2700, 9503, 10692, 4901, 97830, 602, 4663, 1103, 663, 1132, 22, 138, 81552], 'buy_price': [139000, 257000, 89500, 239000, 55900, 48250, 127000, 107000, 4805, 103000, 102000, 253000, 12750, 209000, 30200, 73100, 90100, 284000, 118000, 315000, 12650], 'buy_cnt': [3202, 6216, 619, 97, 452, 275, 6359, 1161, 8308, 163, 7687, 908, 67905, 4466, 3152, 639, 59, 433, 4843, 58, 13439], 'vol_cnt': [23765, 56683, 50955, 12209, 114533, 217834, 412352, 14838, 1465171, 242535, 266579, 219269, 662045, 112927, 250337, 27664, 17300, 11029, 79822, 14504, 834766], 'deal_power': [349.22, 82.3, 82.95, 116.94, 135.77, 129.14, 199.19, 288.62, 106.0, 71.19, 67.84, 248.06, 35.91, 114.54, 105.92, 95.92, 98.06, 96.44, 104.84, 118.36, 58.54]}
['20190802', '20190801', '20190800', '20190799', '20190798', '20190797']
['004990']
20190797
['20190802', '20190801']
{'stock_no': [], 'deal_power': []}
{'stock_no': [], 'deal_power': []}
timer600틱 끝 timer1 재시작
timer600틱 시작 timer1 중지
-----
10분에 한번씩 클럭 발생::체결강도 전송 실행시간 : 14:10:34
계좌평가잔고내역요청 전송
000120;000810;001040;002380;002790;003670;005380;006280;008560;009540;011070;017670;024110;034730;035250;069960;078340;097950;139480;267250;316140;
21
{'stock_no': ['000120', '000810', '001040', '002380', '002790', '003670', '005380', '006280', '008560', '009540', '011070', '017670', '024110', '034730', '035250', '069960', '078340', '097950', '139480', '267250', '316140'], 'stock_name': ['CJ대한통운', '삼성화재', 'CJ', 'KCC', '아모레G', '포스코케미칼', '현대차', '녹십자', '메리츠종금증권', '한국조선해양', 'LG이노텍', 'SK텔레콤', '기업은행', 'SK', '강원랜드', '현대백화점', '컴투스', 'CJ제일제당', '이마트', '현대중공업지주', '우리금융지주'], 'market_in_price': [137500, 272500, 103000, 278500, 66700, 55600, 142500, 127000, 5600, 123500, 117500, 262000, 14150, 239000, 31050, 81500, 104800, 301000, 144500, 336000, 14100], 'myhave_cnt': [8, 5, 14, 4, 17, 21, 10, 9, 266, 12, 9, 5, 84, 6, 48, 14, 14, 4, 8, 3, 84], 'run_price': [139500, 259000, 89300, 239000, 55900, 48300, 127500, 107000, 4800, 102500, 101500, 252500, 12750, 209500, 30250, 73100, 90000, 284000, 119000, 314500, 12650], 'sell_price': [139500, 259000, 89400, 239000, 55900, 48300, 128000, 107500, 4805, 103000, 102000, 253000, 12800, 209500, 30250, 73200, 90000, 284500, 119000, 315000, 12700], 'sell_cnt': [2984, 1928, 746, 157, 880, 136, 22692, 538, 13800, 6652, 7156, 2145, 102729, 3038, 3574, 1104, 288, 1362, 5240, 44, 97769], 'buy_price': [139000, 258500, 89300, 238500, 55800, 48250, 127500, 107000, 4800, 102500, 101500, 252500, 12750, 209000, 30200, 73100, 89900, 284000, 118500, 314500, 12650], 'buy_cnt': [3545, 1173, 1130, 42, 446, 142, 298, 1044, 7716, 7414, 4061, 4927, 65293, 4047, 1819, 431, 142, 572, 2098, 59, 50933], 'vol_cnt': [24792, 63378, 52690, 12531, 119841, 222490, 449887, 15342, 1490448, 249366, 278630, 225086, 675861, 115739, 262995, 28314, 17764, 11241, 81459, 15084, 852267], 'deal_power': [353.07, 101.63, 80.63, 118.33, 137.79, 130.44, 212.05, 296.02, 104.86, 72.1, 64.6, 245.93, 36.32, 117.0, 105.99, 97.62, 99.52, 94.74, 106.64, 117.33, 59.06]}
['20190802', '20190801', '20190800', '20190799', '20190798', '20190797']
['004990']
20190797
['20190802', '20190801']
{'stock_no': [], 'deal_power': []}
{'stock_no': [], 'deal_power': []}
timer600틱 끝 timer1 재시작
timer600틱 시작 timer1 중지
-----
10분에 한번씩 클럭 발생::체결강도 전송 실행시간 : 14:20:34
계좌평가잔고내역요청 전송
000120;000810;001040;002380;002790;003670;005380;006280;008560;009540;011070;017670;024110;034730;035250;069960;078340;097950;139480;267250;316140;
21
{'stock_no': ['000120', '000810', '001040', '002380', '002790', '003670', '005380', '006280', '008560', '009540', '011070', '017670', '024110', '034730', '035250', '069960', '078340', '097950', '139480', '267250', '316140'], 'stock_name': ['CJ대한통운', '삼성화재', 'CJ', 'KCC', '아모레G', '포스코케미칼', '현대차', '녹십자', '메리츠종금증권', '한국조선해양', 'LG이노텍', 'SK텔레콤', '기업은행', 'SK', '강원랜드', '현대백화점', '컴투스', 'CJ제일제당', '이마트', '현대중공업지주', '우리금융지주'], 'market_in_price': [137500, 272500, 103000, 278500, 66700, 55600, 142500, 127000, 5600, 123500, 117500, 262000, 14150, 239000, 31050, 81500, 104800, 301000, 144500, 336000, 14100], 'myhave_cnt': [8, 5, 14, 4, 17, 21, 10, 9, 266, 12, 9, 5, 84, 6, 48, 14, 14, 4, 8, 3, 84], 'run_price': [140000, 257500, 89300, 237500, 56500, 48250, 128000, 107500, 4795, 103000, 102000, 252500, 12750, 209000, 30200, 73100, 89900, 284000, 119000, 314500, 12700], 'sell_price': [140000, 258000, 89400, 237500, 56500, 48300, 128000, 107500, 4795, 103000, 102500, 253000, 12800, 209500, 30250, 73100, 89900, 284000, 119000, 315000, 12700], 'sell_cnt': [7647, 170, 1502, 134, 1348, 775, 21060, 361, 18644, 7747, 4261, 2998, 111148, 4533, 1032, 942, 213, 1163, 3675, 130, 90696], 'buy_price': [139500, 257500, 89300, 237000, 56400, 48250, 127500, 107000, 4790, 102500, 102000, 252500, 12750, 209000, 30200, 73000, 89800, 283500, 118500, 314500, 12650], 'buy_cnt': [866, 3514, 426, 61, 19, 58, 4974, 995, 29118, 10022, 820, 3778, 59078, 3672, 4365, 330, 39, 616, 4093, 26, 53551], 'vol_cnt': [28574, 66891, 53522, 12918, 129158, 229582, 463762, 15759, 1518116, 255396, 295327, 229294, 695318, 118650, 278014, 29478, 18564, 12061, 83379, 16044, 886100], 'deal_power': [392.65, 98.21, 79.15, 118.04, 146.2, 133.75, 216.64, 300.81, 104.8, 72.39, 69.66, 247.44, 37.46, 119.36, 106.18, 94.58, 95.29, 87.3, 108.32, 114.48, 61.03]}
['20190802', '20190801', '20190800', '20190799', '20190798', '20190797']
['004990']
20190797
['20190802', '20190801']
{'stock_no': [], 'deal_power': []}
{'stock_no': [], 'deal_power': []}
timer600틱 끝 timer1 재시작
timer600틱 시작 timer1 중지
-----
10분에 한번씩 클럭 발생::체결강도 전송 실행시간 : 14:30:34
계좌평가잔고내역요청 전송
000120;000810;001040;002380;002790;003670;005380;006280;008560;009540;011070;017670;024110;034730;035250;069960;078340;097950;139480;267250;316140;
21
{'stock_no': ['000120', '000810', '001040', '002380', '002790', '003670', '005380', '006280', '008560', '009540', '011070', '017670', '024110', '034730', '035250', '069960', '078340', '097950', '139480', '267250', '316140'], 'stock_name': ['CJ대한통운', '삼성화재', 'CJ', 'KCC', '아모레G', '포스코케미칼', '현대차', '녹십자', '메리츠종금증권', '한국조선해양', 'LG이노텍', 'SK텔레콤', '기업은행', 'SK', '강원랜드', '현대백화점', '컴투스', 'CJ제일제당', '이마트', '현대중공업지주', '우리금융지주'], 'market_in_price': [137500, 272500, 103000, 278500, 66700, 55600, 142500, 127000, 5600, 123500, 117500, 262000, 14150, 239000, 31050, 81500, 104800, 301000, 144500, 336000, 14100], 'myhave_cnt': [8, 5, 14, 4, 17, 21, 10, 9, 266, 12, 9, 5, 84, 6, 48, 14, 14, 4, 8, 3, 84], 'run_price': [139500, 258000, 89400, 237000, 56300, 48400, 128000, 107500, 4790, 103000, 102500, 253000, 12750, 209000, 30300, 73100, 90000, 283500, 118500, 314500, 12700], 'sell_price': [140000, 258000, 89400, 237000, 56300, 48400, 128000, 107500, 4795, 103000, 102500, 253000, 12800, 209000, 30350, 73100, 90000, 284000, 119000, 315000, 12700], 'sell_cnt': [6272, 492, 371, 109, 140, 127, 9631, 1922, 4504, 9299, 9231, 1350, 98141, 1097, 204, 1016, 273, 1298, 4997, 2, 73896], 'buy_price': [139500, 257500, 89300, 236500, 56100, 48350, 127500, 107000, 4790, 102500, 102000, 252500, 12750, 208500, 30300, 73000, 89900, 283500, 118500, 314500, 12650], 'buy_cnt': [1948, 3489, 879, 135, 314, 151, 11402, 884, 21307, 635, 3152, 3850, 49867, 5194, 6089, 420, 83, 195, 2013, 170, 51753], 'vol_cnt': [30202, 68480, 55891, 13418, 134272, 236298, 472915, 16143, 1580686, 264201, 298259, 238174, 719389, 123564, 288320, 30072, 18964, 12607, 85396, 16581, 914332], 'deal_power': [405.28, 101.23, 78.88, 123.03, 149.66, 139.16, 217.04, 306.18, 105.51, 71.56, 69.73, 248.54, 39.26, 117.46, 110.31, 95.28, 96.67, 82.95, 109.56, 115.39, 63.3]}
['20190802', '20190801', '20190800', '20190799', '20190798', '20190797']
['004990']
20190797
['20190802', '20190801']
{'stock_no': [], 'deal_power': []}
{'stock_no': [], 'deal_power': []}
timer600틱 끝 timer1 재시작
timer600틱 시작 timer1 중지
-----
10분에 한번씩 클럭 발생::체결강도 전송 실행시간 : 14:40:34
계좌평가잔고내역요청 전송
000120;000810;001040;002380;002790;003670;005380;006280;008560;009540;011070;017670;024110;034730;035250;069960;078340;097950;139480;267250;316140;
21
{'stock_no': ['000120', '000810', '001040', '002380', '002790', '003670', '005380', '006280', '008560', '009540', '011070', '017670', '024110', '034730', '035250', '069960', '078340', '097950', '139480', '267250', '316140'], 'stock_name': ['CJ대한통운', '삼성화재', 'CJ', 'KCC', '아모레G', '포스코케미칼', '현대차', '녹십자', '메리츠종금증권', '한국조선해양', 'LG이노텍', 'SK텔레콤', '기업은행', 'SK', '강원랜드', '현대백화점', '컴투스', 'CJ제일제당', '이마트', '현대중공업지주', '우리금융지주'], 'market_in_price': [137500, 272500, 103000, 278500, 66700, 55600, 142500, 127000, 5600, 123500, 117500, 262000, 14150, 239000, 31050, 81500, 104800, 301000, 144500, 336000, 14100], 'myhave_cnt': [8, 5, 14, 4, 17, 21, 10, 9, 266, 12, 9, 5, 84, 6, 48, 14, 14, 4, 8, 3, 84], 'run_price': [139500, 257500, 89400, 236000, 56100, 48500, 128500, 107500, 4790, 103000, 101500, 253500, 12800, 208500, 30500, 73100, 90000, 282500, 118500, 314000, 12700], 'sell_price': [139500, 258000, 89400, 236500, 56100, 48500, 128500, 107500, 4795, 103000, 102000, 253500, 12800, 209000, 30500, 73100, 90000, 283000, 119000, 314500, 12700], 'sell_cnt': [2555, 1680, 1539, 153, 466, 942, 12839, 1768, 32444, 7866, 7731, 2316, 103850, 1495, 5181, 894, 88, 696, 4563, 91, 81845], 'buy_price': [139000, 257500, 89300, 236000, 56000, 48450, 128000, 107000, 4790, 102500, 101500, 253000, 12750, 208500, 30450, 73000, 89900, 282500, 118500, 314000, 12650], 'buy_cnt': [1966, 3462, 487, 214, 79, 142, 15070, 1110, 19116, 5295, 1119, 4378, 47698, 7635, 1941, 601, 218, 242, 3755, 404, 45226], 'vol_cnt': [32036, 69769, 56612, 13780, 139482, 243334, 488824, 16507, 1619539, 268169, 308814, 244113, 735792, 127094, 301019, 31014, 19469, 14087, 87084, 17048, 933685], 'deal_power': [373.03, 103.6, 78.05, 125.28, 154.38, 143.18, 223.39, 312.71, 106.5, 72.29, 66.98, 251.3, 40.15, 119.98, 112.96, 98.91, 99.66, 85.59, 111.75, 115.74, 64.13]}
['20190802', '20190801', '20190800', '20190799', '20190798', '20190797']
['004990']
20190797
['20190802', '20190801']
{'stock_no': [], 'deal_power': []}
{'stock_no': [], 'deal_power': []}
timer600틱 끝 timer1 재시작
timer600틱 시작 timer1 중지
-----
10분에 한번씩 클럭 발생::체결강도 전송 실행시간 : 14:50:34
계좌평가잔고내역요청 전송
000120;000810;001040;002380;002790;003670;005380;006280;008560;009540;011070;017670;024110;034730;035250;069960;078340;097950;139480;267250;316140;
21
{'stock_no': ['000120', '000810', '001040', '002380', '002790', '003670', '005380', '006280', '008560', '009540', '011070', '017670', '024110', '034730', '035250', '069960', '078340', '097950', '139480', '267250', '316140'], 'stock_name': ['CJ대한통운', '삼성화재', 'CJ', 'KCC', '아모레G', '포스코케미칼', '현대차', '녹십자', '메리츠종금증권', '한국조선해양', 'LG이노텍', 'SK텔레콤', '기업은행', 'SK', '강원랜드', '현대백화점', '컴투스', 'CJ제일제당', '이마트', '현대중공업지주', '우리금융지주'], 'market_in_price': [137500, 272500, 103000, 278500, 66700, 55600, 142500, 127000, 5600, 123500, 117500, 262000, 14150, 239000, 31050, 81500, 104800, 301000, 144500, 336000, 14100], 'myhave_cnt': [8, 5, 14, 4, 17, 21, 10, 9, 266, 12, 9, 5, 84, 6, 48, 14, 14, 4, 8, 3, 84], 'run_price': [139000, 257500, 89300, 236500, 56200, 48450, 128500, 107500, 4770, 103000, 101000, 253500, 12750, 208500, 30400, 73100, 89800, 282500, 119000, 314500, 12600], 'sell_price': [139500, 258000, 89400, 237000, 56200, 48450, 128500, 107500, 4770, 103000, 101500, 254000, 12800, 209000, 30450, 73100, 89800, 282500, 119000, 315000, 12650], 'sell_cnt': [1395, 2862, 241, 257, 290, 5, 20626, 204, 3057, 9555, 4470, 6812, 136908, 1753, 3323, 725, 101, 548, 3224, 184, 85294], 'buy_price': [139000, 257500, 89300, 236500, 56100, 48400, 128000, 107000, 4765, 102500, 101000, 253500, 12750, 208500, 30400, 73000, 89700, 282000, 118500, 314500, 12600], 'buy_cnt': [1847, 1622, 1167, 96, 380, 174, 1502, 1073, 16090, 660, 2436, 2697, 37379, 5722, 2760, 743, 356, 78, 3700, 18, 61322], 'vol_cnt': [33466, 71225, 58419, 14204, 144057, 252044, 511135, 18523, 1769243, 276368, 319788, 250971, 755351, 130297, 313631, 31715, 20266, 15078, 90334, 17720, 993021], 'deal_power': [384.13, 103.67, 78.05, 128.88, 159.05, 145.38, 204.48, 355.56, 98.33, 70.78, 64.63, 257.11, 40.3, 123.03, 113.54, 101.1, 94.69, 78.17, 114.62, 117.95, 60.02]}
['20190802', '20190801', '20190800', '20190799', '20190798', '20190797']
['004990']
20190797
['20190802', '20190801']
{'stock_no': [], 'deal_power': []}
{'stock_no': [], 'deal_power': []}
timer600틱 끝 timer1 재시작
timer600틱 시작 timer1 중지
-----
10분에 한번씩 클럭 발생::체결강도 전송 실행시간 : 15:00:34
계좌평가잔고내역요청 전송
000120;000810;001040;002380;002790;003670;005380;006280;008560;009540;011070;017670;024110;034730;035250;069960;078340;097950;139480;267250;316140;
21
{'stock_no': ['000120', '000810', '001040', '002380', '002790', '003670', '005380', '006280', '008560', '009540', '011070', '017670', '024110', '034730', '035250', '069960', '078340', '097950', '139480', '267250', '316140'], 'stock_name': ['CJ대한통운', '삼성화재', 'CJ', 'KCC', '아모레G', '포스코케미칼', '현대차', '녹십자', '메리츠종금증권', '한국조선해양', 'LG이노텍', 'SK텔레콤', '기업은행', 'SK', '강원랜드', '현대백화점', '컴투스', 'CJ제일제당', '이마트', '현대중공업지주', '우리금융지주'], 'market_in_price': [137500, 272500, 103000, 278500, 66700, 55600, 142500, 127000, 5600, 123500, 117500, 262000, 14150, 239000, 31050, 81500, 104800, 301000, 144500, 336000, 14100], 'myhave_cnt': [8, 5, 14, 4, 17, 21, 10, 9, 266, 12, 9, 5, 84, 6, 48, 14, 14, 4, 8, 3, 84], 'run_price': [139500, 257500, 89500, 237000, 56400, 48600, 127500, 107500, 4760, 103000, 101000, 254000, 12700, 208500, 30500, 73100, 89700, 281500, 118500, 315000, 12600], 'sell_price': [139500, 258000, 89500, 237000, 56500, 48600, 128000, 107500, 4765, 103000, 101500, 254000, 12750, 209000, 30550, 73100, 89700, 282000, 119000, 315000, 12650], 'sell_cnt': [441, 3847, 613, 244, 321, 299, 17550, 250, 8297, 5151, 5400, 6141, 57008, 1071, 2322, 658, 184, 513, 2487, 178, 92223], 'buy_price': [139000, 257500, 89400, 236500, 56400, 48550, 127500, 107000, 4760, 102500, 101000, 253500, 12700, 208500, 30500, 73000, 89600, 281500, 118500, 314500, 12600], 'buy_cnt': [1750, 1769, 671, 102, 301, 80, 13145, 1082, 7256, 5985, 1297, 3004, 76596, 4935, 2566, 846, 415, 334, 3667, 4, 78131], 'vol_cnt': [35953, 72801, 59574, 14533, 150977, 266331, 523807, 18984, 1918597, 281057, 337545, 257454, 815586, 134796, 333456, 32505, 20931, 15727, 92190, 18648, 1014915], 'deal_power': [387.87, 103.74, 78.08, 131.7, 160.48, 153.08, 200.62, 364.71, 93.08, 71.84, 65.13, 260.48, 39.52, 126.79, 114.87, 104.33, 91.3, 75.06, 117.0, 116.74, 60.83]}
['20190802', '20190801', '20190800', '20190799', '20190798', '20190797']
['004990']
20190797
['20190802', '20190801']
{'stock_no': [], 'deal_power': []}
{'stock_no': [], 'deal_power': []}
timer600틱 끝 timer1 재시작
timer600틱 시작 timer1 중지
-----
10분에 한번씩 클럭 발생::체결강도 전송 실행시간 : 15:10:34
계좌평가잔고내역요청 전송
000120;000810;001040;002380;002790;003670;005380;006280;008560;009540;011070;017670;024110;034730;035250;069960;078340;097950;139480;267250;316140;
21
{'stock_no': ['000120', '000810', '001040', '002380', '002790', '003670', '005380', '006280', '008560', '009540', '011070', '017670', '024110', '034730', '035250', '069960', '078340', '097950', '139480', '267250', '316140'], 'stock_name': ['CJ대한통운', '삼성화재', 'CJ', 'KCC', '아모레G', '포스코케미칼', '현대차', '녹십자', '메리츠종금증권', '한국조선해양', 'LG이노텍', 'SK텔레콤', '기업은행', 'SK', '강원랜드', '현대백화점', '컴투스', 'CJ제일제당', '이마트', '현대중공업지주', '우리금융지주'], 'market_in_price': [137500, 272500, 103000, 278500, 66700, 55600, 142500, 127000, 5600, 123500, 117500, 262000, 14150, 239000, 31050, 81500, 104800, 301000, 144500, 336000, 14100], 'myhave_cnt': [8, 5, 14, 4, 17, 21, 10, 9, 266, 12, 9, 5, 84, 6, 48, 14, 14, 4, 8, 3, 84], 'run_price': [139500, 258000, 89300, 236500, 56300, 48900, 128000, 107500, 4760, 103000, 101000, 254000, 12700, 209000, 30700, 73000, 88400, 282000, 119000, 314500, 12650], 'sell_price': [139500, 258000, 89400, 237000, 56400, 48850, 128000, 107500, 4765, 103000, 101000, 254000, 12750, 209500, 30750, 73000, 88600, 282000, 119000, 315000, 12650], 'sell_cnt': [2098, 3144, 380, 353, 608, 20, 16965, 343, 2392, 8957, 6115, 6766, 68848, 2247, 2452, 233, 147, 967, 4972, 55, 102156], 'buy_price': [139000, 257500, 89300, 236500, 56300, 48800, 127500, 107000, 4760, 102500, 100500, 253500, 12700, 209000, 30700, 72900, 88400, 281500, 118500, 314500, 12600], 'buy_cnt': [363, 4204, 265, 253, 531, 151, 10273, 1068, 13085, 3856, 9358, 2500, 59837, 7995, 530, 327, 2, 138, 3513, 167, 69127], 'vol_cnt': [38770, 74575, 61194, 14805, 154582, 282560, 534758, 19188, 1966131, 289095, 362887, 262871, 840730, 140040, 351697, 34465, 22332, 16207, 93681, 19702, 1040794], 'deal_power': [347.1, 106.62, 76.31, 133.07, 157.5, 161.58, 197.17, 367.48, 94.59, 71.46, 66.84, 261.48, 39.1, 132.7, 122.08, 99.38, 84.61, 74.04, 118.43, 113.81, 60.69]}
['20190802', '20190801', '20190800', '20190799', '20190798', '20190797']
['004990']
20190797
['20190802', '20190801']
{'stock_no': [], 'deal_power': []}
{'stock_no': [], 'deal_power': []}
timer600틱 끝 timer1 재시작
4
장종료 알림 4, 8
8
장종료 알림 4, 8
