계좌평가잔고내역요청 전송
000120;000810;001040;002380;002790;003670;004800;004990;005380;006280;008560;009540;017670;024110;034730;035250;035420;069960;078340;097950;139480;316140;
22
{'stock_no': ['000120', '000810', '001040', '002380', '002790', '003670', '004800', '004990', '005380', '006280', '008560', '009540', '017670', '024110', '034730', '035250', '035420', '069960', '078340', '097950', '139480', '316140'], 'stock_name': ['CJ대한통운', '삼성화재', 'CJ', 'KCC', '아모레G', '포스코케미칼', '효성', '롯데지주', '현대차', '녹십자', '메리츠종금증권', '한국조선해양', 'SK텔레콤', '기업은행', 'SK', '강원랜드', 'NAVER', '현대백화점', '컴투스', 'CJ제일제당', '이마트', '우리금융지주'], 'market_in_price': [137500, 272500, 103000, 278500, 66700, 55600, 75500, 44750, 142500, 127000, 5600, 123500, 262000, 14150, 239000, 31050, 120500, 81500, 104800, 301000, 144500, 14100], 'myhave_cnt': [8, 5, 14, 4, 17, 21, 15, 33, 10, 9, 266, 12, 5, 84, 6, 48, 9, 14, 14, 4, 8, 84], 'run_price': [139000, 262000, 97200, 258000, 58000, 53500, 73800, 39250, 133500, 109500, 5240, 113000, 259000, 13800, 227500, 30250, 119000, 79300, 94400, 282000, 135500, 13800], 'sell_price': [0, 0, 0, 0, 0, 0, 0, 0, 0, 0, 0, 0, 0, 0, 0, 0, 0, 0, 0, 0, 0, 0], 'sell_cnt': [0, 0, 0, 0, 0, 0, 0, 0, 0, 0, 0, 0, 0, 0, 0, 0, 0, 0, 0, 0, 0, 0], 'buy_price': [0, 0, 0, 0, 0, 0, 0, 0, 0, 0, 0, 0, 0, 0, 0, 0, 0, 0, 0, 0, 0, 0], 'buy_cnt': [0, 0, 0, 0, 0, 0, 0, 0, 0, 0, 0, 0, 0, 0, 0, 0, 0, 0, 0, 0, 0, 0], 'vol_cnt': [0, 0, 0, 0, 0, 0, 0, 0, 0, 0, 0, 0, 0, 0, 0, 0, 0, 0, 0, 0, 0, 0], 'deal_power': [0.0, 0.0, 0.0, 0.0, 0.0, 0.0, 0.0, 0.0, 0.0, 0.0, 0.0, 0.0, 0.0, 0.0, 0.0, 0.0, 0.0, 0.0, 0.0, 0.0, 0.0, 0.0]}
-----
자동주문 버튼 True 실행시간 : 08:21:42
자동주문 클릭시 timer1 시작
자동주문 클릭시 timer600 시작
계좌평가잔고내역요청 전송
000120;000810;001040;002380;002790;003670;004800;004990;005380;006280;008560;009540;017670;024110;034730;035250;035420;069960;078340;097950;139480;316140;
22
{'stock_no': ['000120', '000810', '001040', '002380', '002790', '003670', '004800', '004990', '005380', '006280', '008560', '009540', '017670', '024110', '034730', '035250', '035420', '069960', '078340', '097950', '139480', '316140'], 'stock_name': ['CJ대한통운', '삼성화재', 'CJ', 'KCC', '아모레G', '포스코케미칼', '효성', '롯데지주', '현대차', '녹십자', '메리츠종금증권', '한국조선해양', 'SK텔레콤', '기업은행', 'SK', '강원랜드', 'NAVER', '현대백화점', '컴투스', 'CJ제일제당', '이마트', '우리금융지주'], 'market_in_price': [137500, 272500, 103000, 278500, 66700, 55600, 75500, 44750, 142500, 127000, 5600, 123500, 262000, 14150, 239000, 31050, 120500, 81500, 104800, 301000, 144500, 14100], 'myhave_cnt': [8, 5, 14, 4, 17, 21, 15, 33, 10, 9, 266, 12, 5, 84, 6, 48, 9, 14, 14, 4, 8, 84], 'run_price': [139000, 262000, 97200, 258000, 58000, 53500, 73800, 39250, 133500, 109500, 5240, 113000, 259000, 13800, 227500, 30250, 119000, 79300, 94400, 282000, 135500, 13800], 'sell_price': [0, 0, 0, 0, 0, 0, 0, 0, 0, 0, 0, 0, 0, 0, 0, 0, 0, 0, 0, 0, 0, 0], 'sell_cnt': [0, 0, 0, 0, 0, 0, 0, 0, 0, 0, 0, 0, 0, 0, 0, 0, 0, 0, 0, 0, 0, 0], 'buy_price': [0, 0, 0, 0, 0, 0, 0, 0, 0, 0, 0, 0, 0, 0, 0, 0, 0, 0, 0, 0, 0, 0], 'buy_cnt': [0, 0, 0, 0, 0, 0, 0, 0, 0, 0, 0, 0, 0, 0, 0, 0, 0, 0, 0, 0, 0, 0], 'vol_cnt': [0, 0, 0, 0, 0, 0, 0, 0, 0, 0, 0, 0, 0, 0, 0, 0, 0, 0, 0, 0, 0, 0], 'deal_power': [0.0, 0.0, 0.0, 0.0, 0.0, 0.0, 0.0, 0.0, 0.0, 0.0, 0.0, 0.0, 0.0, 0.0, 0.0, 0.0, 0.0, 0.0, 0.0, 0.0, 0.0, 0.0]}
-----
자동주문 버튼 True 실행시간 : 08:29:30
자동주문 클릭시 timer1 시작
자동주문 클릭시 timer600 시작
계좌평가잔고내역요청 전송
000120;000810;001040;002380;002790;003670;004800;004990;005380;006280;008560;009540;017670;024110;034730;035250;035420;069960;078340;097950;139480;316140;
22
{'stock_no': ['000120', '000810', '001040', '002380', '002790', '003670', '004800', '004990', '005380', '006280', '008560', '009540', '017670', '024110', '034730', '035250', '035420', '069960', '078340', '097950', '139480', '316140'], 'stock_name': ['CJ대한통운', '삼성화재', 'CJ', 'KCC', '아모레G', '포스코케미칼', '효성', '롯데지주', '현대차', '녹십자', '메리츠종금증권', '한국조선해양', 'SK텔레콤', '기업은행', 'SK', '강원랜드', 'NAVER', '현대백화점', '컴투스', 'CJ제일제당', '이마트', '우리금융지주'], 'market_in_price': [137500, 272500, 103000, 278500, 66700, 55600, 75500, 44750, 142500, 127000, 5600, 123500, 262000, 14150, 239000, 31050, 120500, 81500, 104800, 301000, 144500, 14100], 'myhave_cnt': [8, 5, 14, 4, 17, 21, 15, 33, 10, 9, 266, 12, 5, 84, 6, 48, 9, 14, 14, 4, 8, 84], 'run_price': [139000, 262000, 97200, 258000, 58000, 53500, 73800, 39250, 133500, 109500, 5240, 113000, 259000, 13800, 227500, 30250, 119000, 79300, 94400, 282000, 135500, 13800], 'sell_price': [139000, 262500, 97200, 259000, 57900, 53200, 73900, 39400, 133500, 109500, 5250, 113000, 259000, 13800, 226500, 30300, 119500, 79300, 94400, 281000, 134500, 13800], 'sell_cnt': [78, 103, 52, 8, 210, 90, 8, 141, 533, 32, 49, 66, 166, 1097, 15, 3, 47, 1, 24, 1, 228, 20], 'buy_price': [137500, 261500, 96100, 254500, 57600, 53000, 73800, 39250, 132500, 109000, 5240, 112500, 257500, 13750, 225000, 29600, 118500, 78600, 93000, 279500, 134000, 13750], 'buy_cnt': [62, 1, 59, 13, 486, 568, 227, 112, 4285, 136, 188, 234, 223, 15695, 18, 345, 673, 51, 10, 30, 604, 8653], 'vol_cnt': [0, 0, 0, 0, 40, 35, 0, 0, 1, 0, 137, 1, 1, 0, 0, 0, 1, 0, 10, 0, 0, 0], 'deal_power': [0.0, 0.0, 0.0, 0.0, 100.0, 52.17, 0.0, 0.0, 500.0, 0.0, 0.0, 500.0, 500.0, 0.0, 0.0, 0.0, 0.0, 0.0, 0.0, 0.0, 0.0, 0.0]}
-----
자동주문 버튼 True 실행시간 : 08:57:26
자동주문 클릭시 timer1 시작
자동주문 클릭시 timer600 시작
3
장시작 알림 3
장시작 알림 3 timer1 재시작
장시작 알림 3 timer600 재시작
timer600틱 시작 timer1 중지
-----
10분에 한번씩 클럭 발생::체결강도 전송 실행시간 : 09:10:01
계좌평가잔고내역요청 전송
000120;000810;001040;002380;002790;003670;004800;004990;005380;006280;008560;009540;017670;024110;034730;035250;035420;069960;078340;097950;139480;316140;
22
{'stock_no': ['000120', '000810', '001040', '002380', '002790', '003670', '004800', '004990', '005380', '006280', '008560', '009540', '017670', '024110', '034730', '035250', '035420', '069960', '078340', '097950', '139480', '316140'], 'stock_name': ['CJ대한통운', '삼성화재', 'CJ', 'KCC', '아모레G', '포스코케미칼', '효성', '롯데지주', '현대차', '녹십자', '메리츠종금증권', '한국조선해양', 'SK텔레콤', '기업은행', 'SK', '강원랜드', 'NAVER', '현대백화점', '컴투스', 'CJ제일제당', '이마트', '우리금융지주'], 'market_in_price': [137500, 272500, 103000, 278500, 66700, 55600, 75500, 44750, 142500, 127000, 5600, 123500, 262000, 14150, 239000, 31050, 120500, 81500, 104800, 301000, 144500, 14100], 'myhave_cnt': [8, 5, 14, 4, 17, 21, 15, 33, 10, 9, 266, 12, 5, 84, 6, 48, 9, 14, 14, 4, 8, 84], 'run_price': [138500, 260500, 97100, 254000, 58200, 53100, 73400, 39100, 133500, 110000, 5280, 113500, 259000, 13750, 225000, 29900, 119500, 79000, 93200, 281500, 134500, 13800], 'sell_price': [138500, 260500, 97300, 254000, 58200, 53100, 73800, 39100, 134000, 110000, 5280, 113500, 259500, 13750, 225000, 29900, 119500, 79000, 93300, 281500, 135000, 13850], 'sell_cnt': [528, 1069, 67, 162, 664, 545, 31, 489, 2708, 404, 2843, 1621, 1201, 4402, 571, 1589, 1049, 175, 3, 44, 1675, 14801], 'buy_price': [138000, 260000, 97100, 253500, 58100, 53000, 73400, 39050, 133500, 109500, 5270, 113000, 259000, 13700, 224500, 29850, 119000, 78900, 93200, 280500, 134500, 13800], 'buy_cnt': [328, 94, 78, 397, 669, 1410, 102, 197, 13526, 119, 3584, 844, 546, 42610, 1008, 2340, 1370, 156, 34, 66, 1080, 10886], 'vol_cnt': [1548, 1359, 1023, 2227, 11199, 17803, 524, 2739, 18414, 920, 24721, 2718, 5396, 21462, 2337, 11542, 11160, 808, 3342, 805, 10344, 16423], 'deal_power': [253.7, 16.29, 327.56, 90.6, 184.03, 67.66, 318.87, 67.93, 500.0, 237.95, 111.64, 88.89, 157.86, 4.36, 100.3, 55.87, 68.25, 124.66, 61.14, 146.26, 181.11, 424.59]}
{'stock_no': ['000120'], 'deal_power': [195.1198]}
timer600틱 끝 timer1 재시작
계좌평가잔고내역요청 전송
000120;000810;001040;002380;002790;003670;004800;004990;005380;006280;008560;009540;017670;024110;034730;035250;035420;069960;078340;097950;139480;316140;
22
{'stock_no': ['000120', '000810', '001040', '002380', '002790', '003670', '004800', '004990', '005380', '006280', '008560', '009540', '017670', '024110', '034730', '035250', '035420', '069960', '078340', '097950', '139480', '316140'], 'stock_name': ['CJ대한통운', '삼성화재', 'CJ', 'KCC', '아모레G', '포스코케미칼', '효성', '롯데지주', '현대차', '녹십자', '메리츠종금증권', '한국조선해양', 'SK텔레콤', '기업은행', 'SK', '강원랜드', 'NAVER', '현대백화점', '컴투스', 'CJ제일제당', '이마트', '우리금융지주'], 'market_in_price': [137500, 272500, 103000, 278500, 66700, 55600, 75500, 44750, 142500, 127000, 5600, 123500, 262000, 14150, 239000, 31050, 120500, 81500, 104800, 301000, 144500, 14100], 'myhave_cnt': [8, 5, 14, 4, 17, 21, 15, 33, 10, 9, 266, 12, 5, 84, 6, 48, 9, 14, 14, 4, 8, 84], 'run_price': [138500, 260000, 96900, 253500, 58100, 52700, 73600, 39050, 134000, 109500, 5280, 112500, 259000, 13700, 225000, 29850, 119000, 78900, 93100, 281500, 134500, 13850], 'sell_price': [138500, 260500, 97000, 254000, 58100, 52700, 73600, 39050, 134000, 110000, 5280, 113000, 259000, 13750, 225000, 29900, 119500, 79000, 93200, 282000, 134500, 13850], 'sell_cnt': [370, 1512, 59, 47, 131, 1610, 46, 350, 5216, 334, 2071, 551, 585, 8724, 649, 2767, 2610, 208, 28, 27, 140, 20147], 'buy_price': [138000, 260000, 96900, 253500, 58000, 52600, 73500, 39000, 133500, 109500, 5270, 112500, 258500, 13700, 224500, 29850, 119000, 78900, 93100, 281500, 134000, 13800], 'buy_cnt': [319, 325, 17, 388, 151, 824, 143, 254, 7251, 129, 5848, 830, 1291, 47661, 1345, 2608, 2508, 106, 50, 17, 3266, 12266], 'vol_cnt': [1934, 1533, 1226, 2448, 13337, 23478, 625, 3645, 27334, 1249, 28046, 3790, 6055, 22023, 2582, 11781, 11187, 1200, 3733, 945, 11744, 17204], 'deal_power': [174.92, 13.84, 194.86, 108.47, 137.08, 48.01, 329.13, 64.74, 145.94, 280.0, 143.29, 48.76, 121.6, 4.41, 124.27, 58.71, 68.4, 248.03, 53.78, 156.79, 135.76, 461.1]}
-----
자동주문 버튼 True 실행시간 : 09:12:22
자동주문 클릭시 timer1 시작
자동주문 클릭시 timer600 시작
timer600틱 시작 timer1 중지
-----
10분에 한번씩 클럭 발생::체결강도 전송 실행시간 : 09:22:22
계좌평가잔고내역요청 전송
000120;000810;001040;002380;002790;003670;004800;004990;005380;006280;008560;009540;017670;024110;034730;035250;035420;069960;078340;097950;139480;316140;
22
{'stock_no': ['000120', '000810', '001040', '002380', '002790', '003670', '004800', '004990', '005380', '006280', '008560', '009540', '017670', '024110', '034730', '035250', '035420', '069960', '078340', '097950', '139480', '316140'], 'stock_name': ['CJ대한통운', '삼성화재', 'CJ', 'KCC', '아모레G', '포스코케미칼', '효성', '롯데지주', '현대차', '녹십자', '메리츠종금증권', '한국조선해양', 'SK텔레콤', '기업은행', 'SK', '강원랜드', 'NAVER', '현대백화점', '컴투스', 'CJ제일제당', '이마트', '우리금융지주'], 'market_in_price': [137500, 272500, 103000, 278500, 66700, 55600, 75500, 44750, 142500, 127000, 5600, 123500, 262000, 14150, 239000, 31050, 120500, 81500, 104800, 301000, 144500, 14100], 'myhave_cnt': [8, 5, 14, 4, 17, 21, 15, 33, 10, 9, 266, 12, 5, 84, 6, 48, 9, 14, 14, 4, 8, 84], 'run_price': [138500, 259500, 97100, 253000, 58200, 52300, 73800, 38850, 134000, 109500, 5320, 113000, 259500, 13750, 225000, 30000, 119500, 79300, 93200, 282500, 134000, 13850], 'sell_price': [138500, 260000, 97200, 253000, 58300, 52400, 73800, 38900, 134000, 109500, 5320, 113000, 259500, 13750, 225000, 30050, 120000, 79300, 93300, 282500, 134500, 13850], 'sell_cnt': [165, 2141, 260, 141, 1811, 480, 79, 585, 6508, 144, 5305, 1530, 701, 10061, 317, 346, 1628, 107, 77, 8, 4143, 20218], 'buy_price': [138000, 259500, 97000, 252500, 58200, 52300, 73600, 38850, 133500, 109000, 5310, 112500, 259000, 13700, 224500, 30000, 119500, 79200, 93200, 282000, 134000, 13800], 'buy_cnt': [611, 678, 920, 76, 313, 3607, 47, 246, 7919, 483, 3595, 1654, 833, 57608, 739, 173, 3279, 90, 174, 47, 2265, 13770], 'vol_cnt': [3072, 2009, 1465, 3844, 23556, 38042, 871, 7714, 30463, 1929, 56435, 4126, 7799, 26109, 4466, 16496, 17252, 2197, 5067, 1124, 13889, 20999], 'deal_power': [172.24, 13.24, 131.22, 69.89, 114.03, 66.25, 273.11, 41.32, 143.29, 248.95, 240.17, 50.82, 127.56, 8.24, 55.06, 110.01, 103.22, 259.66, 52.49, 172.51, 104.57, 500.0]}
{'stock_no': ['000120'], 'deal_power': [194.72830000000002]}
timer600틱 끝 timer1 재시작
timer600틱 시작 timer1 중지
-----
10분에 한번씩 클럭 발생::체결강도 전송 실행시간 : 09:32:22
계좌평가잔고내역요청 전송
000120;000810;001040;002380;002790;003670;004800;004990;005380;006280;008560;009540;017670;024110;034730;035250;035420;069960;078340;097950;139480;316140;
22
{'stock_no': ['000120', '000810', '001040', '002380', '002790', '003670', '004800', '004990', '005380', '006280', '008560', '009540', '017670', '024110', '034730', '035250', '035420', '069960', '078340', '097950', '139480', '316140'], 'stock_name': ['CJ대한통운', '삼성화재', 'CJ', 'KCC', '아모레G', '포스코케미칼', '효성', '롯데지주', '현대차', '녹십자', '메리츠종금증권', '한국조선해양', 'SK텔레콤', '기업은행', 'SK', '강원랜드', 'NAVER', '현대백화점', '컴투스', 'CJ제일제당', '이마트', '우리금융지주'], 'market_in_price': [137500, 272500, 103000, 278500, 66700, 55600, 75500, 44750, 142500, 127000, 5600, 123500, 262000, 14150, 239000, 31050, 120500, 81500, 104800, 301000, 144500, 14100], 'myhave_cnt': [8, 5, 14, 4, 17, 21, 15, 33, 10, 9, 266, 12, 5, 84, 6, 48, 9, 14, 14, 4, 8, 84], 'run_price': [139500, 259000, 97100, 252500, 58300, 52300, 73900, 38800, 133500, 109500, 5280, 113000, 260500, 13700, 227000, 29950, 120500, 78900, 92900, 282000, 133500, 13850], 'sell_price': [139500, 259500, 97200, 252500, 58300, 52400, 73900, 38850, 134000, 109500, 5290, 113000, 260500, 13750, 227000, 30000, 120500, 79000, 93000, 282500, 134000, 13850], 'sell_cnt': [1704, 1687, 272, 275, 1300, 1494, 75, 1115, 4922, 565, 6957, 1663, 1115, 17303, 550, 1388, 693, 171, 42, 131, 3404, 27286], 'buy_price': [139000, 259000, 97100, 252000, 58200, 52300, 73800, 38800, 133500, 109000, 5280, 112500, 260000, 13700, 226500, 29950, 120000, 78900, 92900, 282000, 133500, 13800], 'buy_cnt': [682, 872, 259, 1038, 189, 302, 41, 626, 9339, 497, 1787, 4448, 2808, 62096, 1019, 423, 2914, 710, 473, 163, 4298, 32138], 'vol_cnt': [4346, 3118, 1563, 4231, 28634, 56062, 1452, 11902, 34208, 2444, 78865, 6428, 9966, 30208, 6613, 19344, 26619, 2536, 7046, 1343, 16443, 28516], 'deal_power': [207.91, 8.04, 117.91, 67.37, 126.78, 65.76, 235.45, 31.71, 137.78, 231.76, 133.83, 99.2, 181.01, 10.93, 131.85, 108.06, 144.51, 169.74, 48.12, 169.15, 80.17, 204.56]}
{'stock_no': ['000120'], 'deal_power': [194.64919999999998]}
timer600틱 끝 timer1 재시작
timer600틱 시작 timer1 중지
-----
10분에 한번씩 클럭 발생::체결강도 전송 실행시간 : 09:42:22
계좌평가잔고내역요청 전송
000120;000810;001040;002380;002790;003670;004800;004990;005380;006280;008560;009540;017670;024110;034730;035250;035420;069960;078340;097950;139480;316140;
22
{'stock_no': ['000120', '000810', '001040', '002380', '002790', '003670', '004800', '004990', '005380', '006280', '008560', '009540', '017670', '024110', '034730', '035250', '035420', '069960', '078340', '097950', '139480', '316140'], 'stock_name': ['CJ대한통운', '삼성화재', 'CJ', 'KCC', '아모레G', '포스코케미칼', '효성', '롯데지주', '현대차', '녹십자', '메리츠종금증권', '한국조선해양', 'SK텔레콤', '기업은행', 'SK', '강원랜드', 'NAVER', '현대백화점', '컴투스', 'CJ제일제당', '이마트', '우리금융지주'], 'market_in_price': [137500, 272500, 103000, 278500, 66700, 55600, 75500, 44750, 142500, 127000, 5600, 123500, 262000, 14150, 239000, 31050, 120500, 81500, 104800, 301000, 144500, 14100], 'myhave_cnt': [8, 5, 14, 4, 17, 21, 15, 33, 10, 9, 266, 12, 5, 84, 6, 48, 9, 14, 14, 4, 8, 84], 'run_price': [139500, 258500, 97100, 252000, 57900, 52500, 74400, 39000, 134000, 108000, 5290, 113000, 261000, 13800, 226500, 29950, 121000, 79200, 93100, 282000, 134000, 13800], 'sell_price': [139500, 259000, 97100, 252500, 57900, 52600, 74400, 39050, 134000, 108000, 5290, 113000, 261000, 13800, 227000, 29950, 121000, 79200, 93200, 282500, 134000, 13850], 'sell_cnt': [1712, 1569, 254, 482, 176, 849, 549, 453, 9761, 2392, 3709, 2536, 1835, 20490, 1902, 236, 8873, 102, 26, 92, 2659, 24418], 'buy_price': [139000, 258500, 97000, 252000, 57800, 52500, 74300, 39000, 133500, 107500, 5280, 112500, 260500, 13750, 226500, 29900, 120500, 79100, 93100, 282000, 133500, 13800], 'buy_cnt': [1075, 921, 487, 998, 608, 128, 166, 1005, 15782, 264, 10186, 4272, 562, 42509, 250, 5017, 4152, 131, 37, 186, 5461, 39113], 'vol_cnt': [4850, 7167, 2412, 4564, 34976, 67795, 3307, 14952, 37954, 6963, 85174, 6661, 12921, 64636, 8528, 21251, 30496, 3743, 7607, 1510, 17103, 29231], 'deal_power': [242.25, 52.67, 61.94, 68.19, 93.76, 69.14, 337.86, 56.99, 139.81, 40.47, 135.79, 94.89, 176.34, 80.87, 142.29, 119.84, 172.25, 238.64, 49.0, 184.52, 85.5, 201.95]}
{'stock_no': ['000120'], 'deal_power': [194.96890000000002]}
timer600틱 끝 timer1 재시작
계좌평가잔고내역요청 전송
000120;000810;001040;002380;002790;003670;004800;004990;005380;006280;008560;009540;017670;024110;034730;035250;035420;069960;078340;097950;139480;316140;
22
{'stock_no': ['000120', '000810', '001040', '002380', '002790', '003670', '004800', '004990', '005380', '006280', '008560', '009540', '017670', '024110', '034730', '035250', '035420', '069960', '078340', '097950', '139480', '316140'], 'stock_name': ['CJ대한통운', '삼성화재', 'CJ', 'KCC', '아모레G', '포스코케미칼', '효성', '롯데지주', '현대차', '녹십자', '메리츠종금증권', '한국조선해양', 'SK텔레콤', '기업은행', 'SK', '강원랜드', 'NAVER', '현대백화점', '컴투스', 'CJ제일제당', '이마트', '우리금융지주'], 'market_in_price': [137500, 272500, 103000, 278500, 66700, 55600, 75500, 44750, 142500, 127000, 5600, 123500, 262000, 14150, 239000, 31050, 120500, 81500, 104800, 301000, 144500, 14100], 'myhave_cnt': [8, 5, 14, 4, 17, 21, 15, 33, 10, 9, 266, 12, 5, 84, 6, 48, 9, 14, 14, 4, 8, 84], 'run_price': [140000, 258500, 96800, 250000, 58000, 52200, 74400, 39000, 133500, 108000, 5310, 112500, 261000, 13750, 226500, 30000, 121000, 79200, 93000, 282500, 133500, 13850], 'sell_price': [140000, 259000, 96900, 250000, 58200, 52300, 74500, 39050, 134000, 108000, 5310, 113000, 261000, 13800, 226500, 30000, 121000, 79200, 93000, 282500, 134000, 13850], 'sell_cnt': [1663, 2482, 584, 256, 720, 690, 497, 2038, 15842, 838, 19956, 2451, 2057, 28283, 661, 17, 10038, 496, 5, 114, 3214, 24785], 'buy_price': [139500, 258500, 96800, 249500, 58000, 52200, 74300, 39000, 133500, 107500, 5300, 112500, 260500, 13750, 226000, 29950, 120500, 79100, 92900, 282000, 133500, 13800], 'buy_cnt': [821, 1178, 992, 433, 1029, 1611, 177, 21, 15347, 657, 2413, 4493, 851, 31638, 852, 878, 3075, 413, 31, 305, 7241, 57807], 'vol_cnt': [7648, 7273, 3061, 8218, 36102, 74380, 5480, 17527, 41600, 12072, 110790, 7303, 13473, 72782, 9352, 24497, 34459, 4160, 8313, 1624, 17523, 30955], 'deal_power': [438.7, 53.35, 44.92, 33.45, 94.5, 70.95, 381.71, 49.96, 134.43, 84.23, 130.69, 94.81, 172.27, 71.35, 131.58, 143.67, 159.99, 212.27, 47.33, 195.69, 89.84, 194.93]}
-----
자동주문 버튼 True 실행시간 : 09:51:57
자동주문 클릭시 timer1 시작
자동주문 클릭시 timer600 시작
timer600틱 시작 timer1 중지
-----
10분에 한번씩 클럭 발생::체결강도 전송 실행시간 : 10:01:57
계좌평가잔고내역요청 전송
000120;000810;001040;002380;002790;003670;004800;004990;005380;006280;008560;009540;017670;024110;034730;035250;035420;069960;078340;097950;139480;316140;
22
{'stock_no': ['000120', '000810', '001040', '002380', '002790', '003670', '004800', '004990', '005380', '006280', '008560', '009540', '017670', '024110', '034730', '035250', '035420', '069960', '078340', '097950', '139480', '316140'], 'stock_name': ['CJ대한통운', '삼성화재', 'CJ', 'KCC', '아모레G', '포스코케미칼', '효성', '롯데지주', '현대차', '녹십자', '메리츠종금증권', '한국조선해양', 'SK텔레콤', '기업은행', 'SK', '강원랜드', 'NAVER', '현대백화점', '컴투스', 'CJ제일제당', '이마트', '우리금융지주'], 'market_in_price': [137500, 272500, 103000, 278500, 66700, 55600, 75500, 44750, 142500, 127000, 5600, 123500, 262000, 14150, 239000, 31050, 120500, 81500, 104800, 301000, 144500, 14100], 'myhave_cnt': [8, 5, 14, 4, 17, 21, 15, 33, 10, 9, 266, 12, 5, 84, 6, 48, 9, 14, 14, 4, 8, 84], 'run_price': [140000, 257500, 96800, 251000, 58500, 52300, 75100, 39000, 133000, 108000, 5330, 113000, 261000, 13800, 226500, 30200, 121500, 79300, 93200, 283000, 134000, 13900], 'sell_price': [140000, 257500, 96900, 251000, 58500, 52400, 75100, 39050, 133500, 108500, 5340, 113000, 261000, 13800, 227000, 30250, 121500, 79300, 93300, 283000, 134500, 13900], 'sell_cnt': [2489, 3147, 133, 97, 211, 482, 226, 1524, 579, 1568, 34594, 4828, 2583, 5580, 743, 450, 8986, 595, 1, 97, 2199, 15683], 'buy_price': [139500, 257000, 96800, 250500, 58400, 52300, 75000, 39000, 133000, 108000, 5330, 112500, 260500, 13750, 226500, 30200, 121000, 79200, 93100, 282500, 134000, 13850], 'buy_cnt': [1472, 923, 496, 15, 435, 614, 90, 939, 9148, 1120, 15338, 4490, 1297, 33514, 940, 701, 2621, 34, 73, 69, 3845, 47393], 'vol_cnt': [8184, 11311, 3743, 8941, 42482, 85974, 9225, 19464, 88490, 13235, 158076, 8143, 14488, 92374, 11415, 31089, 48181, 5426, 8720, 1971, 21660, 98315], 'deal_power': [468.65, 34.24, 59.25, 39.37, 102.49, 78.21, 500.0, 52.56, 175.14, 99.54, 186.48, 83.14, 166.68, 107.38, 134.61, 173.25, 219.15, 165.59, 50.19, 225.96, 135.79, 500.0]}
{'stock_no': ['000120'], 'deal_power': [197.55420000000007]}
timer600틱 끝 timer1 재시작
timer600틱 시작 timer1 중지
-----
10분에 한번씩 클럭 발생::체결강도 전송 실행시간 : 10:11:57
계좌평가잔고내역요청 전송
000120;000810;001040;002380;002790;003670;004800;004990;005380;006280;008560;009540;017670;024110;034730;035250;035420;069960;078340;097950;139480;316140;
22
{'stock_no': ['000120', '000810', '001040', '002380', '002790', '003670', '004800', '004990', '005380', '006280', '008560', '009540', '017670', '024110', '034730', '035250', '035420', '069960', '078340', '097950', '139480', '316140'], 'stock_name': ['CJ대한통운', '삼성화재', 'CJ', 'KCC', '아모레G', '포스코케미칼', '효성', '롯데지주', '현대차', '녹십자', '메리츠종금증권', '한국조선해양', 'SK텔레콤', '기업은행', 'SK', '강원랜드', 'NAVER', '현대백화점', '컴투스', 'CJ제일제당', '이마트', '우리금융지주'], 'market_in_price': [137500, 272500, 103000, 278500, 66700, 55600, 75500, 44750, 142500, 127000, 5600, 123500, 262000, 14150, 239000, 31050, 120500, 81500, 104800, 301000, 144500, 14100], 'myhave_cnt': [8, 5, 14, 4, 17, 21, 15, 33, 10, 9, 266, 12, 5, 84, 6, 48, 9, 14, 14, 4, 8, 84], 'run_price': [139500, 257500, 96400, 249500, 58200, 52200, 74800, 38950, 133000, 108500, 5310, 112000, 260000, 13700, 225000, 30150, 121000, 79000, 93200, 282000, 133500, 13850], 'sell_price': [139500, 258000, 96500, 249500, 58200, 52200, 74800, 38950, 133500, 109000, 5310, 112500, 260500, 13700, 225000, 30150, 121500, 79000, 93300, 282000, 134000, 13850], 'sell_cnt': [1337, 1883, 355, 334, 53, 588, 261, 630, 2372, 1543, 5309, 6201, 1752, 87680, 148, 952, 3710, 2674, 5, 194, 2053, 52685], 'buy_price': [139000, 257500, 96400, 249000, 58100, 52100, 74700, 38900, 133000, 108500, 5300, 112000, 260000, 13650, 224500, 30100, 121000, 78900, 93200, 281500, 133500, 13800], 'buy_cnt': [1566, 856, 1156, 457, 344, 3473, 2, 1272, 9416, 61, 7766, 3589, 210, 31164, 1056, 1870, 3563, 248, 3, 76, 8898, 4052], 'vol_cnt': [10117, 15049, 4842, 9933, 46000, 96470, 10194, 30239, 93399, 16333, 195187, 13635, 17102, 188433, 14782, 38863, 66232, 6541, 9365, 2536, 25719, 158548], 'deal_power': [248.66, 76.64, 44.48, 36.07, 101.1, 73.48, 468.2, 40.68, 156.69, 107.17, 133.89, 41.88, 124.58, 37.89, 95.08, 171.38, 250.8, 119.96, 49.95, 151.35, 104.84, 145.81]}
{'stock_no': ['000120'], 'deal_power': [197.90150000000006]}
timer600틱 끝 timer1 재시작
timer600틱 시작 timer1 중지
-----
10분에 한번씩 클럭 발생::체결강도 전송 실행시간 : 10:21:57
계좌평가잔고내역요청 전송
000120;000810;001040;002380;002790;003670;004800;004990;005380;006280;008560;009540;017670;024110;034730;035250;035420;069960;078340;097950;139480;316140;
22
{'stock_no': ['000120', '000810', '001040', '002380', '002790', '003670', '004800', '004990', '005380', '006280', '008560', '009540', '017670', '024110', '034730', '035250', '035420', '069960', '078340', '097950', '139480', '316140'], 'stock_name': ['CJ대한통운', '삼성화재', 'CJ', 'KCC', '아모레G', '포스코케미칼', '효성', '롯데지주', '현대차', '녹십자', '메리츠종금증권', '한국조선해양', 'SK텔레콤', '기업은행', 'SK', '강원랜드', 'NAVER', '현대백화점', '컴투스', 'CJ제일제당', '이마트', '우리금융지주'], 'market_in_price': [137500, 272500, 103000, 278500, 66700, 55600, 75500, 44750, 142500, 127000, 5600, 123500, 262000, 14150, 239000, 31050, 120500, 81500, 104800, 301000, 144500, 14100], 'myhave_cnt': [8, 5, 14, 4, 17, 21, 15, 33, 10, 9, 266, 12, 5, 84, 6, 48, 9, 14, 14, 4, 8, 84], 'run_price': [139000, 257500, 96700, 249500, 58200, 52100, 74800, 38850, 133500, 107500, 5330, 112000, 260500, 13650, 225500, 30150, 121500, 78900, 93300, 282500, 133500, 13800], 'sell_price': [139500, 258000, 96800, 250000, 58300, 52200, 74800, 38900, 133500, 108000, 5330, 112500, 260500, 13700, 226000, 30150, 121500, 78900, 93300, 282500, 134000, 13800], 'sell_cnt': [1916, 1819, 149, 527, 279, 688, 53, 2132, 1626, 2678, 18128, 6632, 832, 44478, 364, 652, 8970, 528, 12, 158, 4507, 39766], 'buy_price': [139000, 257500, 96700, 249500, 58200, 52100, 74700, 38850, 133000, 107500, 5320, 112000, 260000, 13650, 225500, 30100, 121000, 78800, 93200, 282000, 133500, 13750], 'buy_cnt': [2155, 1173, 789, 173, 267, 1848, 389, 176, 13743, 67, 21150, 4725, 2198, 46607, 681, 6302, 4810, 1344, 387, 554, 3720, 35852], 'vol_cnt': [10783, 15136, 6538, 10664, 51050, 106402, 11231, 33864, 96480, 20629, 218534, 14068, 18482, 191900, 15452, 42695, 69474, 7171, 9705, 2882, 27131, 175592], 'deal_power': [267.27, 76.82, 75.34, 42.23, 94.93, 71.82, 478.07, 34.77, 159.5, 71.84, 157.43, 41.9, 125.93, 38.69, 99.37, 185.63, 245.56, 106.54, 50.14, 177.73, 94.62, 155.5]}
{'stock_no': ['000120'], 'deal_power': [198.30250000000007]}
timer600틱 끝 timer1 재시작
timer600틱 시작 timer1 중지
-----
10분에 한번씩 클럭 발생::체결강도 전송 실행시간 : 10:31:57
계좌평가잔고내역요청 전송
000120;000810;001040;002380;002790;003670;004800;004990;005380;006280;008560;009540;017670;024110;034730;035250;035420;069960;078340;097950;139480;316140;
22
{'stock_no': ['000120', '000810', '001040', '002380', '002790', '003670', '004800', '004990', '005380', '006280', '008560', '009540', '017670', '024110', '034730', '035250', '035420', '069960', '078340', '097950', '139480', '316140'], 'stock_name': ['CJ대한통운', '삼성화재', 'CJ', 'KCC', '아모레G', '포스코케미칼', '효성', '롯데지주', '현대차', '녹십자', '메리츠종금증권', '한국조선해양', 'SK텔레콤', '기업은행', 'SK', '강원랜드', 'NAVER', '현대백화점', '컴투스', 'CJ제일제당', '이마트', '우리금융지주'], 'market_in_price': [137500, 272500, 103000, 278500, 66700, 55600, 75500, 44750, 142500, 127000, 5600, 123500, 262000, 14150, 239000, 31050, 120500, 81500, 104800, 301000, 144500, 14100], 'myhave_cnt': [8, 5, 14, 4, 17, 21, 15, 33, 10, 9, 266, 12, 5, 84, 6, 48, 9, 14, 14, 4, 8, 84], 'run_price': [140000, 257000, 96700, 250000, 58100, 51800, 74700, 38900, 133500, 108000, 5310, 112000, 259500, 13700, 225500, 30150, 121000, 79000, 93700, 282000, 134000, 13750], 'sell_price': [140000, 257500, 96800, 250000, 58200, 51900, 74700, 38950, 134000, 108500, 5320, 112500, 260000, 13700, 226000, 30200, 121000, 79000, 93900, 282500, 134000, 13800], 'sell_cnt': [2936, 3048, 155, 669, 624, 1568, 145, 567, 19671, 986, 25208, 8205, 519, 1749, 654, 619, 5311, 241, 3, 77, 2312, 44642], 'buy_price': [139500, 257000, 96700, 249500, 58100, 51800, 74600, 38900, 133500, 108000, 5310, 112000, 259500, 13650, 225500, 30150, 120500, 78900, 93700, 282000, 133500, 13750], 'buy_cnt': [1265, 2315, 1095, 184, 1037, 3112, 228, 198, 5483, 85, 2909, 5758, 1554, 81632, 1412, 1602, 3563, 242, 189, 495, 6538, 47458], 'vol_cnt': [13001, 16968, 6698, 11176, 53795, 130422, 12062, 37351, 103013, 24552, 244838, 14382, 21059, 232167, 15997, 44812, 77566, 9671, 10566, 3145, 29031, 176474], 'deal_power': [337.64, 63.81, 76.6, 40.67, 91.19, 61.02, 427.14, 44.46, 152.48, 88.9, 134.0, 41.06, 108.57, 66.1, 101.45, 191.81, 192.95, 141.48, 62.87, 191.26, 94.98, 153.77]}
{'stock_no': ['000120'], 'deal_power': [199.47470000000004]}
timer600틱 끝 timer1 재시작
timer600틱 시작 timer1 중지
-----
10분에 한번씩 클럭 발생::체결강도 전송 실행시간 : 10:41:57
계좌평가잔고내역요청 전송
000120;000810;001040;002380;002790;003670;004800;004990;005380;006280;008560;009540;017670;024110;034730;035250;035420;069960;078340;097950;139480;316140;
22
{'stock_no': ['000120', '000810', '001040', '002380', '002790', '003670', '004800', '004990', '005380', '006280', '008560', '009540', '017670', '024110', '034730', '035250', '035420', '069960', '078340', '097950', '139480', '316140'], 'stock_name': ['CJ대한통운', '삼성화재', 'CJ', 'KCC', '아모레G', '포스코케미칼', '효성', '롯데지주', '현대차', '녹십자', '메리츠종금증권', '한국조선해양', 'SK텔레콤', '기업은행', 'SK', '강원랜드', 'NAVER', '현대백화점', '컴투스', 'CJ제일제당', '이마트', '우리금융지주'], 'market_in_price': [137500, 272500, 103000, 278500, 66700, 55600, 75500, 44750, 142500, 127000, 5600, 123500, 262000, 14150, 239000, 31050, 120500, 81500, 104800, 301000, 144500, 14100], 'myhave_cnt': [8, 5, 14, 4, 17, 21, 15, 33, 10, 9, 266, 12, 5, 84, 6, 48, 9, 14, 14, 4, 8, 84], 'run_price': [139500, 256000, 96800, 250500, 58100, 51500, 74700, 38900, 133000, 108500, 5310, 112000, 260000, 13650, 225500, 30200, 120000, 78900, 93400, 282000, 133500, 13750], 'sell_price': [140000, 256500, 96800, 250500, 58200, 51500, 74800, 38950, 133500, 109000, 5320, 112500, 260500, 13700, 226000, 30250, 120500, 79000, 93500, 282500, 134000, 13800], 'sell_cnt': [1848, 828, 934, 199, 1357, 2874, 186, 818, 6221, 572, 20716, 8495, 1701, 6640, 820, 1775, 1308, 1155, 103, 154, 1021, 48221], 'buy_price': [139500, 256000, 96700, 250000, 58100, 51400, 74700, 38900, 133000, 108500, 5310, 112000, 260000, 13650, 225500, 30200, 120000, 78900, 93400, 282000, 133500, 13750], 'buy_cnt': [1407, 1075, 804, 175, 791, 3229, 231, 1379, 13040, 1097, 14846, 6241, 691, 83678, 1204, 3056, 4342, 443, 17, 413, 7258, 48323], 'vol_cnt': [14150, 22590, 7348, 13256, 57769, 159591, 13625, 38760, 109823, 29958, 252625, 14848, 22324, 238802, 16649, 48050, 83386, 10510, 11303, 3421, 34004, 179499], 'deal_power': [325.12, 49.75, 73.35, 47.17, 87.88, 49.76, 436.65, 45.17, 136.6, 117.4, 134.27, 40.66, 116.36, 70.62, 104.09, 204.44, 170.17, 126.38, 60.34, 186.16, 106.77, 147.47]}
{'stock_no': ['000120'], 'deal_power': [200.53810000000013]}
timer600틱 끝 timer1 재시작
timer600틱 시작 timer1 중지
-----
10분에 한번씩 클럭 발생::체결강도 전송 실행시간 : 10:51:57
계좌평가잔고내역요청 전송
000120;000810;001040;002380;002790;003670;004800;004990;005380;006280;008560;009540;017670;024110;034730;035250;035420;069960;078340;097950;139480;316140;
22
{'stock_no': ['000120', '000810', '001040', '002380', '002790', '003670', '004800', '004990', '005380', '006280', '008560', '009540', '017670', '024110', '034730', '035250', '035420', '069960', '078340', '097950', '139480', '316140'], 'stock_name': ['CJ대한통운', '삼성화재', 'CJ', 'KCC', '아모레G', '포스코케미칼', '효성', '롯데지주', '현대차', '녹십자', '메리츠종금증권', '한국조선해양', 'SK텔레콤', '기업은행', 'SK', '강원랜드', 'NAVER', '현대백화점', '컴투스', 'CJ제일제당', '이마트', '우리금융지주'], 'market_in_price': [137500, 272500, 103000, 278500, 66700, 55600, 75500, 44750, 142500, 127000, 5600, 123500, 262000, 14150, 239000, 31050, 120500, 81500, 104800, 301000, 144500, 14100], 'myhave_cnt': [8, 5, 14, 4, 17, 21, 15, 33, 10, 9, 266, 12, 5, 84, 6, 48, 9, 14, 14, 4, 8, 84], 'run_price': [140000, 256500, 96700, 249500, 58000, 51700, 75100, 38850, 133000, 108500, 5320, 112500, 260000, 13650, 226500, 30100, 121000, 78700, 93200, 282000, 133500, 13750], 'sell_price': [140000, 257000, 96700, 250000, 58100, 51800, 75100, 38900, 133500, 109000, 5320, 112500, 260500, 13700, 226500, 30150, 121000, 78800, 93300, 282500, 134000, 13800], 'sell_cnt': [1617, 1564, 410, 417, 1702, 543, 769, 723, 8523, 1256, 12057, 8587, 614, 8473, 1762, 786, 7455, 2690, 85, 183, 1261, 63101], 'buy_price': [139500, 256500, 96600, 249500, 58000, 51700, 75000, 38850, 133000, 108500, 5310, 112000, 260000, 13650, 226000, 30100, 120500, 78700, 93200, 282000, 133500, 13750], 'buy_cnt': [1534, 722, 1125, 363, 1826, 502, 118, 1527, 13073, 271, 22309, 7699, 1798, 92778, 2107, 860, 4633, 1579, 206, 282, 7406, 37323], 'vol_cnt': [14902, 23743, 8339, 13708, 59934, 178786, 16172, 41924, 111785, 30799, 270975, 15738, 23389, 241057, 18811, 67941, 89078, 13430, 11611, 3639, 34350, 193453], 'deal_power': [344.6, 57.12, 60.68, 45.86, 83.27, 54.64, 500.0, 41.4, 135.06, 111.89, 140.49, 41.26, 118.22, 71.75, 108.03, 129.15, 181.21, 82.16, 58.5, 189.97, 108.57, 123.51]}
{'stock_no': ['000120'], 'deal_power': [201.71510000000012]}
timer600틱 끝 timer1 재시작
timer600틱 시작 timer1 중지
-----
10분에 한번씩 클럭 발생::체결강도 전송 실행시간 : 11:01:57
계좌평가잔고내역요청 전송
000120;000810;001040;002380;002790;003670;004800;004990;005380;006280;008560;009540;017670;024110;034730;035250;035420;069960;078340;097950;139480;316140;
22
{'stock_no': ['000120', '000810', '001040', '002380', '002790', '003670', '004800', '004990', '005380', '006280', '008560', '009540', '017670', '024110', '034730', '035250', '035420', '069960', '078340', '097950', '139480', '316140'], 'stock_name': ['CJ대한통운', '삼성화재', 'CJ', 'KCC', '아모레G', '포스코케미칼', '효성', '롯데지주', '현대차', '녹십자', '메리츠종금증권', '한국조선해양', 'SK텔레콤', '기업은행', 'SK', '강원랜드', 'NAVER', '현대백화점', '컴투스', 'CJ제일제당', '이마트', '우리금융지주'], 'market_in_price': [137500, 272500, 103000, 278500, 66700, 55600, 75500, 44750, 142500, 127000, 5600, 123500, 262000, 14150, 239000, 31050, 120500, 81500, 104800, 301000, 144500, 14100], 'myhave_cnt': [8, 5, 14, 4, 17, 21, 15, 33, 10, 9, 266, 12, 5, 84, 6, 48, 9, 14, 14, 4, 8, 84], 'run_price': [140000, 257000, 96600, 249000, 57900, 51800, 75100, 38850, 133500, 108500, 5320, 112500, 260500, 13650, 225500, 30100, 120500, 78700, 93200, 282500, 134000, 13750], 'sell_price': [140500, 257000, 96700, 249500, 58000, 51900, 75100, 38900, 133500, 109000, 5320, 112500, 260500, 13700, 226000, 30150, 121000, 78800, 93300, 282500, 134000, 13750], 'sell_cnt': [2397, 2336, 239, 325, 538, 1315, 530, 2491, 12999, 1347, 609, 9365, 1845, 10584, 690, 1948, 8567, 2322, 159, 142, 3949, 40547], 'buy_price': [140000, 256500, 96600, 249000, 57900, 51800, 75000, 38850, 133000, 108500, 5310, 112000, 260000, 13650, 225500, 30100, 120500, 78700, 93200, 282000, 133500, 13700], 'buy_cnt': [250, 1226, 1596, 241, 1368, 593, 400, 1242, 14034, 256, 16570, 6196, 77, 88528, 3569, 652, 5870, 49, 440, 375, 4030, 79667], 'vol_cnt': [17144, 24270, 8776, 15406, 64702, 187356, 18306, 42706, 114262, 30976, 313756, 18296, 24603, 246741, 22511, 71036, 91728, 15488, 11819, 3870, 35991, 235270], 'deal_power': [403.34, 58.93, 67.87, 45.28, 74.14, 55.74, 470.28, 40.79, 132.39, 111.3, 134.92, 36.68, 117.53, 72.43, 83.09, 129.89, 177.65, 73.37, 57.09, 190.34, 104.83, 86.6]}
{'stock_no': ['000120'], 'deal_power': [203.47130000000007]}
timer600틱 끝 timer1 재시작
timer600틱 시작 timer1 중지
-----
10분에 한번씩 클럭 발생::체결강도 전송 실행시간 : 11:11:57
계좌평가잔고내역요청 전송
000120;000810;001040;002380;002790;003670;004800;004990;005380;006280;008560;009540;017670;024110;034730;035250;035420;069960;078340;097950;139480;316140;
22
{'stock_no': ['000120', '000810', '001040', '002380', '002790', '003670', '004800', '004990', '005380', '006280', '008560', '009540', '017670', '024110', '034730', '035250', '035420', '069960', '078340', '097950', '139480', '316140'], 'stock_name': ['CJ대한통운', '삼성화재', 'CJ', 'KCC', '아모레G', '포스코케미칼', '효성', '롯데지주', '현대차', '녹십자', '메리츠종금증권', '한국조선해양', 'SK텔레콤', '기업은행', 'SK', '강원랜드', 'NAVER', '현대백화점', '컴투스', 'CJ제일제당', '이마트', '우리금융지주'], 'market_in_price': [137500, 272500, 103000, 278500, 66700, 55600, 75500, 44750, 142500, 127000, 5600, 123500, 262000, 14150, 239000, 31050, 120500, 81500, 104800, 301000, 144500, 14100], 'myhave_cnt': [8, 5, 14, 4, 17, 21, 15, 33, 10, 9, 266, 12, 5, 84, 6, 48, 9, 14, 14, 4, 8, 84], 'run_price': [140500, 257000, 96600, 248000, 57800, 51800, 75500, 38850, 133000, 108000, 5300, 112500, 260000, 13650, 226000, 30150, 120500, 78200, 93200, 282500, 134000, 13700], 'sell_price': [140500, 257000, 96700, 248500, 57900, 51900, 75500, 38900, 133500, 108500, 5300, 112500, 260000, 13700, 226000, 30200, 121000, 78300, 93300, 282500, 134000, 13750], 'sell_cnt': [3508, 2567, 103, 438, 1582, 733, 1098, 1743, 13973, 1183, 6393, 9410, 220, 32928, 816, 325, 10229, 2066, 115, 293, 6730, 24120], 'buy_price': [140000, 256500, 96600, 248000, 57800, 51800, 75400, 38850, 133000, 108000, 5290, 112000, 259500, 13650, 225500, 30150, 120500, 78200, 93200, 282000, 133500, 13700], 'buy_cnt': [396, 1305, 1221, 746, 679, 2403, 277, 2969, 12912, 2742, 7163, 4017, 1734, 82571, 3955, 1087, 5435, 1542, 381, 197, 2859, 93228], 'vol_cnt': [17767, 24742, 9842, 16737, 71651, 193822, 23775, 44446, 117759, 31555, 340180, 20672, 25272, 249765, 23238, 75334, 93149, 20661, 12128, 4318, 37682, 240715], 'deal_power': [402.29, 58.89, 67.12, 41.52, 67.06, 57.79, 500.0, 39.56, 133.92, 107.62, 131.42, 36.28, 121.06, 72.71, 84.48, 134.93, 172.07, 56.57, 58.38, 163.64, 98.34, 85.19]}
{'stock_no': ['000120'], 'deal_power': [205.1952000000001]}
timer600틱 끝 timer1 재시작
timer600틱 시작 timer1 중지
-----
10분에 한번씩 클럭 발생::체결강도 전송 실행시간 : 11:21:57
계좌평가잔고내역요청 전송
000120;000810;001040;002380;002790;003670;004800;004990;005380;006280;008560;009540;017670;024110;034730;035250;035420;069960;078340;097950;139480;316140;
22
{'stock_no': ['000120', '000810', '001040', '002380', '002790', '003670', '004800', '004990', '005380', '006280', '008560', '009540', '017670', '024110', '034730', '035250', '035420', '069960', '078340', '097950', '139480', '316140'], 'stock_name': ['CJ대한통운', '삼성화재', 'CJ', 'KCC', '아모레G', '포스코케미칼', '효성', '롯데지주', '현대차', '녹십자', '메리츠종금증권', '한국조선해양', 'SK텔레콤', '기업은행', 'SK', '강원랜드', 'NAVER', '현대백화점', '컴투스', 'CJ제일제당', '이마트', '우리금융지주'], 'market_in_price': [137500, 272500, 103000, 278500, 66700, 55600, 75500, 44750, 142500, 127000, 5600, 123500, 262000, 14150, 239000, 31050, 120500, 81500, 104800, 301000, 144500, 14100], 'myhave_cnt': [8, 5, 14, 4, 17, 21, 15, 33, 10, 9, 266, 12, 5, 84, 6, 48, 9, 14, 14, 4, 8, 84], 'run_price': [140500, 257000, 96800, 247500, 58000, 51800, 75800, 38900, 133000, 107500, 5280, 111500, 260000, 13700, 226000, 30300, 121000, 78200, 93400, 282000, 133500, 13700], 'sell_price': [140500, 257000, 96800, 247500, 58000, 51900, 75800, 38900, 133500, 108000, 5290, 112000, 260000, 13700, 226000, 30300, 121000, 78300, 93400, 282500, 133500, 13750], 'sell_cnt': [2771, 2656, 91, 89, 1490, 647, 80, 1503, 11129, 355, 454, 6403, 1024, 30051, 949, 536, 11565, 2434, 12, 213, 1258, 20518], 'buy_price': [140000, 256500, 96700, 247000, 57800, 51800, 75700, 38850, 133000, 107500, 5280, 111500, 259500, 13650, 225500, 30250, 120500, 78200, 93300, 282000, 133000, 13700], 'buy_cnt': [1129, 1717, 506, 582, 1443, 1809, 173, 3391, 13699, 1973, 9237, 7255, 1608, 79506, 6821, 1208, 5756, 821, 71, 245, 12526, 103165], 'vol_cnt': [18527, 25143, 9962, 18700, 76839, 201688, 30660, 46327, 121745, 34401, 372986, 26669, 25890, 253416, 23842, 80301, 94554, 21888, 12502, 4521, 42690, 248751], 'deal_power': [417.71, 59.27, 68.9, 41.64, 69.35, 60.11, 500.0, 40.47, 135.41, 91.11, 129.06, 32.44, 124.28, 72.64, 86.18, 145.28, 169.33, 54.94, 59.05, 166.34, 87.22, 88.52]}
{'stock_no': ['000120'], 'deal_power': [207.2846000000001]}
timer600틱 끝 timer1 재시작
timer600틱 시작 timer1 중지
-----
10분에 한번씩 클럭 발생::체결강도 전송 실행시간 : 11:31:57
계좌평가잔고내역요청 전송
000120;000810;001040;002380;002790;003670;004800;004990;005380;006280;008560;009540;017670;024110;034730;035250;035420;069960;078340;097950;139480;316140;
22
{'stock_no': ['000120', '000810', '001040', '002380', '002790', '003670', '004800', '004990', '005380', '006280', '008560', '009540', '017670', '024110', '034730', '035250', '035420', '069960', '078340', '097950', '139480', '316140'], 'stock_name': ['CJ대한통운', '삼성화재', 'CJ', 'KCC', '아모레G', '포스코케미칼', '효성', '롯데지주', '현대차', '녹십자', '메리츠종금증권', '한국조선해양', 'SK텔레콤', '기업은행', 'SK', '강원랜드', 'NAVER', '현대백화점', '컴투스', 'CJ제일제당', '이마트', '우리금융지주'], 'market_in_price': [137500, 272500, 103000, 278500, 66700, 55600, 75500, 44750, 142500, 127000, 5600, 123500, 262000, 14150, 239000, 31050, 120500, 81500, 104800, 301000, 144500, 14100], 'myhave_cnt': [8, 5, 14, 4, 17, 21, 15, 33, 10, 9, 266, 12, 5, 84, 6, 48, 9, 14, 14, 4, 8, 84], 'run_price': [140500, 256000, 96700, 245500, 57900, 51600, 75800, 38850, 133000, 108000, 5300, 111500, 260000, 13700, 226000, 30350, 121000, 78200, 93200, 282500, 133500, 13750], 'sell_price': [140500, 256500, 96800, 245500, 58000, 51700, 75900, 38900, 133500, 108000, 5300, 112000, 260000, 13700, 226000, 30350, 121000, 78300, 93300, 282500, 133500, 13750], 'sell_cnt': [2665, 1093, 197, 109, 1696, 1835, 354, 3972, 5597, 986, 18478, 5939, 667, 28512, 1251, 2167, 11742, 1638, 79, 118, 2917, 22386], 'buy_price': [140000, 256000, 96700, 245000, 57800, 51600, 75800, 38850, 133000, 107500, 5290, 111500, 259500, 13650, 225500, 30300, 120500, 78200, 93200, 282000, 133000, 13700], 'buy_cnt': [1594, 2386, 469, 222, 1711, 4474, 241, 3352, 18090, 1779, 3002, 6874, 2122, 83811, 3868, 86, 5331, 632, 205, 312, 13335, 101913], 'vol_cnt': [19104, 27819, 10098, 22000, 79269, 211345, 33412, 47242, 127421, 34845, 396605, 29419, 26641, 257577, 24730, 89422, 96271, 23336, 12761, 4718, 44014, 249789], 'deal_power': [423.38, 56.1, 70.93, 36.4, 68.54, 59.19, 500.0, 40.56, 138.54, 91.19, 131.54, 35.29, 129.72, 72.69, 89.11, 153.8, 165.96, 56.45, 57.66, 169.3, 89.31, 88.17]}
{'stock_no': ['000120'], 'deal_power': [209.4210000000001]}
timer600틱 끝 timer1 재시작
timer600틱 시작 timer1 중지
-----
10분에 한번씩 클럭 발생::체결강도 전송 실행시간 : 11:41:57
계좌평가잔고내역요청 전송
000120;000810;001040;002380;002790;003670;004800;004990;005380;006280;008560;009540;017670;024110;034730;035250;035420;069960;078340;097950;139480;316140;
22
{'stock_no': ['000120', '000810', '001040', '002380', '002790', '003670', '004800', '004990', '005380', '006280', '008560', '009540', '017670', '024110', '034730', '035250', '035420', '069960', '078340', '097950', '139480', '316140'], 'stock_name': ['CJ대한통운', '삼성화재', 'CJ', 'KCC', '아모레G', '포스코케미칼', '효성', '롯데지주', '현대차', '녹십자', '메리츠종금증권', '한국조선해양', 'SK텔레콤', '기업은행', 'SK', '강원랜드', 'NAVER', '현대백화점', '컴투스', 'CJ제일제당', '이마트', '우리금융지주'], 'market_in_price': [137500, 272500, 103000, 278500, 66700, 55600, 75500, 44750, 142500, 127000, 5600, 123500, 262000, 14150, 239000, 31050, 120500, 81500, 104800, 301000, 144500, 14100], 'myhave_cnt': [8, 5, 14, 4, 17, 21, 15, 33, 10, 9, 266, 12, 5, 84, 6, 48, 9, 14, 14, 4, 8, 84], 'run_price': [140500, 257500, 96900, 246500, 58300, 51700, 76300, 38800, 134000, 108000, 5300, 112000, 261000, 13650, 226500, 30500, 120500, 78100, 93400, 283000, 133500, 13750], 'sell_price': [140500, 257500, 96900, 246500, 58300, 51800, 76300, 38850, 134000, 108000, 5300, 112000, 261000, 13700, 226500, 30550, 121000, 78200, 93500, 283000, 133500, 13750], 'sell_cnt': [2546, 810, 429, 81, 342, 262, 31, 325, 34590, 321, 26846, 6056, 4278, 6571, 4738, 1681, 12991, 1806, 1, 132, 884, 43885], 'buy_price': [140000, 257000, 96800, 246000, 58200, 51700, 76100, 38800, 133500, 107500, 5290, 111500, 260500, 13650, 226000, 30500, 120500, 78100, 93400, 282500, 133000, 13700], 'buy_cnt': [1888, 288, 431, 176, 177, 1341, 49, 2298, 3217, 2380, 7531, 6489, 1088, 80957, 621, 119, 6393, 1978, 10, 178, 17127, 109022], 'vol_cnt': [19815, 31757, 10268, 22985, 84836, 218499, 38066, 55464, 138110, 35777, 415543, 31365, 29570, 275914, 26423, 102423, 98604, 24755, 13052, 5012, 47147, 254342], 'deal_power': [432.34, 55.67, 73.55, 39.56, 77.85, 61.3, 500.0, 43.25, 146.98, 95.84, 134.05, 38.27, 143.65, 82.29, 97.85, 164.02, 159.91, 53.82, 58.47, 176.16, 99.91, 87.12]}
{'stock_no': ['000120'], 'deal_power': [211.64620000000005]}
timer600틱 끝 timer1 재시작
timer600틱 시작 timer1 중지
-----
10분에 한번씩 클럭 발생::체결강도 전송 실행시간 : 11:51:57
계좌평가잔고내역요청 전송
000120;000810;001040;002380;002790;003670;004800;004990;005380;006280;008560;009540;017670;024110;034730;035250;035420;069960;078340;097950;139480;316140;
22
{'stock_no': ['000120', '000810', '001040', '002380', '002790', '003670', '004800', '004990', '005380', '006280', '008560', '009540', '017670', '024110', '034730', '035250', '035420', '069960', '078340', '097950', '139480', '316140'], 'stock_name': ['CJ대한통운', '삼성화재', 'CJ', 'KCC', '아모레G', '포스코케미칼', '효성', '롯데지주', '현대차', '녹십자', '메리츠종금증권', '한국조선해양', 'SK텔레콤', '기업은행', 'SK', '강원랜드', 'NAVER', '현대백화점', '컴투스', 'CJ제일제당', '이마트', '우리금융지주'], 'market_in_price': [137500, 272500, 103000, 278500, 66700, 55600, 75500, 44750, 142500, 127000, 5600, 123500, 262000, 14150, 239000, 31050, 120500, 81500, 104800, 301000, 144500, 14100], 'myhave_cnt': [8, 5, 14, 4, 17, 21, 15, 33, 10, 9, 266, 12, 5, 84, 6, 48, 9, 14, 14, 4, 8, 84], 'run_price': [140500, 257500, 97000, 246000, 57900, 51700, 76300, 38800, 133500, 107500, 5300, 111500, 261000, 13700, 226500, 30450, 120500, 78100, 93500, 284000, 133000, 13750], 'sell_price': [140500, 257500, 97000, 246000, 58000, 51800, 76300, 38850, 134000, 108000, 5300, 112000, 261000, 13700, 226500, 30500, 120500, 78200, 93600, 284000, 133500, 13750], 'sell_cnt': [1901, 65, 261, 113, 1280, 449, 20, 872, 34349, 439, 23583, 4229, 3576, 7856, 4112, 19649, 3073, 1688, 72, 173, 1294, 25311], 'buy_price': [140000, 257000, 96900, 245500, 57900, 51700, 76200, 38800, 133500, 107500, 5290, 111500, 260500, 13650, 226000, 30450, 120000, 78100, 93500, 283500, 133000, 13700], 'buy_cnt': [2425, 676, 475, 274, 35, 248, 73, 4077, 2728, 2939, 8188, 10439, 929, 83795, 2110, 552, 3471, 889, 131, 186, 17262, 116619], 'vol_cnt': [20765, 32377, 10747, 23707, 89966, 225844, 39688, 56222, 141737, 35931, 430257, 34584, 30429, 280606, 27013, 107778, 107097, 26567, 13134, 5310, 47732, 261986], 'deal_power': [431.85, 58.1, 80.31, 39.68, 73.14, 62.53, 500.0, 43.77, 141.25, 96.2, 138.27, 46.84, 147.23, 83.6, 99.07, 156.7, 131.86, 51.92, 58.56, 183.06, 100.13, 90.66]}
{'stock_no': ['000120'], 'deal_power': [213.92870000000005]}
timer600틱 끝 timer1 재시작
timer600틱 시작 timer1 중지
-----
10분에 한번씩 클럭 발생::체결강도 전송 실행시간 : 12:01:57
계좌평가잔고내역요청 전송
000120;000810;001040;002380;002790;003670;004800;004990;005380;006280;008560;009540;017670;024110;034730;035250;035420;069960;078340;097950;139480;316140;
22
{'stock_no': ['000120', '000810', '001040', '002380', '002790', '003670', '004800', '004990', '005380', '006280', '008560', '009540', '017670', '024110', '034730', '035250', '035420', '069960', '078340', '097950', '139480', '316140'], 'stock_name': ['CJ대한통운', '삼성화재', 'CJ', 'KCC', '아모레G', '포스코케미칼', '효성', '롯데지주', '현대차', '녹십자', '메리츠종금증권', '한국조선해양', 'SK텔레콤', '기업은행', 'SK', '강원랜드', 'NAVER', '현대백화점', '컴투스', 'CJ제일제당', '이마트', '우리금융지주'], 'market_in_price': [137500, 272500, 103000, 278500, 66700, 55600, 75500, 44750, 142500, 127000, 5600, 123500, 262000, 14150, 239000, 31050, 120500, 81500, 104800, 301000, 144500, 14100], 'myhave_cnt': [8, 5, 14, 4, 17, 21, 15, 33, 10, 9, 266, 12, 5, 84, 6, 48, 9, 14, 14, 4, 8, 84], 'run_price': [140500, 257500, 97000, 245500, 58100, 51600, 76200, 38850, 134000, 108000, 5300, 112000, 261000, 13700, 226500, 30400, 120000, 78100, 93500, 284500, 133000, 13750], 'sell_price': [140500, 257500, 97000, 246000, 58100, 51700, 76300, 38900, 134000, 108000, 5300, 112000, 261000, 13700, 226500, 30450, 120500, 78200, 93600, 285000, 133500, 13750], 'sell_cnt': [293, 42, 289, 140, 1174, 629, 914, 1801, 34005, 1208, 18416, 5634, 3275, 7499, 3935, 1091, 2809, 1454, 71, 54, 2212, 33921], 'buy_price': [140000, 257000, 96900, 245500, 57900, 51600, 76200, 38850, 133500, 107500, 5290, 111500, 260500, 13650, 226000, 30400, 120000, 78100, 93400, 284500, 133000, 13700], 'buy_cnt': [2189, 838, 675, 268, 1128, 6571, 109, 1640, 1925, 2916, 12482, 9881, 970, 82514, 2410, 1945, 4973, 914, 39, 694, 17228, 117406], 'vol_cnt': [23309, 32718, 10799, 24706, 94970, 233480, 41661, 57756, 145553, 36112, 445860, 35783, 31208, 285428, 27596, 119610, 109143, 27738, 13362, 5964, 48554, 262984], 'deal_power': [487.46, 59.31, 80.15, 39.5, 73.04, 62.39, 500.0, 46.58, 135.48, 96.67, 142.26, 47.85, 151.72, 84.7, 99.94, 157.13, 131.68, 50.52, 57.84, 193.14, 100.05, 90.85]}
{'stock_no': ['000120'], 'deal_power': [216.92520000000007]}
timer600틱 끝 timer1 재시작
timer600틱 시작 timer1 중지
-----
10분에 한번씩 클럭 발생::체결강도 전송 실행시간 : 12:11:57
계좌평가잔고내역요청 전송
000120;000810;001040;002380;002790;003670;004800;004990;005380;006280;008560;009540;017670;024110;034730;035250;035420;069960;078340;097950;139480;316140;
22
{'stock_no': ['000120', '000810', '001040', '002380', '002790', '003670', '004800', '004990', '005380', '006280', '008560', '009540', '017670', '024110', '034730', '035250', '035420', '069960', '078340', '097950', '139480', '316140'], 'stock_name': ['CJ대한통운', '삼성화재', 'CJ', 'KCC', '아모레G', '포스코케미칼', '효성', '롯데지주', '현대차', '녹십자', '메리츠종금증권', '한국조선해양', 'SK텔레콤', '기업은행', 'SK', '강원랜드', 'NAVER', '현대백화점', '컴투스', 'CJ제일제당', '이마트', '우리금융지주'], 'market_in_price': [137500, 272500, 103000, 278500, 66700, 55600, 75500, 44750, 142500, 127000, 5600, 123500, 262000, 14150, 239000, 31050, 120500, 81500, 104800, 301000, 144500, 14100], 'myhave_cnt': [8, 5, 14, 4, 17, 21, 15, 33, 10, 9, 266, 12, 5, 84, 6, 48, 9, 14, 14, 4, 8, 84], 'run_price': [140500, 257500, 96800, 246000, 58000, 51700, 76200, 38850, 133000, 108000, 5290, 111500, 261500, 13700, 226500, 30400, 120000, 78500, 93500, 285000, 133000, 13750], 'sell_price': [140500, 257500, 96900, 246000, 58000, 51800, 76200, 38900, 133500, 108000, 5290, 112000, 261500, 13700, 226500, 30450, 120500, 78600, 93500, 285000, 133500, 13750], 'sell_cnt': [769, 198, 541, 6, 1517, 936, 247, 2133, 8628, 1169, 8815, 7815, 4001, 11705, 3893, 383, 8526, 304, 13, 269, 3522, 34376], 'buy_price': [140000, 257000, 96800, 245500, 57900, 51700, 76100, 38850, 133000, 107500, 5280, 111500, 261000, 13650, 226000, 30400, 120000, 78500, 93400, 284500, 133000, 13700], 'buy_cnt': [2419, 1102, 25, 278, 159, 449, 197, 2102, 9441, 2846, 920, 8161, 1073, 77381, 2481, 3557, 4330, 10, 22, 645, 17100, 105852], 'vol_cnt': [24364, 32932, 11465, 25401, 95897, 239342, 43156, 58306, 151056, 36338, 472372, 37750, 34908, 291571, 28174, 123532, 117327, 29989, 13412, 6844, 49134, 266487], 'deal_power': [488.84, 60.09, 74.64, 40.25, 72.38, 64.31, 500.0, 46.93, 127.67, 97.19, 137.61, 46.65, 180.75, 84.82, 100.95, 161.64, 126.16, 54.81, 57.76, 203.33, 100.65, 89.46]}
{'stock_no': ['000120'], 'deal_power': [219.90410000000003]}
timer600틱 끝 timer1 재시작
timer600틱 시작 timer1 중지
-----
10분에 한번씩 클럭 발생::체결강도 전송 실행시간 : 12:21:57
계좌평가잔고내역요청 전송
000120;000810;001040;002380;002790;003670;004800;004990;005380;006280;008560;009540;017670;024110;034730;035250;035420;069960;078340;097950;139480;316140;
22
{'stock_no': ['000120', '000810', '001040', '002380', '002790', '003670', '004800', '004990', '005380', '006280', '008560', '009540', '017670', '024110', '034730', '035250', '035420', '069960', '078340', '097950', '139480', '316140'], 'stock_name': ['CJ대한통운', '삼성화재', 'CJ', 'KCC', '아모레G', '포스코케미칼', '효성', '롯데지주', '현대차', '녹십자', '메리츠종금증권', '한국조선해양', 'SK텔레콤', '기업은행', 'SK', '강원랜드', 'NAVER', '현대백화점', '컴투스', 'CJ제일제당', '이마트', '우리금융지주'], 'market_in_price': [137500, 272500, 103000, 278500, 66700, 55600, 75500, 44750, 142500, 127000, 5600, 123500, 262000, 14150, 239000, 31050, 120500, 81500, 104800, 301000, 144500, 14100], 'myhave_cnt': [8, 5, 14, 4, 17, 21, 15, 33, 10, 9, 266, 12, 5, 84, 6, 48, 9, 14, 14, 4, 8, 84], 'run_price': [140500, 257500, 96700, 245500, 57900, 51600, 76300, 38850, 133000, 107500, 5290, 111500, 261500, 13650, 226500, 30450, 120000, 78500, 93400, 285000, 133000, 13700], 'sell_price': [140500, 257500, 96800, 246000, 58000, 51700, 76400, 38900, 133500, 108000, 5290, 112000, 261500, 13700, 226500, 30450, 120500, 78500, 93500, 285500, 133500, 13750], 'sell_cnt': [869, 1672, 302, 103, 1709, 767, 989, 2482, 11722, 1712, 5433, 10099, 1925, 14518, 3922, 6198, 10012, 137, 9, 239, 6538, 35642], 'buy_price': [140000, 257000, 96700, 245500, 57900, 51600, 76300, 38850, 133000, 107500, 5280, 111500, 261000, 13650, 226000, 30400, 120000, 78400, 93300, 285000, 133000, 13700], 'buy_cnt': [2042, 544, 556, 150, 206, 6706, 1, 540, 4982, 2700, 1076, 5799, 5033, 97804, 2654, 4091, 6400, 196, 53, 367, 16281, 118390], 'vol_cnt': [25218, 33812, 11520, 26118, 97530, 243385, 44849, 60286, 156268, 36526, 487759, 40008, 36981, 295404, 28740, 126272, 118250, 30603, 13467, 7494, 49461, 268932], 'deal_power': [475.27, 59.2, 74.02, 40.03, 70.61, 64.92, 500.0, 45.29, 120.64, 97.75, 139.58, 43.81, 189.45, 86.11, 101.83, 165.87, 124.45, 55.21, 57.62, 216.92, 99.81, 89.06]}
{'stock_no': ['000120'], 'deal_power': [222.6991]}
timer600틱 끝 timer1 재시작
timer600틱 시작 timer1 중지
-----
10분에 한번씩 클럭 발생::체결강도 전송 실행시간 : 12:31:57
계좌평가잔고내역요청 전송
000120;000810;001040;002380;002790;003670;004800;004990;005380;006280;008560;009540;017670;024110;034730;035250;035420;069960;078340;097950;139480;316140;
22
{'stock_no': ['000120', '000810', '001040', '002380', '002790', '003670', '004800', '004990', '005380', '006280', '008560', '009540', '017670', '024110', '034730', '035250', '035420', '069960', '078340', '097950', '139480', '316140'], 'stock_name': ['CJ대한통운', '삼성화재', 'CJ', 'KCC', '아모레G', '포스코케미칼', '효성', '롯데지주', '현대차', '녹십자', '메리츠종금증권', '한국조선해양', 'SK텔레콤', '기업은행', 'SK', '강원랜드', 'NAVER', '현대백화점', '컴투스', 'CJ제일제당', '이마트', '우리금융지주'], 'market_in_price': [137500, 272500, 103000, 278500, 66700, 55600, 75500, 44750, 142500, 127000, 5600, 123500, 262000, 14150, 239000, 31050, 120500, 81500, 104800, 301000, 144500, 14100], 'myhave_cnt': [8, 5, 14, 4, 17, 21, 15, 33, 10, 9, 266, 12, 5, 84, 6, 48, 9, 14, 14, 4, 8, 84], 'run_price': [140500, 256500, 96700, 245500, 57900, 51800, 76300, 38800, 133000, 108000, 5290, 111500, 261500, 13700, 226500, 30400, 120000, 78400, 93600, 285500, 132000, 13750], 'sell_price': [140500, 257000, 96800, 245500, 58000, 51800, 76300, 38850, 133000, 108000, 5290, 112000, 261500, 13700, 226500, 30450, 120500, 78500, 93700, 285500, 132500, 13750], 'sell_cnt': [1440, 1865, 318, 36, 2159, 18, 3, 1551, 3856, 2040, 6724, 10519, 4435, 14529, 3449, 3913, 801, 147, 253, 116, 2743, 35314], 'buy_price': [140000, 256500, 96700, 245000, 57900, 51700, 76200, 38800, 132500, 107500, 5280, 111500, 261000, 13650, 226000, 30400, 120000, 78400, 93600, 285000, 132000, 13700], 'buy_cnt': [2181, 530, 599, 715, 416, 1907, 101, 4346, 10252, 434, 1854, 6301, 2814, 97264, 2409, 6970, 8533, 269, 42, 441, 1696, 117926], 'vol_cnt': [25731, 34792, 11559, 26662, 98164, 248038, 46465, 61510, 165337, 44456, 503850, 41480, 37883, 300956, 29540, 131396, 129784, 31143, 13735, 7732, 75187, 271407], 'deal_power': [486.28, 58.64, 73.95, 39.96, 69.96, 66.42, 500.0, 44.99, 108.95, 72.95, 142.46, 43.26, 195.51, 86.69, 104.35, 170.53, 141.15, 55.35, 59.02, 214.44, 49.79, 89.12]}
{'stock_no': ['000120'], 'deal_power': [225.59709999999995]}
timer600틱 끝 timer1 재시작
timer600틱 시작 timer1 중지
-----
10분에 한번씩 클럭 발생::체결강도 전송 실행시간 : 12:41:57
계좌평가잔고내역요청 전송
000120;000810;001040;002380;002790;003670;004800;004990;005380;006280;008560;009540;017670;024110;034730;035250;035420;069960;078340;097950;139480;316140;
22
{'stock_no': ['000120', '000810', '001040', '002380', '002790', '003670', '004800', '004990', '005380', '006280', '008560', '009540', '017670', '024110', '034730', '035250', '035420', '069960', '078340', '097950', '139480', '316140'], 'stock_name': ['CJ대한통운', '삼성화재', 'CJ', 'KCC', '아모레G', '포스코케미칼', '효성', '롯데지주', '현대차', '녹십자', '메리츠종금증권', '한국조선해양', 'SK텔레콤', '기업은행', 'SK', '강원랜드', 'NAVER', '현대백화점', '컴투스', 'CJ제일제당', '이마트', '우리금융지주'], 'market_in_price': [137500, 272500, 103000, 278500, 66700, 55600, 75500, 44750, 142500, 127000, 5600, 123500, 262000, 14150, 239000, 31050, 120500, 81500, 104800, 301000, 144500, 14100], 'myhave_cnt': [8, 5, 14, 4, 17, 21, 15, 33, 10, 9, 266, 12, 5, 84, 6, 48, 9, 14, 14, 4, 8, 84], 'run_price': [140500, 257000, 96700, 245500, 57800, 51700, 76200, 38800, 132500, 108000, 5290, 112000, 261500, 13700, 226000, 30350, 120000, 78400, 94200, 285000, 132500, 13750], 'sell_price': [140500, 257000, 96800, 245500, 57900, 51800, 76300, 38850, 133000, 108000, 5290, 112000, 261500, 13700, 226500, 30350, 120500, 78500, 94300, 285500, 133000, 13750], 'sell_cnt': [2629, 2439, 463, 28, 200, 551, 194, 3287, 4735, 2118, 3176, 10672, 2257, 14564, 3382, 1578, 2531, 238, 6, 370, 5126, 38876], 'buy_price': [140000, 256500, 96700, 245000, 57800, 51700, 76200, 38800, 132500, 107500, 5280, 111500, 261000, 13650, 226000, 30300, 120000, 78400, 94100, 285000, 132500, 13700], 'buy_cnt': [2443, 237, 579, 552, 1432, 1902, 21, 1144, 8254, 334, 1640, 6409, 3227, 107676, 1658, 164, 6656, 135, 11, 634, 806, 116602], 'vol_cnt': [26229, 35388, 11648, 27499, 100090, 251967, 47968, 64380, 168472, 44772, 521722, 43188, 38769, 305510, 30749, 149348, 134329, 31877, 19038, 8036, 79282, 275540], 'deal_power': [496.65, 58.14, 74.25, 41.26, 68.66, 67.06, 490.26, 42.65, 106.41, 72.64, 144.49, 42.48, 199.55, 87.01, 104.27, 147.63, 132.51, 56.18, 97.78, 216.41, 52.15, 89.23]}
{'stock_no': ['000120', '004800'], 'deal_power': [228.58889999999997, 190.6736]}
timer600틱 끝 timer1 재시작
timer600틱 시작 timer1 중지
-----
10분에 한번씩 클럭 발생::체결강도 전송 실행시간 : 12:51:57
계좌평가잔고내역요청 전송
000120;000810;001040;002380;002790;003670;004800;004990;005380;006280;008560;009540;017670;024110;034730;035250;035420;069960;078340;097950;139480;316140;
22
{'stock_no': ['000120', '000810', '001040', '002380', '002790', '003670', '004800', '004990', '005380', '006280', '008560', '009540', '017670', '024110', '034730', '035250', '035420', '069960', '078340', '097950', '139480', '316140'], 'stock_name': ['CJ대한통운', '삼성화재', 'CJ', 'KCC', '아모레G', '포스코케미칼', '효성', '롯데지주', '현대차', '녹십자', '메리츠종금증권', '한국조선해양', 'SK텔레콤', '기업은행', 'SK', '강원랜드', 'NAVER', '현대백화점', '컴투스', 'CJ제일제당', '이마트', '우리금융지주'], 'market_in_price': [137500, 272500, 103000, 278500, 66700, 55600, 75500, 44750, 142500, 127000, 5600, 123500, 262000, 14150, 239000, 31050, 120500, 81500, 104800, 301000, 144500, 14100], 'myhave_cnt': [8, 5, 14, 4, 17, 21, 15, 33, 10, 9, 266, 12, 5, 84, 6, 48, 9, 14, 14, 4, 8, 84], 'run_price': [140500, 256500, 96600, 245500, 57800, 51700, 76200, 38800, 132500, 107000, 5300, 111000, 261000, 13650, 226000, 30450, 120000, 78500, 93800, 285500, 132500, 13750], 'sell_price': [140500, 257000, 96700, 246000, 57900, 51800, 76200, 38850, 133000, 107500, 5300, 111500, 261000, 13700, 226500, 30450, 120500, 78500, 93900, 285500, 132500, 13750], 'sell_cnt': [2876, 1574, 410, 41, 902, 193, 519, 1913, 4534, 1029, 36499, 7123, 2810, 13935, 4169, 3871, 3080, 128, 40, 288, 15, 38500], 'buy_price': [140000, 256500, 96600, 245500, 57800, 51700, 76100, 38800, 132500, 107000, 5290, 111000, 260500, 13650, 226000, 30400, 120000, 78400, 93800, 285000, 132000, 13700], 'buy_cnt': [2763, 431, 949, 241, 1353, 2361, 203, 1180, 7851, 1881, 3002, 7474, 2122, 109449, 1143, 1147, 8070, 131, 81, 810, 7572, 115441], 'vol_cnt': [26816, 35627, 13044, 28069, 100586, 256141, 49619, 68940, 172395, 46695, 535498, 51753, 40399, 309539, 32366, 152191, 135629, 32481, 19482, 8244, 81894, 278250], 'deal_power': [500.0, 58.32, 67.01, 41.48, 68.71, 67.98, 481.24, 46.0, 104.08, 74.0, 147.31, 34.63, 190.04, 87.44, 98.96, 150.99, 132.97, 56.28, 94.36, 217.37, 51.78, 89.65]}
{'stock_no': ['000120', '004800'], 'deal_power': [231.5939, 194.79790000000006]}
timer600틱 끝 timer1 재시작
timer600틱 시작 timer1 중지
-----
10분에 한번씩 클럭 발생::체결강도 전송 실행시간 : 13:01:57
계좌평가잔고내역요청 전송
000120;000810;001040;002380;002790;003670;004800;004990;005380;006280;008560;009540;017670;024110;034730;035250;035420;069960;078340;097950;139480;316140;
22
{'stock_no': ['000120', '000810', '001040', '002380', '002790', '003670', '004800', '004990', '005380', '006280', '008560', '009540', '017670', '024110', '034730', '035250', '035420', '069960', '078340', '097950', '139480', '316140'], 'stock_name': ['CJ대한통운', '삼성화재', 'CJ', 'KCC', '아모레G', '포스코케미칼', '효성', '롯데지주', '현대차', '녹십자', '메리츠종금증권', '한국조선해양', 'SK텔레콤', '기업은행', 'SK', '강원랜드', 'NAVER', '현대백화점', '컴투스', 'CJ제일제당', '이마트', '우리금융지주'], 'market_in_price': [137500, 272500, 103000, 278500, 66700, 55600, 75500, 44750, 142500, 127000, 5600, 123500, 262000, 14150, 239000, 31050, 120500, 81500, 104800, 301000, 144500, 14100], 'myhave_cnt': [8, 5, 14, 4, 17, 21, 15, 33, 10, 9, 266, 12, 5, 84, 6, 48, 9, 14, 14, 4, 8, 84], 'run_price': [140500, 256500, 96700, 245500, 57800, 51700, 76100, 38800, 132500, 107500, 5280, 110500, 261000, 13650, 226500, 30450, 120000, 78300, 93800, 285500, 132000, 13700], 'sell_price': [140500, 257000, 96700, 246000, 57900, 51800, 76100, 38850, 133000, 107500, 5280, 110500, 261000, 13700, 226500, 30450, 120500, 78400, 93800, 285500, 132500, 13750], 'sell_cnt': [2852, 1642, 445, 265, 3075, 483, 245, 1093, 3801, 1132, 9861, 4394, 3585, 11872, 3565, 10547, 12228, 147, 5, 249, 3737, 38698], 'buy_price': [140000, 256500, 96600, 245500, 57800, 51700, 76000, 38800, 132500, 107000, 5270, 110000, 260500, 13650, 226000, 30400, 120000, 78300, 93700, 285000, 132000, 13700], 'buy_cnt': [2360, 776, 417, 224, 1534, 3365, 169, 1056, 10390, 1563, 5653, 6052, 1931, 110234, 691, 1291, 8391, 341, 82, 853, 7763, 118826], 'vol_cnt': [28075, 35963, 13646, 28732, 101062, 260966, 51291, 73141, 176010, 47396, 565458, 67736, 43812, 313809, 33750, 157670, 137086, 33058, 19708, 8854, 82822, 280836], 'deal_power': [483.43, 58.75, 62.82, 41.28, 68.4, 68.11, 456.28, 46.21, 102.36, 72.78, 140.86, 26.8, 173.41, 89.27, 95.17, 147.82, 131.69, 56.65, 94.03, 234.9, 52.6, 89.2]}
{'stock_no': ['000120', '004800'], 'deal_power': [234.4159, 198.70160000000007]}
timer600틱 끝 timer1 재시작
timer600틱 시작 timer1 중지
-----
10분에 한번씩 클럭 발생::체결강도 전송 실행시간 : 13:11:57
계좌평가잔고내역요청 전송
000120;000810;001040;002380;002790;003670;004800;004990;005380;006280;008560;009540;017670;024110;034730;035250;035420;069960;078340;097950;139480;316140;
22
{'stock_no': ['000120', '000810', '001040', '002380', '002790', '003670', '004800', '004990', '005380', '006280', '008560', '009540', '017670', '024110', '034730', '035250', '035420', '069960', '078340', '097950', '139480', '316140'], 'stock_name': ['CJ대한통운', '삼성화재', 'CJ', 'KCC', '아모레G', '포스코케미칼', '효성', '롯데지주', '현대차', '녹십자', '메리츠종금증권', '한국조선해양', 'SK텔레콤', '기업은행', 'SK', '강원랜드', 'NAVER', '현대백화점', '컴투스', 'CJ제일제당', '이마트', '우리금융지주'], 'market_in_price': [137500, 272500, 103000, 278500, 66700, 55600, 75500, 44750, 142500, 127000, 5600, 123500, 262000, 14150, 239000, 31050, 120500, 81500, 104800, 301000, 144500, 14100], 'myhave_cnt': [8, 5, 14, 4, 17, 21, 15, 33, 10, 9, 266, 12, 5, 84, 6, 48, 9, 14, 14, 4, 8, 84], 'run_price': [140500, 257000, 96800, 245000, 57900, 51900, 76200, 38800, 132500, 107000, 5260, 110500, 260500, 13650, 226000, 30500, 120000, 78300, 94000, 285500, 132500, 13700], 'sell_price': [140500, 257000, 96800, 245500, 57900, 51900, 76200, 38850, 133000, 107500, 5260, 110500, 261000, 13700, 226500, 30500, 120500, 78400, 94100, 285500, 132500, 13750], 'sell_cnt': [5510, 741, 341, 549, 1110, 496, 714, 2350, 2944, 2612, 9347, 3940, 3350, 18295, 3683, 676, 13191, 192, 13, 577, 5351, 38515], 'buy_price': [140000, 256500, 96600, 245000, 57800, 51800, 76100, 38800, 132500, 107000, 5250, 110000, 260500, 13650, 226000, 30450, 120000, 78300, 94000, 285000, 132000, 13700], 'buy_cnt': [2414, 1224, 701, 212, 309, 643, 244, 502, 9520, 610, 4518, 7569, 1004, 107280, 560, 1103, 6497, 93, 38, 820, 8313, 116549], 'vol_cnt': [28837, 37411, 14631, 29869, 109120, 264245, 52815, 74445, 181632, 49395, 592377, 71540, 44723, 320046, 34793, 175568, 139537, 33841, 19970, 9264, 83929, 286553], 'deal_power': [471.26, 64.8, 70.54, 40.65, 64.06, 68.72, 456.63, 45.49, 102.96, 68.49, 135.87, 29.32, 177.32, 88.44, 93.35, 162.32, 127.63, 56.5, 93.56, 233.49, 53.01, 88.48]}
{'stock_no': ['000120', '004800'], 'deal_power': [237.34750000000003, 202.52430000000007]}
timer600틱 끝 timer1 재시작
timer600틱 시작 timer1 중지
-----
10분에 한번씩 클럭 발생::체결강도 전송 실행시간 : 13:21:57
계좌평가잔고내역요청 전송
000120;000810;001040;002380;002790;003670;004800;004990;005380;006280;008560;009540;017670;024110;034730;035250;035420;069960;078340;097950;139480;316140;
22
{'stock_no': ['000120', '000810', '001040', '002380', '002790', '003670', '004800', '004990', '005380', '006280', '008560', '009540', '017670', '024110', '034730', '035250', '035420', '069960', '078340', '097950', '139480', '316140'], 'stock_name': ['CJ대한통운', '삼성화재', 'CJ', 'KCC', '아모레G', '포스코케미칼', '효성', '롯데지주', '현대차', '녹십자', '메리츠종금증권', '한국조선해양', 'SK텔레콤', '기업은행', 'SK', '강원랜드', 'NAVER', '현대백화점', '컴투스', 'CJ제일제당', '이마트', '우리금융지주'], 'market_in_price': [137500, 272500, 103000, 278500, 66700, 55600, 75500, 44750, 142500, 127000, 5600, 123500, 262000, 14150, 239000, 31050, 120500, 81500, 104800, 301000, 144500, 14100], 'myhave_cnt': [8, 5, 14, 4, 17, 21, 15, 33, 10, 9, 266, 12, 5, 84, 6, 48, 9, 14, 14, 4, 8, 84], 'run_price': [140500, 257000, 96600, 246000, 57800, 51900, 76300, 38800, 132500, 107500, 5260, 110500, 260500, 13700, 226000, 30550, 120000, 78300, 94100, 285500, 132500, 13750], 'sell_price': [140500, 257000, 96700, 246500, 57800, 52000, 76300, 38800, 133000, 107500, 5260, 110500, 261000, 13700, 226000, 30550, 120000, 78300, 94200, 285500, 132500, 13750], 'sell_cnt': [3578, 1206, 796, 212, 1071, 566, 1468, 670, 6146, 2539, 2607, 8162, 3810, 20118, 988, 2947, 4585, 395, 26, 390, 4371, 40709], 'buy_price': [140000, 256500, 96600, 246000, 57700, 51900, 76200, 38750, 132500, 107000, 5250, 110000, 260500, 13650, 225500, 30500, 119500, 78200, 94100, 285000, 132000, 13700], 'buy_cnt': [2652, 1377, 330, 267, 2687, 64, 59, 5102, 5611, 158, 18235, 6669, 1052, 111128, 1241, 150, 4245, 1155, 25, 810, 8504, 120600], 'vol_cnt': [30036, 37996, 15456, 31267, 111561, 272161, 54695, 76792, 186434, 50895, 647662, 77103, 45451, 324799, 36163, 180624, 147264, 34635, 20168, 9752, 86022, 291128], 'deal_power': [448.01, 67.08, 80.09, 43.52, 63.81, 71.07, 449.39, 47.81, 102.32, 65.84, 130.88, 35.65, 179.18, 89.18, 90.29, 161.3, 114.34, 57.37, 93.86, 244.25, 52.82, 88.71]}
{'stock_no': ['000120', '004800'], 'deal_power': [240.0515, 206.29940000000005]}
timer600틱 끝 timer1 재시작
timer600틱 시작 timer1 중지
-----
10분에 한번씩 클럭 발생::체결강도 전송 실행시간 : 13:31:57
계좌평가잔고내역요청 전송
000120;000810;001040;002380;002790;003670;004800;004990;005380;006280;008560;009540;017670;024110;034730;035250;035420;069960;078340;097950;139480;316140;
22
{'stock_no': ['000120', '000810', '001040', '002380', '002790', '003670', '004800', '004990', '005380', '006280', '008560', '009540', '017670', '024110', '034730', '035250', '035420', '069960', '078340', '097950', '139480', '316140'], 'stock_name': ['CJ대한통운', '삼성화재', 'CJ', 'KCC', '아모레G', '포스코케미칼', '효성', '롯데지주', '현대차', '녹십자', '메리츠종금증권', '한국조선해양', 'SK텔레콤', '기업은행', 'SK', '강원랜드', 'NAVER', '현대백화점', '컴투스', 'CJ제일제당', '이마트', '우리금융지주'], 'market_in_price': [137500, 272500, 103000, 278500, 66700, 55600, 75500, 44750, 142500, 127000, 5600, 123500, 262000, 14150, 239000, 31050, 120500, 81500, 104800, 301000, 144500, 14100], 'myhave_cnt': [8, 5, 14, 4, 17, 21, 15, 33, 10, 9, 266, 12, 5, 84, 6, 48, 9, 14, 14, 4, 8, 84], 'run_price': [140000, 256500, 96500, 247000, 57700, 52100, 76300, 38750, 132500, 107000, 5260, 110500, 261000, 13750, 225500, 30500, 119000, 78300, 94400, 285000, 132500, 13750], 'sell_price': [140500, 257000, 96600, 247000, 57800, 52100, 76300, 38800, 133000, 107500, 5260, 110500, 261000, 13750, 225500, 30550, 119500, 78400, 94500, 285500, 132500, 13750], 'sell_cnt': [4538, 1571, 533, 433, 1826, 903, 1170, 4714, 5986, 2498, 2985, 8583, 4202, 69213, 558, 1525, 8469, 323, 31, 98, 2393, 37984], 'buy_price': [140000, 256500, 96500, 246500, 57700, 52000, 76200, 38750, 132500, 107000, 5250, 110000, 260500, 13700, 225000, 30500, 119000, 78300, 94400, 285000, 132000, 13700], 'buy_cnt': [2614, 1371, 571, 28, 2547, 350, 102, 5375, 12786, 28, 13375, 5582, 1147, 13782, 1875, 1994, 6268, 1086, 75, 766, 4222, 139126], 'vol_cnt': [31295, 38341, 16190, 32056, 112566, 278822, 56382, 78326, 190633, 51958, 676259, 79824, 46587, 351269, 37607, 184021, 155168, 35935, 20591, 10536, 99525, 296903], 'deal_power': [462.79, 67.48, 75.69, 44.89, 64.49, 73.39, 444.35, 48.06, 100.53, 64.41, 130.67, 35.61, 179.5, 98.68, 87.22, 163.81, 106.29, 60.9, 94.88, 261.91, 50.09, 89.71]}
{'stock_no': ['000120', '004800'], 'deal_power': [242.90760000000003, 210.06980000000004]}
timer600틱 끝 timer1 재시작
timer600틱 시작 timer1 중지
-----
10분에 한번씩 클럭 발생::체결강도 전송 실행시간 : 13:41:57
계좌평가잔고내역요청 전송
000120;000810;001040;002380;002790;003670;004800;004990;005380;006280;008560;009540;017670;024110;034730;035250;035420;069960;078340;097950;139480;316140;
22
{'stock_no': ['000120', '000810', '001040', '002380', '002790', '003670', '004800', '004990', '005380', '006280', '008560', '009540', '017670', '024110', '034730', '035250', '035420', '069960', '078340', '097950', '139480', '316140'], 'stock_name': ['CJ대한통운', '삼성화재', 'CJ', 'KCC', '아모레G', '포스코케미칼', '효성', '롯데지주', '현대차', '녹십자', '메리츠종금증권', '한국조선해양', 'SK텔레콤', '기업은행', 'SK', '강원랜드', 'NAVER', '현대백화점', '컴투스', 'CJ제일제당', '이마트', '우리금융지주'], 'market_in_price': [137500, 272500, 103000, 278500, 66700, 55600, 75500, 44750, 142500, 127000, 5600, 123500, 262000, 14150, 239000, 31050, 120500, 81500, 104800, 301000, 144500, 14100], 'myhave_cnt': [8, 5, 14, 4, 17, 21, 15, 33, 10, 9, 266, 12, 5, 84, 6, 48, 9, 14, 14, 4, 8, 84], 'run_price': [140500, 256500, 96000, 247000, 57700, 52100, 76300, 38750, 132500, 107500, 5250, 110000, 260500, 13700, 225000, 30550, 120000, 78300, 94300, 285500, 132500, 13750], 'sell_price': [140500, 257000, 96000, 247500, 57800, 52100, 76300, 38800, 133000, 107500, 5260, 110000, 260500, 13750, 225500, 30550, 120000, 78400, 94400, 285500, 132500, 13750], 'sell_cnt': [6224, 2561, 13, 180, 1906, 314, 511, 3407, 3291, 2557, 4952, 26, 3696, 68670, 1921, 832, 2826, 316, 22, 124, 3864, 36782], 'buy_price': [140000, 256500, 95900, 247000, 57700, 52000, 76200, 38750, 132500, 107000, 5250, 109500, 260000, 13700, 225000, 30500, 119500, 78300, 94300, 285000, 132000, 13700], 'buy_cnt': [1432, 1784, 606, 290, 2166, 969, 89, 5705, 17604, 256, 13261, 4868, 569, 18082, 538, 3036, 6354, 923, 16, 719, 6061, 139728], 'vol_cnt': [33832, 39116, 21249, 33446, 114052, 286024, 58058, 80795, 196117, 52818, 710155, 102993, 48884, 354480, 38460, 189595, 167095, 36615, 20741, 11463, 100358, 304664], 'deal_power': [346.36, 67.93, 62.06, 48.29, 64.89, 75.18, 441.4, 50.78, 100.51, 63.1, 126.78, 41.48, 169.23, 99.29, 86.68, 167.25, 116.32, 60.9, 94.41, 279.98, 50.53, 89.72]}
{'stock_no': ['000120', '004800'], 'deal_power': [246.05570000000003, 212.50400000000005]}
timer600틱 끝 timer1 재시작
timer600틱 시작 timer1 중지
-----
10분에 한번씩 클럭 발생::체결강도 전송 실행시간 : 13:51:57
계좌평가잔고내역요청 전송
000120;000810;001040;002380;002790;003670;004800;004990;005380;006280;008560;009540;017670;024110;034730;035250;035420;069960;078340;097950;139480;316140;
22
{'stock_no': ['000120', '000810', '001040', '002380', '002790', '003670', '004800', '004990', '005380', '006280', '008560', '009540', '017670', '024110', '034730', '035250', '035420', '069960', '078340', '097950', '139480', '316140'], 'stock_name': ['CJ대한통운', '삼성화재', 'CJ', 'KCC', '아모레G', '포스코케미칼', '효성', '롯데지주', '현대차', '녹십자', '메리츠종금증권', '한국조선해양', 'SK텔레콤', '기업은행', 'SK', '강원랜드', 'NAVER', '현대백화점', '컴투스', 'CJ제일제당', '이마트', '우리금융지주'], 'market_in_price': [137500, 272500, 103000, 278500, 66700, 55600, 75500, 44750, 142500, 127000, 5600, 123500, 262000, 14150, 239000, 31050, 120500, 81500, 104800, 301000, 144500, 14100], 'myhave_cnt': [8, 5, 14, 4, 17, 21, 15, 33, 10, 9, 266, 12, 5, 84, 6, 48, 9, 14, 14, 4, 8, 84], 'run_price': [140500, 256500, 95700, 247500, 57800, 52100, 76400, 38750, 132500, 107000, 5250, 110500, 260500, 13700, 225000, 30500, 120500, 78300, 94200, 285000, 132500, 13700], 'sell_price': [140500, 257000, 95800, 248000, 57900, 52200, 76400, 38800, 133000, 107500, 5260, 110500, 260500, 13750, 225500, 30550, 120500, 78400, 94300, 285000, 132500, 13750], 'sell_cnt': [5779, 2511, 38, 393, 746, 5013, 559, 3049, 2990, 2755, 10977, 6088, 3820, 68521, 1755, 354, 6428, 365, 68, 153, 3827, 33311], 'buy_price': [140000, 256500, 95700, 247500, 57800, 52100, 76300, 38750, 132500, 107000, 5250, 110000, 260000, 13700, 225000, 30500, 120000, 78300, 94200, 284500, 132000, 13700], 'buy_cnt': [1437, 1687, 249, 309, 989, 1811, 163, 5950, 22818, 12, 10466, 1869, 179, 55529, 639, 3345, 7309, 816, 119, 820, 6533, 115559], 'vol_cnt': [34869, 39804, 23374, 34807, 118406, 293929, 61027, 82568, 201788, 54423, 735300, 105558, 50757, 358808, 39638, 193401, 172471, 37420, 21220, 12803, 102320, 324763], 'deal_power': [340.24, 68.03, 60.25, 51.34, 67.52, 77.96, 456.59, 52.0, 99.8, 60.49, 127.82, 41.86, 160.6, 99.92, 84.98, 169.7, 119.21, 61.0, 94.27, 231.07, 51.03, 99.38]}
{'stock_no': ['000120', '004800'], 'deal_power': [248.26670000000001, 215.35220000000004]}
timer600틱 끝 timer1 재시작
timer600틱 시작 timer1 중지
-----
10분에 한번씩 클럭 발생::체결강도 전송 실행시간 : 14:01:57
계좌평가잔고내역요청 전송
000120;000810;001040;002380;002790;003670;004800;004990;005380;006280;008560;009540;017670;024110;034730;035250;035420;069960;078340;097950;139480;316140;
22
{'stock_no': ['000120', '000810', '001040', '002380', '002790', '003670', '004800', '004990', '005380', '006280', '008560', '009540', '017670', '024110', '034730', '035250', '035420', '069960', '078340', '097950', '139480', '316140'], 'stock_name': ['CJ대한통운', '삼성화재', 'CJ', 'KCC', '아모레G', '포스코케미칼', '효성', '롯데지주', '현대차', '녹십자', '메리츠종금증권', '한국조선해양', 'SK텔레콤', '기업은행', 'SK', '강원랜드', 'NAVER', '현대백화점', '컴투스', 'CJ제일제당', '이마트', '우리금융지주'], 'market_in_price': [137500, 272500, 103000, 278500, 66700, 55600, 75500, 44750, 142500, 127000, 5600, 123500, 262000, 14150, 239000, 31050, 120500, 81500, 104800, 301000, 144500, 14100], 'myhave_cnt': [8, 5, 14, 4, 17, 21, 15, 33, 10, 9, 266, 12, 5, 84, 6, 48, 9, 14, 14, 4, 8, 84], 'run_price': [140500, 257000, 95800, 248000, 57900, 52300, 77000, 38850, 133000, 107000, 5260, 110000, 260500, 13750, 224500, 30600, 120000, 78300, 94000, 285500, 132500, 13750], 'sell_price': [140500, 257000, 95900, 248000, 57900, 52400, 77000, 38850, 133500, 107500, 5260, 110500, 260500, 13750, 225000, 30600, 120500, 78400, 94100, 286000, 132500, 13750], 'sell_cnt': [5861, 1845, 150, 288, 2257, 684, 962, 3058, 17118, 3026, 1568, 5566, 4598, 64791, 834, 368, 5112, 317, 127, 348, 6498, 1317], 'buy_price': [140000, 256500, 95800, 247500, 57800, 52300, 76900, 38800, 133000, 107000, 5250, 110000, 260000, 13700, 224500, 30550, 120000, 78300, 94000, 285500, 132000, 13700], 'buy_cnt': [1723, 1597, 117, 14, 1630, 586, 251, 1022, 5776, 234, 17117, 3295, 37, 56477, 2328, 2693, 7746, 944, 134, 155, 2087, 115251], 'vol_cnt': [35492, 41395, 23997, 35868, 118987, 308256, 71168, 87791, 210432, 56053, 763343, 108194, 53341, 364978, 41143, 198388, 177039, 38172, 21481, 13387, 106214, 361714], 'deal_power': [340.88, 70.53, 60.51, 51.73, 67.23, 84.38, 500.0, 57.65, 101.74, 60.87, 128.05, 41.93, 148.96, 99.97, 83.2, 170.99, 119.31, 61.38, 94.17, 231.52, 48.76, 118.63]}
{'stock_no': ['000120', '004800'], 'deal_power': [250.45320000000004, 218.5569]}
timer600틱 끝 timer1 재시작
timer600틱 시작 timer1 중지
-----
10분에 한번씩 클럭 발생::체결강도 전송 실행시간 : 14:11:57
계좌평가잔고내역요청 전송
000120;000810;001040;002380;002790;003670;004800;004990;005380;006280;008560;009540;017670;024110;034730;035250;035420;069960;078340;097950;139480;316140;
22
{'stock_no': ['000120', '000810', '001040', '002380', '002790', '003670', '004800', '004990', '005380', '006280', '008560', '009540', '017670', '024110', '034730', '035250', '035420', '069960', '078340', '097950', '139480', '316140'], 'stock_name': ['CJ대한통운', '삼성화재', 'CJ', 'KCC', '아모레G', '포스코케미칼', '효성', '롯데지주', '현대차', '녹십자', '메리츠종금증권', '한국조선해양', 'SK텔레콤', '기업은행', 'SK', '강원랜드', 'NAVER', '현대백화점', '컴투스', 'CJ제일제당', '이마트', '우리금융지주'], 'market_in_price': [137500, 272500, 103000, 278500, 66700, 55600, 75500, 44750, 142500, 127000, 5600, 123500, 262000, 14150, 239000, 31050, 120500, 81500, 104800, 301000, 144500, 14100], 'myhave_cnt': [8, 5, 14, 4, 17, 21, 15, 33, 10, 9, 266, 12, 5, 84, 6, 48, 9, 14, 14, 4, 8, 84], 'run_price': [140500, 257000, 96000, 248000, 57800, 52300, 77400, 38750, 133500, 106500, 5260, 110000, 259500, 13700, 225000, 30600, 120500, 78500, 93900, 285500, 132500, 13800], 'sell_price': [140500, 257000, 96100, 248500, 57900, 52400, 77400, 38800, 133500, 107000, 5270, 110500, 260000, 13750, 225000, 30600, 121000, 78500, 94000, 286000, 132500, 13800], 'sell_cnt': [4730, 888, 31, 283, 3033, 874, 345, 763, 20324, 621, 14468, 4979, 3249, 62848, 2434, 1313, 23726, 277, 56, 664, 6514, 59019], 'buy_price': [140000, 256500, 96000, 248000, 57800, 52300, 77300, 38750, 133000, 106500, 5260, 110000, 259500, 13700, 224500, 30550, 120500, 78400, 93900, 285500, 132000, 13750], 'buy_cnt': [2042, 1573, 164, 380, 1878, 112, 31, 4911, 4214, 4802, 15884, 1043, 2707, 58677, 1777, 2301, 3205, 254, 194, 100, 1970, 17703], 'vol_cnt': [36922, 43824, 25354, 36886, 120408, 317569, 81094, 90022, 218374, 56950, 792633, 112661, 54457, 370715, 42183, 203322, 187126, 39241, 21741, 13787, 107765, 378782], 'deal_power': [352.32, 74.93, 59.46, 52.55, 66.92, 86.58, 500.0, 55.94, 100.03, 59.62, 128.1, 41.53, 147.51, 100.36, 82.75, 174.3, 123.43, 62.87, 92.44, 220.23, 48.37, 124.11]}
{'stock_no': ['000120', '004800'], 'deal_power': [253.01080000000002, 221.74070000000006]}
timer600틱 끝 timer1 재시작
timer600틱 시작 timer1 중지
-----
10분에 한번씩 클럭 발생::체결강도 전송 실행시간 : 14:21:57
계좌평가잔고내역요청 전송
000120;000810;001040;002380;002790;003670;004800;004990;005380;006280;008560;009540;017670;024110;034730;035250;035420;069960;078340;097950;139480;316140;
22
{'stock_no': ['000120', '000810', '001040', '002380', '002790', '003670', '004800', '004990', '005380', '006280', '008560', '009540', '017670', '024110', '034730', '035250', '035420', '069960', '078340', '097950', '139480', '316140'], 'stock_name': ['CJ대한통운', '삼성화재', 'CJ', 'KCC', '아모레G', '포스코케미칼', '효성', '롯데지주', '현대차', '녹십자', '메리츠종금증권', '한국조선해양', 'SK텔레콤', '기업은행', 'SK', '강원랜드', 'NAVER', '현대백화점', '컴투스', 'CJ제일제당', '이마트', '우리금융지주'], 'market_in_price': [137500, 272500, 103000, 278500, 66700, 55600, 75500, 44750, 142500, 127000, 5600, 123500, 262000, 14150, 239000, 31050, 120500, 81500, 104800, 301000, 144500, 14100], 'myhave_cnt': [8, 5, 14, 4, 17, 21, 15, 33, 10, 9, 266, 12, 5, 84, 6, 48, 9, 14, 14, 4, 8, 84], 'run_price': [140500, 257500, 95800, 248500, 57800, 52400, 78700, 38750, 133000, 107000, 5280, 109500, 260000, 13750, 225000, 30550, 120500, 78300, 93900, 285500, 131500, 13750], 'sell_price': [140500, 257500, 95900, 249000, 57900, 52500, 78700, 38750, 133000, 107000, 5280, 110000, 260000, 13750, 225000, 30550, 121000, 78400, 94000, 286000, 132000, 13800], 'sell_cnt': [4537, 1371, 471, 310, 3023, 1677, 39, 700, 9870, 3360, 8566, 4841, 3574, 60986, 2789, 1013, 22565, 308, 100, 474, 2632, 55419], 'buy_price': [140000, 257000, 95800, 248500, 57800, 52400, 78600, 38700, 132500, 106500, 5270, 109500, 259500, 13700, 224500, 30500, 120500, 78300, 93900, 285500, 131500, 13750], 'buy_cnt': [2689, 879, 242, 219, 1208, 495, 93, 4135, 20823, 3499, 8461, 2015, 5169, 43106, 1580, 1750, 3402, 725, 97, 46, 7465, 22660], 'vol_cnt': [37826, 45292, 27168, 38572, 123110, 328181, 91681, 95371, 228801, 57975, 819504, 119770, 55664, 378682, 43380, 212940, 193404, 40503, 21937, 14238, 113139, 386678], 'deal_power': [357.82, 77.93, 53.29, 55.87, 65.41, 88.3, 500.0, 51.82, 95.48, 58.54, 130.34, 40.43, 146.87, 101.15, 83.47, 165.75, 118.19, 62.02, 92.99, 207.53, 46.74, 127.55]}
{'stock_no': ['000120', '004800'], 'deal_power': [255.78209999999999, 224.9971000000001]}
timer600틱 끝 timer1 재시작
-----
매도종목검색 실행시간 : 14:25:19
sell_item_list.append(strCode)
004800
75500
79500
tarket_earn_ret
1
목표수익 도달 청산
9004
['004800']
[6]
['004800']
[15]
Thu Jul 18 14:25:19 2019
['전송', 1, '004800', 15, 79500, '']
전송
Thu Jul 18 14:25:19 2019
['접수', 1, '004800', 15, 79500, '0020128']
접수
Thu Jul 18 14:25:42 2019
['체결', 1, '004800', 15, 79500, '0020128']
체결
True
['전송vs체결수량OK']
['접수vs체결수량OK']
True
접수vs체결수량OK timer1 중지
접수vs체결수량OK timer600 중지
주문타이머 시작
{'OrderRunKind': ['전송'], 'SellBuyType': [1], 'OrderRunCode': ['004800'], 'OrderRunVolume': [15], 'OrderRunPrice': [79500], 'OrgOrderNo': [''], 'modify_item': ['전송vs체결수량OK']}
{'OrderRunKind': ['접수'], 'SellBuyType': [1], 'OrderRunCode': ['004800'], 'OrderRunVolume': [15], 'OrderRunPrice': [79500], 'OrgOrderNo': ['0020128'], 'modify_item': ['접수vs체결수량OK']}
{'OrderRunKind': ['체결'], 'SellBuyType': [1], 'OrderRunCode': ['004800'], 'OrderRunVolume': [15], 'OrderRunPrice': [79500], 'OrgOrderNo': ['0020128'], 'modify_item': ['']}
계좌평가잔고내역요청 전송
000120;000810;001040;002380;002790;003670;004990;005380;006280;008560;009540;017670;024110;034730;035250;035420;069960;078340;097950;139480;316140;
21
{'stock_no': ['000120', '000810', '001040', '002380', '002790', '003670', '004990', '005380', '006280', '008560', '009540', '017670', '024110', '034730', '035250', '035420', '069960', '078340', '097950', '139480', '316140'], 'stock_name': ['CJ대한통운', '삼성화재', 'CJ', 'KCC', '아모레G', '포스코케미칼', '롯데지주', '현대차', '녹십자', '메리츠종금증권', '한국조선해양', 'SK텔레콤', '기업은행', 'SK', '강원랜드', 'NAVER', '현대백화점', '컴투스', 'CJ제일제당', '이마트', '우리금융지주'], 'market_in_price': [137500, 272500, 103000, 278500, 66700, 55600, 44750, 142500, 127000, 5600, 123500, 262000, 14150, 239000, 31050, 120500, 81500, 104800, 301000, 144500, 14100], 'myhave_cnt': [8, 5, 14, 4, 17, 21, 33, 10, 9, 266, 12, 5, 84, 6, 48, 9, 14, 14, 4, 8, 84], 'run_price': [140500, 257500, 95700, 248500, 57800, 52400, 38700, 133000, 107000, 5280, 109500, 259500, 13700, 225000, 30500, 121000, 78300, 93600, 285500, 131500, 13800], 'sell_price': [140500, 257500, 95800, 248500, 57900, 52500, 38750, 133000, 107000, 5280, 109500, 260000, 13750, 225000, 30550, 121000, 78400, 93700, 286000, 132000, 13800], 'sell_cnt': [4632, 1685, 347, 207, 3176, 1143, 3922, 12093, 3413, 9067, 2560, 3519, 60357, 2800, 547, 22353, 175, 47, 489, 5441, 52901], 'buy_price': [140000, 257000, 95700, 248000, 57800, 52400, 38700, 132500, 106500, 5270, 109000, 259500, 13700, 224500, 30500, 120500, 78300, 93600, 285500, 131500, 13750], 'buy_cnt': [2720, 876, 519, 71, 3000, 1632, 3255, 28187, 2985, 9357, 8103, 2295, 42794, 1483, 1404, 3525, 59, 226, 41, 2661, 23165], 'vol_cnt': [38201, 45560, 27553, 38912, 124116, 330672, 96384, 231602, 58400, 827618, 122894, 56121, 380639, 43827, 213869, 194777, 41335, 22461, 14388, 115560, 390303], 'deal_power': [359.93, 77.98, 52.39, 55.67, 64.57, 88.81, 51.14, 95.32, 58.06, 131.11, 40.02, 147.0, 101.36, 83.12, 166.62, 118.1, 62.64, 89.23, 204.5, 45.5, 129.37]}
주문타이머 중지
주문 체결 완료 timer1 재시작
주문 체결 완료 timer600 재시작
timer600틱 시작 timer1 중지
-----
10분에 한번씩 클럭 발생::체결강도 전송 실행시간 : 14:35:44
계좌평가잔고내역요청 전송
000120;000810;001040;002380;002790;003670;004990;005380;006280;008560;009540;017670;024110;034730;035250;035420;069960;078340;097950;139480;316140;
21
{'stock_no': ['000120', '000810', '001040', '002380', '002790', '003670', '004990', '005380', '006280', '008560', '009540', '017670', '024110', '034730', '035250', '035420', '069960', '078340', '097950', '139480', '316140'], 'stock_name': ['CJ대한통운', '삼성화재', 'CJ', 'KCC', '아모레G', '포스코케미칼', '롯데지주', '현대차', '녹십자', '메리츠종금증권', '한국조선해양', 'SK텔레콤', '기업은행', 'SK', '강원랜드', 'NAVER', '현대백화점', '컴투스', 'CJ제일제당', '이마트', '우리금융지주'], 'market_in_price': [137500, 272500, 103000, 278500, 66700, 55600, 44750, 142500, 127000, 5600, 123500, 262000, 14150, 239000, 31050, 120500, 81500, 104800, 301000, 144500, 14100], 'myhave_cnt': [8, 5, 14, 4, 17, 21, 33, 10, 9, 266, 12, 5, 84, 6, 48, 9, 14, 14, 4, 8, 84], 'run_price': [140500, 257000, 95700, 248000, 57700, 52500, 38700, 133000, 107000, 5300, 110000, 259500, 13750, 224500, 30600, 120500, 78300, 93500, 285000, 131000, 13750], 'sell_price': [140500, 257500, 95800, 248500, 57800, 52500, 38700, 133500, 107000, 5300, 110000, 260000, 13750, 225000, 30600, 121000, 78300, 93600, 285000, 131500, 13800], 'sell_cnt': [3898, 3126, 417, 303, 2135, 1440, 3756, 23177, 3645, 54178, 6489, 4372, 56509, 2770, 2348, 21147, 369, 72, 463, 2967, 48499], 'buy_price': [140000, 257000, 95700, 248000, 57700, 52400, 38650, 133000, 106500, 5290, 109500, 259500, 13700, 224500, 30550, 120500, 78200, 93500, 284500, 131000, 13750], 'buy_cnt': [3004, 1154, 305, 329, 1380, 712, 561, 3286, 2145, 13138, 5387, 2956, 44668, 2157, 2111, 986, 1367, 527, 484, 4361, 49627], 'vol_cnt': [39553, 46382, 28835, 39846, 128918, 338062, 102503, 251964, 59769, 861578, 129278, 57583, 388289, 45399, 218529, 203400, 42809, 23144, 14893, 121604, 404805], 'deal_power': [353.4, 78.97, 51.67, 56.16, 60.76, 90.62, 47.08, 103.18, 56.68, 136.79, 44.3, 147.6, 100.97, 82.98, 171.52, 111.68, 62.09, 87.7, 193.66, 43.53, 133.36]}
{'stock_no': ['000120', '004800'], 'deal_power': [258.7673, 227.6700000000001]}
timer600틱 끝 timer1 재시작
timer600틱 시작 timer1 중지
-----
10분에 한번씩 클럭 발생::체결강도 전송 실행시간 : 14:45:44
계좌평가잔고내역요청 전송
000120;000810;001040;002380;002790;003670;004990;005380;006280;008560;009540;017670;024110;034730;035250;035420;069960;078340;097950;139480;316140;
21
{'stock_no': ['000120', '000810', '001040', '002380', '002790', '003670', '004990', '005380', '006280', '008560', '009540', '017670', '024110', '034730', '035250', '035420', '069960', '078340', '097950', '139480', '316140'], 'stock_name': ['CJ대한통운', '삼성화재', 'CJ', 'KCC', '아모레G', '포스코케미칼', '롯데지주', '현대차', '녹십자', '메리츠종금증권', '한국조선해양', 'SK텔레콤', '기업은행', 'SK', '강원랜드', 'NAVER', '현대백화점', '컴투스', 'CJ제일제당', '이마트', '우리금융지주'], 'market_in_price': [137500, 272500, 103000, 278500, 66700, 55600, 44750, 142500, 127000, 5600, 123500, 262000, 14150, 239000, 31050, 120500, 81500, 104800, 301000, 144500, 14100], 'myhave_cnt': [8, 5, 14, 4, 17, 21, 33, 10, 9, 266, 12, 5, 84, 6, 48, 9, 14, 14, 4, 8, 84], 'run_price': [140500, 257000, 95700, 247000, 57700, 52300, 38550, 133500, 106500, 5290, 109500, 260000, 13750, 224500, 30600, 121000, 78100, 93700, 284500, 131000, 13800], 'sell_price': [140500, 257000, 95700, 247500, 57800, 52400, 38600, 133500, 107000, 5290, 110000, 260000, 13750, 225000, 30650, 121000, 78300, 93700, 285000, 131500, 13800], 'sell_cnt': [4378, 1720, 107, 106, 2297, 877, 3421, 30752, 3830, 9171, 6629, 4570, 56741, 2060, 3614, 27711, 572, 165, 427, 2867, 52287], 'buy_price': [140000, 256500, 95600, 247000, 57700, 52300, 38550, 133000, 106500, 5280, 109500, 259500, 13700, 224500, 30600, 120500, 78100, 93600, 284500, 131000, 13750], 'buy_cnt': [3151, 2358, 946, 428, 1863, 2813, 2328, 2072, 1497, 23759, 4293, 3426, 46311, 3771, 1896, 6743, 1315, 10, 575, 3777, 57362], 'vol_cnt': [40648, 49994, 29584, 40886, 131072, 346838, 119890, 266152, 61144, 904571, 134668, 59160, 395999, 47117, 222934, 207427, 45204, 23507, 15173, 130968, 417148], 'deal_power': [355.73, 77.52, 50.21, 55.66, 59.73, 92.68, 45.71, 98.12, 55.33, 135.17, 44.47, 148.1, 100.3, 82.23, 175.45, 110.56, 58.06, 88.74, 193.4, 44.42, 136.68]}
{'stock_no': ['000120', '004800'], 'deal_power': [261.7089, 229.9923000000001]}
timer600틱 끝 timer1 재시작
timer600틱 시작 timer1 중지
-----
10분에 한번씩 클럭 발생::체결강도 전송 실행시간 : 14:55:44
계좌평가잔고내역요청 전송
000120;000810;001040;002380;002790;003670;004990;005380;006280;008560;009540;017670;024110;034730;035250;035420;069960;078340;097950;139480;316140;
21
{'stock_no': ['000120', '000810', '001040', '002380', '002790', '003670', '004990', '005380', '006280', '008560', '009540', '017670', '024110', '034730', '035250', '035420', '069960', '078340', '097950', '139480', '316140'], 'stock_name': ['CJ대한통운', '삼성화재', 'CJ', 'KCC', '아모레G', '포스코케미칼', '롯데지주', '현대차', '녹십자', '메리츠종금증권', '한국조선해양', 'SK텔레콤', '기업은행', 'SK', '강원랜드', 'NAVER', '현대백화점', '컴투스', 'CJ제일제당', '이마트', '우리금융지주'], 'market_in_price': [137500, 272500, 103000, 278500, 66700, 55600, 44750, 142500, 127000, 5600, 123500, 262000, 14150, 239000, 31050, 120500, 81500, 104800, 301000, 144500, 14100], 'myhave_cnt': [8, 5, 14, 4, 17, 21, 33, 10, 9, 266, 12, 5, 84, 6, 48, 9, 14, 14, 4, 8, 84], 'run_price': [140000, 257000, 95600, 247500, 57800, 52400, 38550, 133000, 106500, 5290, 109500, 260000, 13750, 224500, 30650, 121000, 78100, 93800, 284500, 131500, 13750], 'sell_price': [140500, 257000, 95700, 248000, 57900, 52400, 38600, 133500, 106500, 5300, 110000, 260000, 13750, 225000, 30650, 121000, 78200, 93800, 284500, 131500, 13800], 'sell_cnt': [3539, 2414, 181, 138, 3522, 1507, 4104, 30128, 3498, 74884, 7941, 5170, 59048, 1924, 1159, 27090, 71, 23, 635, 3934, 42670], 'buy_price': [140000, 256500, 95600, 247500, 57800, 52300, 38550, 133000, 106000, 5290, 109500, 259500, 13700, 224500, 30600, 120500, 78100, 93700, 284000, 131000, 13750], 'buy_cnt': [3818, 2459, 646, 201, 2628, 934, 2756, 9918, 4010, 648, 4130, 3028, 46394, 3829, 2116, 9596, 53, 16, 429, 5425, 59901], 'vol_cnt': [42564, 50921, 30316, 41743, 138499, 354567, 123474, 275694, 66679, 950686, 140397, 61230, 404021, 48910, 230525, 213218, 47579, 24212, 16133, 137767, 441444], 'deal_power': [361.67, 77.89, 50.48, 55.91, 60.76, 94.17, 44.6, 98.34, 58.0, 136.32, 44.62, 151.12, 99.53, 82.55, 177.91, 109.22, 55.97, 87.8, 173.47, 44.3, 136.0]}
{'stock_no': ['000120', '004800'], 'deal_power': [264.69910000000004, 232.1230000000001]}
timer600틱 끝 timer1 재시작
timer600틱 시작 timer1 중지
-----
10분에 한번씩 클럭 발생::체결강도 전송 실행시간 : 15:05:44
계좌평가잔고내역요청 전송
000120;000810;001040;002380;002790;003670;004990;005380;006280;008560;009540;017670;024110;034730;035250;035420;069960;078340;097950;139480;316140;
21
{'stock_no': ['000120', '000810', '001040', '002380', '002790', '003670', '004990', '005380', '006280', '008560', '009540', '017670', '024110', '034730', '035250', '035420', '069960', '078340', '097950', '139480', '316140'], 'stock_name': ['CJ대한통운', '삼성화재', 'CJ', 'KCC', '아모레G', '포스코케미칼', '롯데지주', '현대차', '녹십자', '메리츠종금증권', '한국조선해양', 'SK텔레콤', '기업은행', 'SK', '강원랜드', 'NAVER', '현대백화점', '컴투스', 'CJ제일제당', '이마트', '우리금융지주'], 'market_in_price': [137500, 272500, 103000, 278500, 66700, 55600, 44750, 142500, 127000, 5600, 123500, 262000, 14150, 239000, 31050, 120500, 81500, 104800, 301000, 144500, 14100], 'myhave_cnt': [8, 5, 14, 4, 17, 21, 33, 10, 9, 266, 12, 5, 84, 6, 48, 9, 14, 14, 4, 8, 84], 'run_price': [140500, 256500, 95700, 247500, 57900, 52100, 38500, 133000, 106500, 5290, 109500, 259500, 13700, 224500, 30650, 121000, 78000, 93600, 284500, 131000, 13800], 'sell_price': [140500, 257000, 95800, 248000, 58000, 52200, 38550, 133500, 106500, 5290, 110000, 260000, 13750, 225000, 30650, 121000, 78100, 93600, 284500, 131000, 13800], 'sell_cnt': [3546, 1655, 505, 70, 4213, 691, 1008, 25054, 3479, 11155, 6506, 5251, 53480, 1868, 2374, 26581, 1470, 1, 587, 4259, 36981], 'buy_price': [140000, 256500, 95700, 247500, 57900, 52100, 38500, 133000, 106000, 5280, 109500, 259500, 13700, 224500, 30600, 120500, 78000, 93500, 284000, 130500, 13750], 'buy_cnt': [2950, 2651, 187, 636, 2127, 3348, 2656, 15856, 4298, 12543, 9576, 3900, 48947, 3969, 3185, 18005, 658, 42, 463, 1076, 48182], 'vol_cnt': [44483, 52322, 31827, 42431, 147248, 365410, 137814, 285964, 67505, 981855, 146345, 62789, 413979, 50424, 234602, 220004, 49455, 24941, 16444, 157500, 474718], 'deal_power': [332.66, 79.76, 50.19, 56.5, 63.87, 92.95, 43.02, 100.65, 57.91, 138.98, 47.62, 153.41, 100.9, 84.61, 180.46, 107.63, 55.1, 85.51, 175.49, 41.57, 133.08]}
{'stock_no': ['000120', '004800'], 'deal_power': [267.37250000000006, 233.90070000000014]}
timer600틱 끝 timer1 재시작
timer600틱 시작 timer1 중지
-----
10분에 한번씩 클럭 발생::체결강도 전송 실행시간 : 15:15:44
계좌평가잔고내역요청 전송
000120;000810;001040;002380;002790;003670;004990;005380;006280;008560;009540;017670;024110;034730;035250;035420;069960;078340;097950;139480;316140;
21
{'stock_no': ['000120', '000810', '001040', '002380', '002790', '003670', '004990', '005380', '006280', '008560', '009540', '017670', '024110', '034730', '035250', '035420', '069960', '078340', '097950', '139480', '316140'], 'stock_name': ['CJ대한통운', '삼성화재', 'CJ', 'KCC', '아모레G', '포스코케미칼', '롯데지주', '현대차', '녹십자', '메리츠종금증권', '한국조선해양', 'SK텔레콤', '기업은행', 'SK', '강원랜드', 'NAVER', '현대백화점', '컴투스', 'CJ제일제당', '이마트', '우리금융지주'], 'market_in_price': [137500, 272500, 103000, 278500, 66700, 55600, 44750, 142500, 127000, 5600, 123500, 262000, 14150, 239000, 31050, 120500, 81500, 104800, 301000, 144500, 14100], 'myhave_cnt': [8, 5, 14, 4, 17, 21, 33, 10, 9, 266, 12, 5, 84, 6, 48, 9, 14, 14, 4, 8, 84], 'run_price': [140500, 257500, 95700, 247500, 58000, 52100, 38550, 133500, 107000, 5290, 109500, 260000, 13700, 225500, 30550, 121000, 78000, 93600, 284500, 130000, 13750], 'sell_price': [140500, 257500, 95700, 248000, 58000, 52200, 38550, 133500, 107000, 5300, 110000, 260000, 13750, 225500, 30550, 121000, 78000, 93600, 284500, 130500, 13800], 'sell_cnt': [1664, 1322, 238, 447, 1536, 2561, 1221, 17102, 3683, 68375, 5181, 4817, 39779, 1438, 483, 25341, 357, 107, 58, 4275, 23417], 'buy_price': [140000, 257000, 95600, 247500, 57900, 52100, 38500, 133000, 106500, 5290, 109500, 259500, 13700, 225000, 30500, 120500, 77900, 93500, 284000, 130000, 13750], 'buy_cnt': [1659, 726, 301, 127, 2461, 3662, 2064, 16895, 1049, 7070, 7582, 2842, 29350, 998, 2518, 20829, 68, 55, 236, 10757, 36859], 'vol_cnt': [46856, 55568, 32404, 43194, 153143, 376438, 149405, 296347, 72355, 1006079, 151267, 65274, 447936, 54048, 258743, 230179, 52012, 25839, 17479, 167939, 502601], 'deal_power': [351.58, 85.42, 49.86, 56.3, 60.21, 95.24, 42.24, 103.62, 63.59, 140.93, 47.41, 152.55, 99.76, 94.2, 160.61, 107.74, 53.5, 86.61, 186.66, 41.19, 137.97]}
{'stock_no': ['000120', '004800'], 'deal_power': [270.05840000000006, 235.43400000000017]}
timer600틱 끝 timer1 재시작
4
장종료 알림 4, 8
8
장종료 알림 4, 8
9
장마감 알림 9
