계좌평가잔고내역요청 전송
000810;001040;002380;002790;003670;004800;004990;005380;006280;008560;009540;017670;018880;024110;034730;035250;035420;069960;078340;097950;139480;316140;
22
{'stock_no': ['000810', '001040', '002380', '002790', '003670', '004800', '004990', '005380', '006280', '008560', '009540', '017670', '018880', '024110', '034730', '035250', '035420', '069960', '078340', '097950', '139480', '316140'], 'stock_name': ['삼성화재', 'CJ', 'KCC', '아모레G', '포스코케미칼', '효성', '롯데지주', '현대차', '녹십자', '메리츠종금증권', '한국조선해양', 'SK텔레콤', '한온시스템', '기업은행', 'SK', '강원랜드', 'NAVER', '현대백화점', '컴투스', 'CJ제일제당', '이마트', '우리금융지주'], 'market_in_price': [272500, 103000, 278500, 66700, 55600, 75500, 44750, 142500, 127000, 5600, 123500, 262000, 11750, 14150, 239000, 31050, 120500, 81500, 104800, 301000, 144500, 14100], 'myhave_cnt': [5, 14, 4, 17, 21, 15, 33, 10, 9, 266, 12, 5, 100, 84, 6, 48, 9, 14, 14, 4, 8, 84], 'run_price': [260500, 97100, 261500, 62400, 52700, 72400, 40400, 138000, 113000, 5260, 114000, 260500, 11450, 13900, 224000, 29650, 118000, 79300, 96200, 286000, 134500, 13800], 'sell_price': [0, 0, 0, 0, 0, 0, 0, 0, 0, 0, 0, 0, 0, 0, 0, 0, 0, 0, 0, 0, 0, 0], 'sell_cnt': [0, 0, 0, 0, 0, 0, 0, 0, 0, 0, 0, 0, 0, 0, 0, 0, 0, 0, 0, 0, 0, 0], 'buy_price': [0, 0, 0, 0, 0, 0, 0, 0, 0, 0, 0, 0, 0, 0, 0, 0, 0, 0, 0, 0, 0, 0], 'buy_cnt': [0, 0, 0, 0, 0, 0, 0, 0, 0, 0, 0, 0, 0, 0, 0, 0, 0, 0, 0, 0, 0, 0], 'vol_cnt': [0, 0, 0, 0, 0, 0, 0, 0, 0, 0, 0, 0, 0, 0, 0, 0, 0, 0, 0, 0, 0, 0], 'deal_power': [0.0, 0.0, 0.0, 0.0, 0.0, 0.0, 0.0, 0.0, 0.0, 0.0, 0.0, 0.0, 0.0, 0.0, 0.0, 0.0, 0.0, 0.0, 0.0, 0.0, 0.0, 0.0]}
-----
자동주문 버튼 True 실행시간 : 08:26:19
자동주문 클릭시 timer1 시작
자동주문 클릭시 timer600 시작
3
장시작 알림 3
장시작 알림 3 timer1 재시작
장시작 알림 3 timer600 재시작
timer600틱 시작 timer1 중지
-----
10분에 한번씩 클럭 발생::체결강도 전송 실행시간 : 09:10:01
계좌평가잔고내역요청 전송
000810;001040;002380;002790;003670;004800;004990;005380;006280;008560;009540;017670;018880;024110;034730;035250;035420;069960;078340;097950;139480;316140;
22
{'stock_no': ['000810', '001040', '002380', '002790', '003670', '004800', '004990', '005380', '006280', '008560', '009540', '017670', '018880', '024110', '034730', '035250', '035420', '069960', '078340', '097950', '139480', '316140'], 'stock_name': ['삼성화재', 'CJ', 'KCC', '아모레G', '포스코케미칼', '효성', '롯데지주', '현대차', '녹십자', '메리츠종금증권', '한국조선해양', 'SK텔레콤', '한온시스템', '기업은행', 'SK', '강원랜드', 'NAVER', '현대백화점', '컴투스', 'CJ제일제당', '이마트', '우리금융지주'], 'market_in_price': [272500, 103000, 278500, 66700, 55600, 75500, 44750, 142500, 127000, 5600, 123500, 262000, 11750, 14150, 239000, 31050, 120500, 81500, 104800, 301000, 144500, 14100], 'myhave_cnt': [5, 14, 4, 17, 21, 15, 33, 10, 9, 266, 12, 5, 100, 84, 6, 48, 9, 14, 14, 4, 8, 84], 'run_price': [262000, 98000, 262500, 62900, 53500, 72800, 40550, 138500, 113500, 5290, 114500, 258500, 11550, 13850, 228000, 29700, 118000, 79700, 95400, 288000, 134000, 13850], 'sell_price': [262500, 98000, 263000, 63000, 53600, 72900, 40600, 138500, 113500, 5290, 114500, 259000, 11550, 13850, 228000, 29700, 118500, 79700, 95900, 288500, 134500, 13850], 'sell_cnt': [323, 157, 50, 60, 992, 282, 623, 5051, 547, 1133, 228, 717, 11774, 5659, 986, 577, 3088, 298, 68, 58, 567, 5059], 'buy_price': [262000, 97900, 262500, 62900, 53500, 72800, 40550, 138000, 113000, 5280, 114000, 258500, 11500, 13800, 227500, 29650, 118000, 79600, 95600, 288000, 134000, 13800], 'buy_cnt': [433, 74, 50, 1657, 297, 42, 125, 2855, 331, 280, 2292, 1777, 12554, 55943, 292, 907, 2498, 142, 728, 19, 812, 28173], 'vol_cnt': [1701, 729, 328, 2998, 18511, 1354, 2436, 10784, 914, 20116, 1663, 6987, 5445, 10791, 8314, 7420, 9163, 2025, 1507, 517, 14013, 26997], 'deal_power': [500.0, 181.33, 54.59, 233.41, 192.9, 197.98, 197.34, 86.1, 273.66, 331.02, 67.28, 44.32, 291.93, 0.31, 271.9, 92.71, 14.72, 144.12, 44.6, 176.14, 78.79, 46.78]}
{'stock_no': ['009830', '010060', '008560', '018880'], 'deal_power': [454.33, 428.38, 331.02, 291.93]}
buy_able_money < market_in_pro
0
buy_able_money < market_in_pro
0
timer600틱 끝 timer1 재시작
timer600틱 시작 timer1 중지
-----
10분에 한번씩 클럭 발생::체결강도 전송 실행시간 : 09:20:01
계좌평가잔고내역요청 전송
000810;001040;002380;002790;003670;004800;004990;005380;006280;008560;009540;017670;018880;024110;034730;035250;035420;069960;078340;097950;139480;316140;
22
{'stock_no': ['000810', '001040', '002380', '002790', '003670', '004800', '004990', '005380', '006280', '008560', '009540', '017670', '018880', '024110', '034730', '035250', '035420', '069960', '078340', '097950', '139480', '316140'], 'stock_name': ['삼성화재', 'CJ', 'KCC', '아모레G', '포스코케미칼', '효성', '롯데지주', '현대차', '녹십자', '메리츠종금증권', '한국조선해양', 'SK텔레콤', '한온시스템', '기업은행', 'SK', '강원랜드', 'NAVER', '현대백화점', '컴투스', 'CJ제일제당', '이마트', '우리금융지주'], 'market_in_price': [272500, 103000, 278500, 66700, 55600, 75500, 44750, 142500, 127000, 5600, 123500, 262000, 11750, 14150, 239000, 31050, 120500, 81500, 104800, 301000, 144500, 14100], 'myhave_cnt': [5, 14, 4, 17, 21, 15, 33, 10, 9, 266, 12, 5, 100, 84, 6, 48, 9, 14, 14, 4, 8, 84], 'run_price': [263000, 98600, 263500, 63100, 53900, 73300, 40600, 138500, 114000, 5290, 114500, 259000, 11550, 13850, 227000, 29750, 120000, 79500, 96100, 288000, 135500, 13850], 'sell_price': [263000, 98600, 263500, 63200, 54000, 73300, 40650, 139000, 114000, 5300, 115000, 259000, 11600, 13850, 227500, 29800, 120000, 79500, 96200, 288000, 135500, 13900], 'sell_cnt': [467, 20, 61, 1138, 1113, 23, 138, 4036, 729, 8676, 7100, 1218, 18588, 4540, 1261, 321, 7011, 17, 267, 152, 1593, 38951], 'buy_price': [262500, 98500, 263000, 63100, 53900, 73100, 40600, 138500, 113500, 5290, 114500, 258500, 11550, 13800, 227000, 29750, 119500, 79400, 96100, 287500, 135000, 13850], 'buy_cnt': [413, 101, 45, 98, 556, 55, 161, 3368, 254, 8129, 1384, 1672, 5633, 67261, 1669, 1228, 2535, 96, 438, 223, 6496, 9828], 'vol_cnt': [3374, 1778, 618, 5047, 58877, 3367, 5962, 16158, 2119, 30798, 2197, 11527, 20423, 15940, 12270, 11639, 25565, 2814, 2618, 579, 23430, 38281], 'deal_power': [219.41, 303.36, 59.84, 199.82, 234.2, 171.77, 165.19, 124.23, 322.96, 497.05, 65.42, 41.69, 500.0, 21.36, 254.48, 97.65, 242.32, 111.61, 52.93, 153.7, 90.05, 70.11]}
{'stock_no': ['008560', '027410', '001040', '128940'], 'deal_power': [497.05, 357.65, 303.36, 288.74]}
buy_able_money < market_in_pro
0
buy_able_money < market_in_pro
0
timer600틱 끝 timer1 재시작
timer600틱 시작 timer1 중지
-----
10분에 한번씩 클럭 발생::체결강도 전송 실행시간 : 09:30:01
계좌평가잔고내역요청 전송
000810;001040;002380;002790;003670;004800;004990;005380;006280;008560;009540;017670;018880;024110;034730;035250;035420;069960;078340;097950;139480;316140;
22
{'stock_no': ['000810', '001040', '002380', '002790', '003670', '004800', '004990', '005380', '006280', '008560', '009540', '017670', '018880', '024110', '034730', '035250', '035420', '069960', '078340', '097950', '139480', '316140'], 'stock_name': ['삼성화재', 'CJ', 'KCC', '아모레G', '포스코케미칼', '효성', '롯데지주', '현대차', '녹십자', '메리츠종금증권', '한국조선해양', 'SK텔레콤', '한온시스템', '기업은행', 'SK', '강원랜드', 'NAVER', '현대백화점', '컴투스', 'CJ제일제당', '이마트', '우리금융지주'], 'market_in_price': [272500, 103000, 278500, 66700, 55600, 75500, 44750, 142500, 127000, 5600, 123500, 262000, 11750, 14150, 239000, 31050, 120500, 81500, 104800, 301000, 144500, 14100], 'myhave_cnt': [5, 14, 4, 17, 21, 15, 33, 10, 9, 266, 12, 5, 100, 84, 6, 48, 9, 14, 14, 4, 8, 84], 'run_price': [261500, 98400, 264000, 62700, 53700, 73500, 40400, 138000, 114500, 5290, 115000, 259000, 11600, 13900, 227500, 29750, 120000, 79300, 96000, 287500, 135500, 13900], 'sell_price': [262000, 98500, 264500, 62800, 53700, 73500, 40450, 138000, 114500, 5290, 115000, 259000, 11600, 13900, 227500, 29800, 120000, 79500, 96100, 287500, 135500, 13900], 'sell_cnt': [883, 176, 58, 1112, 986, 365, 38, 3741, 1379, 598, 3317, 2172, 24878, 20107, 987, 293, 3114, 800, 12, 153, 2291, 57693], 'buy_price': [261500, 98400, 264000, 62700, 53600, 73400, 40400, 137500, 114000, 5280, 114500, 258500, 11550, 13850, 227000, 29750, 119500, 79300, 96000, 287000, 135000, 13850], 'buy_cnt': [464, 20, 69, 790, 1584, 18, 402, 13524, 42, 6383, 2901, 1452, 8833, 11549, 1677, 2937, 958, 162, 46, 181, 6087, 15735], 'vol_cnt': [5226, 2246, 1015, 8433, 74045, 4308, 8456, 27696, 3973, 53268, 2994, 12958, 24933, 32170, 14914, 20582, 46776, 7743, 3736, 1453, 30346, 41862], 'deal_power': [72.37, 180.68, 76.79, 89.97, 159.55, 179.53, 115.12, 57.1, 439.49, 281.71, 86.19, 40.71, 380.66, 37.78, 201.34, 105.43, 154.8, 55.15, 48.14, 102.56, 97.31, 75.18]}
{'stock_no': ['006280', '006400'], 'deal_power': [439.49, 296.34]}
buy_able_money < market_in_pro
0
timer600틱 끝 timer1 재시작
timer600틱 시작 timer1 중지
-----
10분에 한번씩 클럭 발생::체결강도 전송 실행시간 : 09:40:01
계좌평가잔고내역요청 전송
000810;001040;002380;002790;003670;004800;004990;005380;006280;008560;009540;017670;018880;024110;034730;035250;035420;069960;078340;097950;139480;316140;
22
{'stock_no': ['000810', '001040', '002380', '002790', '003670', '004800', '004990', '005380', '006280', '008560', '009540', '017670', '018880', '024110', '034730', '035250', '035420', '069960', '078340', '097950', '139480', '316140'], 'stock_name': ['삼성화재', 'CJ', 'KCC', '아모레G', '포스코케미칼', '효성', '롯데지주', '현대차', '녹십자', '메리츠종금증권', '한국조선해양', 'SK텔레콤', '한온시스템', '기업은행', 'SK', '강원랜드', 'NAVER', '현대백화점', '컴투스', 'CJ제일제당', '이마트', '우리금융지주'], 'market_in_price': [272500, 103000, 278500, 66700, 55600, 75500, 44750, 142500, 127000, 5600, 123500, 262000, 11750, 14150, 239000, 31050, 120500, 81500, 104800, 301000, 144500, 14100], 'myhave_cnt': [5, 14, 4, 17, 21, 15, 33, 10, 9, 266, 12, 5, 100, 84, 6, 48, 9, 14, 14, 4, 8, 84], 'run_price': [260500, 97800, 264000, 62400, 53900, 73000, 40450, 137000, 113500, 5250, 114500, 257000, 11500, 13800, 227500, 29650, 119500, 79200, 96000, 286000, 135000, 13900], 'sell_price': [261000, 97800, 264000, 62400, 53900, 73100, 40450, 137000, 113500, 5260, 114500, 257500, 11500, 13850, 227500, 29700, 120000, 79300, 96100, 286500, 135000, 13900], 'sell_cnt': [917, 231, 267, 818, 1560, 70, 386, 2648, 449, 11893, 1894, 2821, 10896, 3823, 92, 910, 3887, 592, 24, 298, 4315, 53889], 'buy_price': [260500, 97700, 263500, 62300, 53800, 72900, 40400, 136500, 113000, 5250, 114000, 257000, 11450, 13800, 227000, 29650, 119500, 79200, 96000, 286000, 134500, 13850], 'buy_cnt': [141, 9, 437, 547, 157, 26, 725, 13980, 725, 7875, 2063, 2729, 19726, 61797, 2242, 1068, 3582, 352, 192, 98, 4504, 33022], 'vol_cnt': [6144, 2975, 1201, 10599, 91596, 5426, 8888, 60074, 4334, 69265, 6971, 22230, 46082, 48881, 20803, 28088, 60034, 8558, 4265, 1776, 40861, 48093], 'deal_power': [52.99, 106.97, 66.1, 72.02, 159.35, 181.62, 112.36, 60.79, 366.67, 170.2, 33.35, 21.81, 82.31, 35.96, 162.27, 93.36, 155.23, 49.5, 46.76, 75.38, 62.15, 70.88]}
{'stock_no': ['006280'], 'deal_power': [366.67]}
timer600틱 끝 timer1 재시작
timer600틱 시작 timer1 중지
-----
10분에 한번씩 클럭 발생::체결강도 전송 실행시간 : 09:50:01
계좌평가잔고내역요청 전송
000810;001040;002380;002790;003670;004800;004990;005380;006280;008560;009540;017670;018880;024110;034730;035250;035420;069960;078340;097950;139480;316140;
22
{'stock_no': ['000810', '001040', '002380', '002790', '003670', '004800', '004990', '005380', '006280', '008560', '009540', '017670', '018880', '024110', '034730', '035250', '035420', '069960', '078340', '097950', '139480', '316140'], 'stock_name': ['삼성화재', 'CJ', 'KCC', '아모레G', '포스코케미칼', '효성', '롯데지주', '현대차', '녹십자', '메리츠종금증권', '한국조선해양', 'SK텔레콤', '한온시스템', '기업은행', 'SK', '강원랜드', 'NAVER', '현대백화점', '컴투스', 'CJ제일제당', '이마트', '우리금융지주'], 'market_in_price': [272500, 103000, 278500, 66700, 55600, 75500, 44750, 142500, 127000, 5600, 123500, 262000, 11750, 14150, 239000, 31050, 120500, 81500, 104800, 301000, 144500, 14100], 'myhave_cnt': [5, 14, 4, 17, 21, 15, 33, 10, 9, 266, 12, 5, 100, 84, 6, 48, 9, 14, 14, 4, 8, 84], 'run_price': [260000, 97300, 262500, 62800, 53500, 72900, 40300, 136500, 113500, 5230, 114500, 257500, 11450, 13850, 227500, 29650, 119500, 79000, 95500, 286000, 134500, 13900], 'sell_price': [260500, 97400, 262500, 62700, 53500, 73000, 40300, 137000, 113500, 5230, 114500, 258000, 11500, 13850, 227500, 29700, 119500, 79100, 95600, 286000, 135000, 13900], 'sell_cnt': [491, 328, 251, 71, 57, 42, 62, 9375, 542, 11835, 3364, 2191, 16369, 4453, 1071, 1432, 6474, 466, 22, 388, 4263, 68586], 'buy_price': [260000, 97300, 262000, 62600, 53400, 72900, 40250, 136500, 113000, 5220, 114000, 257500, 11450, 13800, 227000, 29650, 119000, 79000, 95500, 285500, 134500, 13850], 'buy_cnt': [178, 73, 102, 1130, 1244, 14, 559, 4505, 2040, 11306, 3820, 1115, 24005, 68181, 2596, 5518, 2703, 353, 105, 119, 2231, 40897], 'vol_cnt': [6538, 3498, 1442, 15193, 100227, 5809, 16190, 74514, 5197, 114758, 7620, 27970, 49753, 57186, 22179, 37149, 74015, 9596, 5839, 2047, 44249, 52741], 'deal_power': [48.58, 78.77, 59.39, 86.36, 154.22, 174.36, 63.85, 45.94, 347.21, 116.96, 40.21, 35.89, 86.59, 46.13, 170.61, 74.22, 122.42, 42.32, 33.67, 79.36, 55.61, 75.45]}
{'stock_no': ['006280'], 'deal_power': [347.21]}
timer600틱 끝 timer1 재시작
timer600틱 시작 timer1 중지
-----
10분에 한번씩 클럭 발생::체결강도 전송 실행시간 : 10:00:01
계좌평가잔고내역요청 전송
000810;001040;002380;002790;003670;004800;004990;005380;006280;008560;009540;017670;018880;024110;034730;035250;035420;069960;078340;097950;139480;316140;
22
{'stock_no': ['000810', '001040', '002380', '002790', '003670', '004800', '004990', '005380', '006280', '008560', '009540', '017670', '018880', '024110', '034730', '035250', '035420', '069960', '078340', '097950', '139480', '316140'], 'stock_name': ['삼성화재', 'CJ', 'KCC', '아모레G', '포스코케미칼', '효성', '롯데지주', '현대차', '녹십자', '메리츠종금증권', '한국조선해양', 'SK텔레콤', '한온시스템', '기업은행', 'SK', '강원랜드', 'NAVER', '현대백화점', '컴투스', 'CJ제일제당', '이마트', '우리금융지주'], 'market_in_price': [272500, 103000, 278500, 66700, 55600, 75500, 44750, 142500, 127000, 5600, 123500, 262000, 11750, 14150, 239000, 31050, 120500, 81500, 104800, 301000, 144500, 14100], 'myhave_cnt': [5, 14, 4, 17, 21, 15, 33, 10, 9, 266, 12, 5, 100, 84, 6, 48, 9, 14, 14, 4, 8, 84], 'run_price': [260000, 97100, 261500, 62600, 53400, 72700, 40200, 136000, 113000, 5260, 114000, 257500, 11450, 13850, 227000, 29750, 118000, 78900, 95500, 285000, 134500, 13900], 'sell_price': [260500, 97200, 262000, 62600, 53400, 72800, 40200, 136500, 113000, 5270, 114500, 258000, 11500, 13850, 227500, 29750, 118500, 79000, 95600, 285500, 134500, 13900], 'sell_cnt': [424, 231, 231, 1214, 1374, 36, 986, 7700, 875, 5983, 3679, 1812, 18542, 25427, 1451, 3269, 9014, 471, 130, 674, 3131, 101266], 'buy_price': [260000, 97100, 261500, 62500, 53300, 72700, 40150, 136000, 112500, 5260, 114000, 257500, 11450, 13800, 227000, 29700, 118000, 78900, 95500, 285000, 134000, 13850], 'buy_cnt': [524, 320, 19, 483, 3752, 26, 1151, 11002, 369, 20904, 5111, 2581, 23367, 61883, 2525, 5475, 8672, 242, 219, 176, 234, 7355], 'vol_cnt': [6873, 4165, 1683, 18548, 105535, 6278, 18681, 85106, 9692, 157414, 8531, 28836, 58560, 63579, 23074, 43815, 85977, 11629, 6932, 2269, 52748, 76540], 'deal_power': [45.78, 64.07, 53.8, 70.3, 150.98, 152.56, 61.07, 40.7, 103.98, 187.54, 44.64, 35.78, 90.29, 52.7, 177.33, 71.92, 97.98, 40.45, 32.35, 70.84, 44.11, 53.02]}
{'stock_no': [], 'deal_power': []}
timer600틱 끝 timer1 재시작
timer600틱 시작 timer1 중지
-----
10분에 한번씩 클럭 발생::체결강도 전송 실행시간 : 10:10:01
계좌평가잔고내역요청 전송
000810;001040;002380;002790;003670;004800;004990;005380;006280;008560;009540;017670;018880;024110;034730;035250;035420;069960;078340;097950;139480;316140;
22
{'stock_no': ['000810', '001040', '002380', '002790', '003670', '004800', '004990', '005380', '006280', '008560', '009540', '017670', '018880', '024110', '034730', '035250', '035420', '069960', '078340', '097950', '139480', '316140'], 'stock_name': ['삼성화재', 'CJ', 'KCC', '아모레G', '포스코케미칼', '효성', '롯데지주', '현대차', '녹십자', '메리츠종금증권', '한국조선해양', 'SK텔레콤', '한온시스템', '기업은행', 'SK', '강원랜드', 'NAVER', '현대백화점', '컴투스', 'CJ제일제당', '이마트', '우리금융지주'], 'market_in_price': [272500, 103000, 278500, 66700, 55600, 75500, 44750, 142500, 127000, 5600, 123500, 262000, 11750, 14150, 239000, 31050, 120500, 81500, 104800, 301000, 144500, 14100], 'myhave_cnt': [5, 14, 4, 17, 21, 15, 33, 10, 9, 266, 12, 5, 100, 84, 6, 48, 9, 14, 14, 4, 8, 84], 'run_price': [260000, 97100, 261500, 62900, 53500, 72800, 40100, 135500, 113000, 5250, 114000, 258000, 11500, 13850, 227500, 29700, 118000, 78900, 95700, 284500, 133500, 13900], 'sell_price': [260500, 97200, 262000, 62900, 53500, 72900, 40150, 136000, 113000, 5250, 114500, 258000, 11500, 13850, 227500, 29750, 118500, 78900, 95900, 285000, 134000, 13900], 'sell_cnt': [335, 187, 80, 278, 3455, 174, 675, 6131, 884, 8552, 3837, 1841, 14434, 24446, 1143, 3047, 9407, 525, 5, 649, 2327, 106715], 'buy_price': [260000, 97100, 261500, 62800, 53400, 72800, 40100, 135500, 112500, 5240, 114000, 257500, 11450, 13800, 227000, 29700, 118000, 78800, 95700, 284500, 133500, 13850], 'buy_cnt': [1290, 313, 99, 656, 119, 44, 485, 19481, 394, 11295, 5462, 2549, 28599, 63771, 2755, 2261, 13327, 816, 18, 141, 7677, 1541], 'vol_cnt': [6998, 4286, 2215, 22396, 110086, 6445, 22998, 101283, 9759, 194043, 8895, 29315, 67387, 70901, 24000, 48852, 104407, 12069, 7733, 2488, 54900, 92166], 'deal_power': [46.75, 65.16, 83.72, 92.92, 147.49, 156.61, 49.44, 34.78, 105.19, 129.66, 45.27, 36.39, 108.19, 59.66, 182.39, 61.43, 114.45, 39.02, 37.05, 62.07, 43.32, 42.14]}
{'stock_no': [], 'deal_power': []}
timer600틱 끝 timer1 재시작
timer600틱 시작 timer1 중지
-----
10분에 한번씩 클럭 발생::체결강도 전송 실행시간 : 10:20:01
계좌평가잔고내역요청 전송
000810;001040;002380;002790;003670;004800;004990;005380;006280;008560;009540;017670;018880;024110;034730;035250;035420;069960;078340;097950;139480;316140;
22
{'stock_no': ['000810', '001040', '002380', '002790', '003670', '004800', '004990', '005380', '006280', '008560', '009540', '017670', '018880', '024110', '034730', '035250', '035420', '069960', '078340', '097950', '139480', '316140'], 'stock_name': ['삼성화재', 'CJ', 'KCC', '아모레G', '포스코케미칼', '효성', '롯데지주', '현대차', '녹십자', '메리츠종금증권', '한국조선해양', 'SK텔레콤', '한온시스템', '기업은행', 'SK', '강원랜드', 'NAVER', '현대백화점', '컴투스', 'CJ제일제당', '이마트', '우리금융지주'], 'market_in_price': [272500, 103000, 278500, 66700, 55600, 75500, 44750, 142500, 127000, 5600, 123500, 262000, 11750, 14150, 239000, 31050, 120500, 81500, 104800, 301000, 144500, 14100], 'myhave_cnt': [5, 14, 4, 17, 21, 15, 33, 10, 9, 266, 12, 5, 100, 84, 6, 48, 9, 14, 14, 4, 8, 84], 'run_price': [260000, 97500, 262000, 62900, 53500, 73000, 40300, 135000, 113000, 5250, 114000, 258000, 11450, 13800, 228000, 29650, 117500, 79100, 95600, 284000, 135000, 13850], 'sell_price': [260500, 97600, 262500, 63000, 53500, 73100, 40350, 135000, 113500, 5250, 114500, 258500, 11500, 13850, 228500, 29700, 118000, 79200, 95600, 284500, 135000, 13850], 'sell_cnt': [1414, 151, 97, 258, 2195, 293, 293, 7151, 1425, 11611, 5812, 3982, 13883, 28982, 2409, 2042, 2456, 316, 43, 789, 678, 29024], 'buy_price': [260000, 97400, 262000, 62900, 53400, 73000, 40300, 134500, 113000, 5240, 114000, 258000, 11450, 13800, 228000, 29650, 117500, 79100, 95500, 284000, 134500, 13800], 'buy_cnt': [766, 160, 623, 353, 1386, 166, 321, 19135, 901, 7671, 2720, 1574, 22997, 59651, 892, 3234, 5044, 74, 431, 293, 3210, 59684], 'vol_cnt': [7720, 5375, 2366, 24615, 112953, 6762, 25896, 175131, 10434, 220236, 9723, 31723, 77107, 78949, 29253, 52456, 128810, 13327, 8244, 3032, 58896, 105572], 'deal_power': [43.04, 60.41, 90.02, 102.07, 151.66, 150.42, 60.98, 29.54, 113.58, 125.83, 43.63, 45.29, 121.47, 61.69, 164.54, 58.64, 97.08, 48.79, 35.09, 48.71, 53.32, 49.61]}
{'stock_no': [], 'deal_power': []}
timer600틱 끝 timer1 재시작
timer600틱 시작 timer1 중지
-----
10분에 한번씩 클럭 발생::체결강도 전송 실행시간 : 10:30:01
계좌평가잔고내역요청 전송
000810;001040;002380;002790;003670;004800;004990;005380;006280;008560;009540;017670;018880;024110;034730;035250;035420;069960;078340;097950;139480;316140;
22
{'stock_no': ['000810', '001040', '002380', '002790', '003670', '004800', '004990', '005380', '006280', '008560', '009540', '017670', '018880', '024110', '034730', '035250', '035420', '069960', '078340', '097950', '139480', '316140'], 'stock_name': ['삼성화재', 'CJ', 'KCC', '아모레G', '포스코케미칼', '효성', '롯데지주', '현대차', '녹십자', '메리츠종금증권', '한국조선해양', 'SK텔레콤', '한온시스템', '기업은행', 'SK', '강원랜드', 'NAVER', '현대백화점', '컴투스', 'CJ제일제당', '이마트', '우리금융지주'], 'market_in_price': [272500, 103000, 278500, 66700, 55600, 75500, 44750, 142500, 127000, 5600, 123500, 262000, 11750, 14150, 239000, 31050, 120500, 81500, 104800, 301000, 144500, 14100], 'myhave_cnt': [5, 14, 4, 17, 21, 15, 33, 10, 9, 266, 12, 5, 100, 84, 6, 48, 9, 14, 14, 4, 8, 84], 'run_price': [260500, 97600, 263500, 63000, 53500, 73100, 40250, 134500, 113500, 5260, 114000, 258500, 11500, 13850, 228000, 29700, 118000, 79400, 95300, 284000, 134500, 13850], 'sell_price': [260500, 97700, 263500, 63100, 53500, 73200, 40300, 135000, 113500, 5270, 114500, 258500, 11500, 13850, 228500, 29750, 118500, 79500, 95300, 284500, 135000, 13850], 'sell_cnt': [692, 37, 80, 316, 2864, 57, 833, 21756, 1507, 9501, 6687, 2726, 11484, 31273, 2325, 3404, 8470, 489, 68, 732, 4165, 32311], 'buy_price': [260000, 97600, 263000, 63000, 53400, 73100, 40250, 134500, 113000, 5260, 114000, 258000, 11450, 13800, 228000, 29700, 118000, 79400, 95200, 284000, 134500, 13800], 'buy_cnt': [1450, 148, 99, 1482, 1203, 78, 569, 5432, 854, 767, 2915, 3998, 27408, 51849, 2081, 4747, 1590, 208, 115, 488, 3003, 57122], 'vol_cnt': [7907, 5577, 2821, 25755, 113971, 7297, 26313, 213564, 10610, 250987, 10095, 32738, 83723, 86557, 30569, 56499, 134230, 15417, 9508, 3233, 59916, 111795], 'deal_power': [44.98, 62.79, 114.58, 108.38, 151.96, 161.89, 59.81, 30.09, 112.38, 127.7, 46.93, 48.44, 125.98, 62.67, 152.08, 67.45, 98.24, 52.14, 30.48, 52.84, 52.66, 47.49]}
{'stock_no': [], 'deal_power': []}
timer600틱 끝 timer1 재시작
timer600틱 시작 timer1 중지
-----
10분에 한번씩 클럭 발생::체결강도 전송 실행시간 : 10:40:01
계좌평가잔고내역요청 전송
000810;001040;002380;002790;003670;004800;004990;005380;006280;008560;009540;017670;018880;024110;034730;035250;035420;069960;078340;097950;139480;316140;
22
{'stock_no': ['000810', '001040', '002380', '002790', '003670', '004800', '004990', '005380', '006280', '008560', '009540', '017670', '018880', '024110', '034730', '035250', '035420', '069960', '078340', '097950', '139480', '316140'], 'stock_name': ['삼성화재', 'CJ', 'KCC', '아모레G', '포스코케미칼', '효성', '롯데지주', '현대차', '녹십자', '메리츠종금증권', '한국조선해양', 'SK텔레콤', '한온시스템', '기업은행', 'SK', '강원랜드', 'NAVER', '현대백화점', '컴투스', 'CJ제일제당', '이마트', '우리금융지주'], 'market_in_price': [272500, 103000, 278500, 66700, 55600, 75500, 44750, 142500, 127000, 5600, 123500, 262000, 11750, 14150, 239000, 31050, 120500, 81500, 104800, 301000, 144500, 14100], 'myhave_cnt': [5, 14, 4, 17, 21, 15, 33, 10, 9, 266, 12, 5, 100, 84, 6, 48, 9, 14, 14, 4, 8, 84], 'run_price': [261000, 97600, 264000, 63200, 53500, 73300, 40150, 134000, 112500, 5270, 113500, 258500, 11500, 13850, 228500, 29950, 118500, 79500, 95500, 283500, 134500, 13800], 'sell_price': [261500, 97700, 264000, 63200, 53500, 73300, 40200, 134000, 113000, 5280, 114000, 258500, 11500, 13850, 228500, 29950, 118500, 79600, 95600, 284000, 135000, 13850], 'sell_cnt': [634, 216, 111, 955, 3011, 114, 617, 17978, 1093, 11085, 1196, 2629, 9523, 32001, 2873, 2349, 7157, 81, 46, 778, 4348, 35888], 'buy_price': [261000, 97600, 263500, 63100, 53400, 73200, 40150, 133500, 112500, 5270, 113500, 258000, 11450, 13800, 228000, 29900, 118000, 79500, 95500, 283500, 134500, 13800], 'buy_cnt': [1248, 506, 253, 908, 1328, 448, 488, 8263, 1401, 8859, 8119, 4338, 46951, 28167, 193, 1533, 8143, 310, 116, 334, 3540, 61458], 'vol_cnt': [9192, 5959, 3052, 26408, 116015, 8105, 27987, 268815, 11287, 275222, 17002, 33371, 89629, 93947, 32776, 69305, 147751, 16181, 9817, 3961, 60115, 117028], 'deal_power': [68.87, 63.73, 128.45, 112.5, 153.77, 166.69, 57.46, 29.87, 101.65, 126.17, 68.71, 49.55, 125.49, 63.47, 133.37, 92.54, 114.03, 56.29, 32.46, 42.55, 52.86, 46.76]}
{'stock_no': [], 'deal_power': []}
timer600틱 끝 timer1 재시작
timer600틱 시작 timer1 중지
-----
10분에 한번씩 클럭 발생::체결강도 전송 실행시간 : 10:50:01
계좌평가잔고내역요청 전송
000810;001040;002380;002790;003670;004800;004990;005380;006280;008560;009540;017670;018880;024110;034730;035250;035420;069960;078340;097950;139480;316140;
22
{'stock_no': ['000810', '001040', '002380', '002790', '003670', '004800', '004990', '005380', '006280', '008560', '009540', '017670', '018880', '024110', '034730', '035250', '035420', '069960', '078340', '097950', '139480', '316140'], 'stock_name': ['삼성화재', 'CJ', 'KCC', '아모레G', '포스코케미칼', '효성', '롯데지주', '현대차', '녹십자', '메리츠종금증권', '한국조선해양', 'SK텔레콤', '한온시스템', '기업은행', 'SK', '강원랜드', 'NAVER', '현대백화점', '컴투스', 'CJ제일제당', '이마트', '우리금융지주'], 'market_in_price': [272500, 103000, 278500, 66700, 55600, 75500, 44750, 142500, 127000, 5600, 123500, 262000, 11750, 14150, 239000, 31050, 120500, 81500, 104800, 301000, 144500, 14100], 'myhave_cnt': [5, 14, 4, 17, 21, 15, 33, 10, 9, 266, 12, 5, 100, 84, 6, 48, 9, 14, 14, 4, 8, 84], 'run_price': [260500, 97600, 264500, 62800, 53300, 73000, 40150, 133500, 113000, 5260, 114500, 258500, 11500, 13800, 228500, 29650, 118000, 79200, 95300, 285500, 134500, 13850], 'sell_price': [261000, 97600, 264500, 62800, 53400, 73100, 40150, 134000, 113000, 5260, 114500, 258500, 11500, 13850, 228500, 29700, 118500, 79300, 95300, 285500, 134500, 13850], 'sell_cnt': [1109, 156, 164, 377, 2295, 494, 1795, 17718, 1199, 17740, 3276, 4077, 15619, 23916, 3478, 3045, 15063, 579, 122, 297, 341, 48799], 'buy_price': [260500, 97500, 264000, 62700, 53300, 73000, 40100, 133500, 112500, 5250, 114000, 258000, 11450, 13800, 228000, 29650, 118000, 79200, 95200, 285000, 134000, 13800], 'buy_cnt': [992, 144, 545, 628, 2482, 335, 1126, 8224, 1562, 13913, 3734, 3153, 42227, 56411, 3026, 483, 7709, 325, 181, 462, 5324, 68570], 'vol_cnt': [10657, 6694, 3306, 29049, 121357, 9224, 30156, 294741, 11557, 313612, 20082, 34209, 95971, 105158, 34075, 82471, 153418, 17113, 10671, 5544, 61698, 122937], 'deal_power': [67.58, 57.77, 144.12, 97.11, 142.87, 121.24, 54.11, 30.02, 98.38, 99.93, 88.24, 50.62, 131.62, 72.59, 130.66, 72.64, 113.12, 52.77, 30.68, 86.82, 52.1, 46.11]}
{'stock_no': [], 'deal_power': []}
timer600틱 끝 timer1 재시작
timer600틱 시작 timer1 중지
-----
10분에 한번씩 클럭 발생::체결강도 전송 실행시간 : 11:00:01
계좌평가잔고내역요청 전송
000810;001040;002380;002790;003670;004800;004990;005380;006280;008560;009540;017670;018880;024110;034730;035250;035420;069960;078340;097950;139480;316140;
22
{'stock_no': ['000810', '001040', '002380', '002790', '003670', '004800', '004990', '005380', '006280', '008560', '009540', '017670', '018880', '024110', '034730', '035250', '035420', '069960', '078340', '097950', '139480', '316140'], 'stock_name': ['삼성화재', 'CJ', 'KCC', '아모레G', '포스코케미칼', '효성', '롯데지주', '현대차', '녹십자', '메리츠종금증권', '한국조선해양', 'SK텔레콤', '한온시스템', '기업은행', 'SK', '강원랜드', 'NAVER', '현대백화점', '컴투스', 'CJ제일제당', '이마트', '우리금융지주'], 'market_in_price': [272500, 103000, 278500, 66700, 55600, 75500, 44750, 142500, 127000, 5600, 123500, 262000, 11750, 14150, 239000, 31050, 120500, 81500, 104800, 301000, 144500, 14100], 'myhave_cnt': [5, 14, 4, 17, 21, 15, 33, 10, 9, 266, 12, 5, 100, 84, 6, 48, 9, 14, 14, 4, 8, 84], 'run_price': [260500, 97400, 264000, 62900, 53300, 73000, 40000, 133500, 112500, 5230, 114000, 258000, 11450, 13800, 227500, 29700, 117500, 79200, 95500, 285000, 134500, 13850], 'sell_price': [261000, 97500, 264500, 63000, 53300, 73100, 40050, 134000, 113000, 5240, 114500, 258500, 11500, 13850, 228000, 29750, 118000, 79300, 95500, 285500, 134500, 13850], 'sell_cnt': [1144, 275, 251, 775, 3520, 605, 287, 14445, 1226, 14137, 2624, 3090, 22319, 24425, 1703, 536, 6221, 843, 39, 505, 139, 49414], 'buy_price': [260500, 97400, 264000, 62900, 53200, 73000, 40000, 133500, 112500, 5230, 114000, 258000, 11450, 13800, 227500, 29700, 117500, 79200, 95400, 285000, 134000, 13800], 'buy_cnt': [1114, 23, 263, 346, 2019, 386, 1914, 10446, 2299, 7355, 3756, 2713, 40862, 58738, 3536, 1557, 6623, 843, 35, 342, 5787, 66288], 'vol_cnt': [10780, 7461, 3492, 31784, 127815, 9511, 41525, 317305, 11617, 349056, 20673, 35276, 100146, 110975, 36170, 87965, 165136, 17321, 11355, 5799, 62189, 129254], 'deal_power': [67.74, 51.29, 145.36, 113.6, 130.73, 114.52, 42.74, 30.09, 98.63, 84.98, 91.22, 51.61, 130.42, 73.12, 122.86, 79.48, 100.05, 52.82, 32.71, 83.17, 53.11, 45.95]}
{'stock_no': [], 'deal_power': []}
timer600틱 끝 timer1 재시작
timer600틱 시작 timer1 중지
-----
10분에 한번씩 클럭 발생::체결강도 전송 실행시간 : 11:10:01
계좌평가잔고내역요청 전송
000810;001040;002380;002790;003670;004800;004990;005380;006280;008560;009540;017670;018880;024110;034730;035250;035420;069960;078340;097950;139480;316140;
22
{'stock_no': ['000810', '001040', '002380', '002790', '003670', '004800', '004990', '005380', '006280', '008560', '009540', '017670', '018880', '024110', '034730', '035250', '035420', '069960', '078340', '097950', '139480', '316140'], 'stock_name': ['삼성화재', 'CJ', 'KCC', '아모레G', '포스코케미칼', '효성', '롯데지주', '현대차', '녹십자', '메리츠종금증권', '한국조선해양', 'SK텔레콤', '한온시스템', '기업은행', 'SK', '강원랜드', 'NAVER', '현대백화점', '컴투스', 'CJ제일제당', '이마트', '우리금융지주'], 'market_in_price': [272500, 103000, 278500, 66700, 55600, 75500, 44750, 142500, 127000, 5600, 123500, 262000, 11750, 14150, 239000, 31050, 120500, 81500, 104800, 301000, 144500, 14100], 'myhave_cnt': [5, 14, 4, 17, 21, 15, 33, 10, 9, 266, 12, 5, 100, 84, 6, 48, 9, 14, 14, 4, 8, 84], 'run_price': [261000, 97700, 264000, 63200, 53200, 73000, 40100, 133500, 113500, 5250, 114500, 258500, 11500, 13850, 227500, 29750, 118000, 79200, 95400, 285000, 135000, 13850], 'sell_price': [261000, 97700, 264500, 63200, 53200, 73100, 40150, 134000, 113500, 5250, 114500, 258500, 11500, 13850, 228000, 29800, 118500, 79300, 95500, 285000, 135000, 13850], 'sell_cnt': [1033, 47, 251, 1467, 5765, 444, 465, 8602, 2051, 5584, 2438, 2159, 30063, 32596, 2686, 3832, 9267, 913, 29, 386, 6248, 53922], 'buy_price': [260500, 97600, 264000, 63100, 53100, 73000, 40100, 133500, 113000, 5240, 114000, 258000, 11450, 13800, 227500, 29750, 118000, 79200, 95400, 284500, 134500, 13800], 'buy_cnt': [1724, 178, 176, 800, 3351, 721, 189, 17185, 766, 6832, 5589, 4286, 39916, 51304, 3457, 826, 2674, 993, 11, 149, 6743, 75932], 'vol_cnt': [11031, 7803, 3649, 33129, 131157, 9766, 44093, 327118, 12428, 379041, 21208, 36604, 104317, 117338, 37638, 91604, 173404, 17534, 11769, 6267, 62965, 134492], 'deal_power': [69.25, 55.63, 141.76, 113.86, 125.84, 113.51, 45.9, 30.15, 107.19, 89.31, 95.77, 54.16, 130.34, 77.0, 118.81, 78.6, 108.75, 53.02, 33.51, 73.66, 54.44, 46.17]}
{'stock_no': [], 'deal_power': []}
timer600틱 끝 timer1 재시작
timer600틱 시작 timer1 중지
-----
10분에 한번씩 클럭 발생::체결강도 전송 실행시간 : 11:20:01
계좌평가잔고내역요청 전송
000810;001040;002380;002790;003670;004800;004990;005380;006280;008560;009540;017670;018880;024110;034730;035250;035420;069960;078340;097950;139480;316140;
22
{'stock_no': ['000810', '001040', '002380', '002790', '003670', '004800', '004990', '005380', '006280', '008560', '009540', '017670', '018880', '024110', '034730', '035250', '035420', '069960', '078340', '097950', '139480', '316140'], 'stock_name': ['삼성화재', 'CJ', 'KCC', '아모레G', '포스코케미칼', '효성', '롯데지주', '현대차', '녹십자', '메리츠종금증권', '한국조선해양', 'SK텔레콤', '한온시스템', '기업은행', 'SK', '강원랜드', 'NAVER', '현대백화점', '컴투스', 'CJ제일제당', '이마트', '우리금융지주'], 'market_in_price': [272500, 103000, 278500, 66700, 55600, 75500, 44750, 142500, 127000, 5600, 123500, 262000, 11750, 14150, 239000, 31050, 120500, 81500, 104800, 301000, 144500, 14100], 'myhave_cnt': [5, 14, 4, 17, 21, 15, 33, 10, 9, 266, 12, 5, 100, 84, 6, 48, 9, 14, 14, 4, 8, 84], 'run_price': [260500, 97600, 264500, 63100, 53100, 73000, 40100, 133000, 112500, 5240, 115000, 259500, 11500, 13850, 228000, 29700, 118000, 79200, 95400, 283500, 135500, 13800], 'sell_price': [261000, 97700, 265000, 63200, 53100, 73000, 40150, 133500, 113000, 5250, 115000, 259500, 11500, 13850, 228000, 29700, 118500, 79300, 95500, 284000, 135500, 13850], 'sell_cnt': [1069, 167, 359, 1993, 5728, 113, 1347, 7818, 284, 12209, 3132, 824, 37282, 45242, 3019, 7021, 11548, 1174, 46, 635, 6558, 57700], 'buy_price': [260500, 97600, 264500, 63100, 53000, 72900, 40100, 133000, 112500, 5240, 114500, 259000, 11450, 13800, 227500, 29650, 118000, 79200, 95400, 283500, 135000, 13800], 'buy_cnt': [1820, 129, 312, 121, 2238, 8, 450, 33651, 3084, 1185, 2770, 2703, 37629, 25960, 4134, 2179, 2765, 1055, 91, 253, 238, 72139], 'vol_cnt': [11416, 7939, 4056, 34575, 138670, 11219, 45855, 351084, 12762, 393920, 28067, 42698, 109541, 132342, 40362, 95363, 175931, 17789, 11848, 6542, 72133, 139624], 'deal_power': [71.06, 56.52, 150.53, 106.66, 116.17, 100.36, 43.38, 28.26, 110.44, 86.58, 129.67, 65.86, 126.33, 67.25, 110.72, 74.82, 108.2, 52.87, 33.3, 69.6, 65.72, 46.91]}
{'stock_no': [], 'deal_power': []}
timer600틱 끝 timer1 재시작
timer600틱 시작 timer1 중지
-----
10분에 한번씩 클럭 발생::체결강도 전송 실행시간 : 11:30:01
계좌평가잔고내역요청 전송
000810;001040;002380;002790;003670;004800;004990;005380;006280;008560;009540;017670;018880;024110;034730;035250;035420;069960;078340;097950;139480;316140;
22
{'stock_no': ['000810', '001040', '002380', '002790', '003670', '004800', '004990', '005380', '006280', '008560', '009540', '017670', '018880', '024110', '034730', '035250', '035420', '069960', '078340', '097950', '139480', '316140'], 'stock_name': ['삼성화재', 'CJ', 'KCC', '아모레G', '포스코케미칼', '효성', '롯데지주', '현대차', '녹십자', '메리츠종금증권', '한국조선해양', 'SK텔레콤', '한온시스템', '기업은행', 'SK', '강원랜드', 'NAVER', '현대백화점', '컴투스', 'CJ제일제당', '이마트', '우리금융지주'], 'market_in_price': [272500, 103000, 278500, 66700, 55600, 75500, 44750, 142500, 127000, 5600, 123500, 262000, 11750, 14150, 239000, 31050, 120500, 81500, 104800, 301000, 144500, 14100], 'myhave_cnt': [5, 14, 4, 17, 21, 15, 33, 10, 9, 266, 12, 5, 100, 84, 6, 48, 9, 14, 14, 4, 8, 84], 'run_price': [261000, 97600, 264500, 62900, 53200, 73000, 40100, 133000, 113000, 5230, 115000, 259500, 11400, 13800, 228000, 29650, 118000, 79200, 95800, 283500, 135000, 13850], 'sell_price': [261500, 97700, 265000, 62900, 53200, 73000, 40150, 133500, 113000, 5230, 115000, 260000, 11450, 13850, 228000, 29700, 118500, 79300, 95900, 284000, 135500, 13850], 'sell_cnt': [890, 353, 310, 652, 1369, 130, 894, 8009, 646, 2442, 3086, 1623, 30324, 49426, 1502, 1075, 12526, 1116, 127, 645, 6576, 60339], 'buy_price': [261000, 97600, 264500, 62800, 53100, 72900, 40100, 133000, 112500, 5220, 114500, 259500, 11400, 13800, 227500, 29650, 118000, 79200, 95800, 283500, 135000, 13800], 'buy_cnt': [1346, 157, 237, 723, 1350, 192, 299, 28687, 3446, 29725, 2869, 627, 30030, 2645, 3530, 2240, 5210, 737, 9, 87, 2786, 114858], 'vol_cnt': [12646, 7968, 4307, 36010, 147741, 11566, 46443, 361524, 13029, 413746, 28865, 44095, 151274, 161722, 42237, 107989, 178083, 18316, 12157, 6998, 72562, 143914], 'deal_power': [90.45, 56.72, 149.97, 99.73, 125.17, 103.01, 44.44, 28.28, 114.5, 83.3, 133.94, 70.01, 73.59, 51.46, 110.46, 83.59, 107.94, 52.1, 34.84, 63.12, 66.26, 47.78]}
{'stock_no': [], 'deal_power': []}
timer600틱 끝 timer1 재시작
timer600틱 시작 timer1 중지
-----
10분에 한번씩 클럭 발생::체결강도 전송 실행시간 : 11:40:01
계좌평가잔고내역요청 전송
000810;001040;002380;002790;003670;004800;004990;005380;006280;008560;009540;017670;018880;024110;034730;035250;035420;069960;078340;097950;139480;316140;
22
{'stock_no': ['000810', '001040', '002380', '002790', '003670', '004800', '004990', '005380', '006280', '008560', '009540', '017670', '018880', '024110', '034730', '035250', '035420', '069960', '078340', '097950', '139480', '316140'], 'stock_name': ['삼성화재', 'CJ', 'KCC', '아모레G', '포스코케미칼', '효성', '롯데지주', '현대차', '녹십자', '메리츠종금증권', '한국조선해양', 'SK텔레콤', '한온시스템', '기업은행', 'SK', '강원랜드', 'NAVER', '현대백화점', '컴투스', 'CJ제일제당', '이마트', '우리금융지주'], 'market_in_price': [272500, 103000, 278500, 66700, 55600, 75500, 44750, 142500, 127000, 5600, 123500, 262000, 11750, 14150, 239000, 31050, 120500, 81500, 104800, 301000, 144500, 14100], 'myhave_cnt': [5, 14, 4, 17, 21, 15, 33, 10, 9, 266, 12, 5, 100, 84, 6, 48, 9, 14, 14, 4, 8, 84], 'run_price': [261500, 97600, 264000, 62800, 53500, 73000, 40100, 133500, 113000, 5220, 115000, 260000, 11450, 13850, 228000, 29700, 118500, 79300, 95500, 283000, 135000, 13850], 'sell_price': [261500, 97700, 264500, 62800, 53500, 73000, 40150, 133500, 113000, 5230, 115000, 260000, 11450, 13850, 228000, 29750, 118500, 79300, 95600, 283500, 135500, 13850], 'sell_cnt': [711, 369, 338, 1094, 907, 120, 956, 4551, 478, 12458, 3558, 1797, 26319, 45797, 751, 3253, 14159, 1288, 20, 742, 6457, 61193], 'buy_price': [261000, 97600, 264000, 62700, 53400, 72900, 40100, 133000, 112500, 5220, 114500, 259500, 11400, 13800, 227500, 29700, 118000, 79200, 95500, 283000, 135000, 13800], 'buy_cnt': [2446, 200, 29, 919, 2159, 272, 1079, 28947, 3983, 30777, 2476, 747, 28101, 25086, 3369, 1582, 6349, 631, 72, 384, 3007, 75793], 'vol_cnt': [12957, 7992, 4648, 41546, 152182, 11933, 47363, 374768, 13814, 430862, 29404, 45218, 158218, 168504, 43556, 110103, 180189, 18597, 12270, 7482, 72948, 158012], 'deal_power': [94.52, 56.67, 131.03, 91.35, 131.89, 103.81, 46.03, 29.64, 126.67, 83.15, 136.58, 70.97, 72.6, 50.9, 112.85, 84.81, 108.22, 51.47, 34.4, 57.86, 66.61, 46.48]}
{'stock_no': [], 'deal_power': []}
timer600틱 끝 timer1 재시작
timer600틱 시작 timer1 중지
-----
10분에 한번씩 클럭 발생::체결강도 전송 실행시간 : 11:50:01
계좌평가잔고내역요청 전송
000810;001040;002380;002790;003670;004800;004990;005380;006280;008560;009540;017670;018880;024110;034730;035250;035420;069960;078340;097950;139480;316140;
22
{'stock_no': ['000810', '001040', '002380', '002790', '003670', '004800', '004990', '005380', '006280', '008560', '009540', '017670', '018880', '024110', '034730', '035250', '035420', '069960', '078340', '097950', '139480', '316140'], 'stock_name': ['삼성화재', 'CJ', 'KCC', '아모레G', '포스코케미칼', '효성', '롯데지주', '현대차', '녹십자', '메리츠종금증권', '한국조선해양', 'SK텔레콤', '한온시스템', '기업은행', 'SK', '강원랜드', 'NAVER', '현대백화점', '컴투스', 'CJ제일제당', '이마트', '우리금융지주'], 'market_in_price': [272500, 103000, 278500, 66700, 55600, 75500, 44750, 142500, 127000, 5600, 123500, 262000, 11750, 14150, 239000, 31050, 120500, 81500, 104800, 301000, 144500, 14100], 'myhave_cnt': [5, 14, 4, 17, 21, 15, 33, 10, 9, 266, 12, 5, 100, 84, 6, 48, 9, 14, 14, 4, 8, 84], 'run_price': [261500, 97700, 263500, 62800, 53500, 73100, 40150, 133500, 113000, 5250, 115500, 260000, 11500, 13850, 228000, 29700, 118000, 79200, 95700, 283000, 135500, 13900], 'sell_price': [262000, 97700, 264000, 62800, 53500, 73100, 40200, 133500, 113000, 5250, 115500, 260000, 11500, 13850, 228000, 29750, 118500, 79300, 95700, 283500, 135500, 13900], 'sell_cnt': [573, 187, 217, 1641, 568, 358, 818, 10891, 1345, 7500, 5992, 1874, 46771, 42415, 817, 3723, 11834, 1191, 6, 783, 6944, 95372], 'buy_price': [261500, 97600, 263500, 62700, 53400, 73000, 40150, 133000, 112500, 5240, 115000, 259500, 11450, 13800, 227500, 29700, 118000, 79200, 95600, 283000, 135000, 13850], 'buy_cnt': [1907, 379, 47, 1336, 2119, 276, 383, 26841, 3913, 3868, 1074, 1663, 1276, 25307, 3498, 2757, 8551, 492, 36, 138, 3048, 13817], 'vol_cnt': [13881, 8262, 4854, 43315, 154824, 12267, 48748, 393498, 13990, 460761, 33002, 46114, 196381, 175306, 46423, 111643, 183769, 19018, 12473, 7972, 73829, 242270], 'deal_power': [107.3, 61.64, 124.19, 95.06, 135.39, 107.23, 50.19, 31.13, 126.36, 84.44, 162.11, 72.65, 95.09, 50.84, 123.14, 85.01, 109.58, 50.59, 34.87, 54.07, 66.26, 107.99]}
{'stock_no': [], 'deal_power': []}
timer600틱 끝 timer1 재시작
timer600틱 시작 timer1 중지
-----
10분에 한번씩 클럭 발생::체결강도 전송 실행시간 : 12:00:01
계좌평가잔고내역요청 전송
000810;001040;002380;002790;003670;004800;004990;005380;006280;008560;009540;017670;018880;024110;034730;035250;035420;069960;078340;097950;139480;316140;
22
{'stock_no': ['000810', '001040', '002380', '002790', '003670', '004800', '004990', '005380', '006280', '008560', '009540', '017670', '018880', '024110', '034730', '035250', '035420', '069960', '078340', '097950', '139480', '316140'], 'stock_name': ['삼성화재', 'CJ', 'KCC', '아모레G', '포스코케미칼', '효성', '롯데지주', '현대차', '녹십자', '메리츠종금증권', '한국조선해양', 'SK텔레콤', '한온시스템', '기업은행', 'SK', '강원랜드', 'NAVER', '현대백화점', '컴투스', 'CJ제일제당', '이마트', '우리금융지주'], 'market_in_price': [272500, 103000, 278500, 66700, 55600, 75500, 44750, 142500, 127000, 5600, 123500, 262000, 11750, 14150, 239000, 31050, 120500, 81500, 104800, 301000, 144500, 14100], 'myhave_cnt': [5, 14, 4, 17, 21, 15, 33, 10, 9, 266, 12, 5, 100, 84, 6, 48, 9, 14, 14, 4, 8, 84], 'run_price': [262000, 97800, 263500, 62800, 53700, 73100, 40250, 133000, 112500, 5250, 115000, 260000, 11450, 13850, 228000, 29750, 119000, 79200, 95500, 282500, 135000, 13900], 'sell_price': [262000, 97800, 264000, 62800, 53700, 73100, 40250, 133500, 113000, 5250, 115000, 260500, 11450, 13850, 228000, 29750, 119000, 79300, 95600, 283000, 135500, 13900], 'sell_cnt': [101, 118, 213, 1792, 1145, 400, 240, 3416, 1366, 9363, 2237, 2472, 18210, 39256, 729, 2547, 11414, 1146, 30, 174, 6744, 101437], 'buy_price': [261500, 97700, 263500, 62700, 53600, 73000, 40200, 133000, 112500, 5240, 114500, 260000, 11400, 13800, 227500, 29700, 118500, 79200, 95500, 282500, 135000, 13850], 'buy_cnt': [3107, 352, 69, 1579, 1816, 452, 1156, 44580, 4481, 7513, 6072, 707, 32157, 39324, 3878, 3248, 8989, 3697, 22, 382, 3629, 20421], 'vol_cnt': [14558, 8635, 5027, 43569, 158618, 12718, 50281, 408229, 14077, 477166, 34829, 47802, 201943, 183782, 47737, 114340, 200026, 19440, 12993, 8766, 75771, 245658], 'deal_power': [117.23, 68.65, 119.68, 94.97, 139.71, 101.01, 53.2, 33.04, 127.0, 81.98, 146.07, 77.23, 93.82, 51.34, 126.38, 84.64, 126.6, 49.61, 33.3, 48.71, 66.4, 106.81]}
{'stock_no': [], 'deal_power': []}
timer600틱 끝 timer1 재시작
timer600틱 시작 timer1 중지
-----
10분에 한번씩 클럭 발생::체결강도 전송 실행시간 : 12:10:01
계좌평가잔고내역요청 전송
000810;001040;002380;002790;003670;004800;004990;005380;006280;008560;009540;017670;018880;024110;034730;035250;035420;069960;078340;097950;139480;316140;
22
{'stock_no': ['000810', '001040', '002380', '002790', '003670', '004800', '004990', '005380', '006280', '008560', '009540', '017670', '018880', '024110', '034730', '035250', '035420', '069960', '078340', '097950', '139480', '316140'], 'stock_name': ['삼성화재', 'CJ', 'KCC', '아모레G', '포스코케미칼', '효성', '롯데지주', '현대차', '녹십자', '메리츠종금증권', '한국조선해양', 'SK텔레콤', '한온시스템', '기업은행', 'SK', '강원랜드', 'NAVER', '현대백화점', '컴투스', 'CJ제일제당', '이마트', '우리금융지주'], 'market_in_price': [272500, 103000, 278500, 66700, 55600, 75500, 44750, 142500, 127000, 5600, 123500, 262000, 11750, 14150, 239000, 31050, 120500, 81500, 104800, 301000, 144500, 14100], 'myhave_cnt': [5, 14, 4, 17, 21, 15, 33, 10, 9, 266, 12, 5, 100, 84, 6, 48, 9, 14, 14, 4, 8, 84], 'run_price': [262000, 97900, 264000, 62800, 53800, 73000, 40250, 134000, 113000, 5250, 115000, 260500, 11400, 13800, 228500, 29800, 118500, 79300, 95500, 282500, 135500, 13850], 'sell_price': [262500, 97900, 264000, 62800, 53800, 73100, 40250, 134500, 113500, 5260, 115000, 260500, 11450, 13850, 228500, 29800, 119000, 79400, 95600, 283000, 135500, 13900], 'sell_cnt': [2014, 154, 225, 1636, 802, 516, 473, 12110, 2199, 2486, 1976, 2080, 20636, 37753, 3046, 2583, 7439, 393, 61, 848, 4278, 106267], 'buy_price': [262000, 97800, 263500, 62700, 53700, 73000, 40200, 134000, 113000, 5250, 114500, 260000, 11400, 13800, 228000, 29750, 118500, 79300, 95500, 282500, 135000, 13850], 'buy_cnt': [325, 229, 184, 1812, 2580, 690, 1274, 8960, 764, 8665, 6465, 1535, 31637, 39366, 2727, 3837, 11389, 230, 97, 552, 4084, 39696], 'vol_cnt': [16582, 8984, 5193, 44021, 161656, 12950, 50801, 436864, 14932, 489497, 35705, 48575, 206651, 190970, 50075, 119116, 203157, 21131, 13179, 9000, 78600, 248554], 'deal_power': [91.41, 73.29, 116.05, 95.42, 143.62, 99.45, 54.67, 39.07, 136.32, 84.7, 150.42, 78.59, 93.4, 52.59, 125.14, 89.3, 128.82, 56.52, 33.63, 47.86, 71.4, 105.01]}
{'stock_no': [], 'deal_power': []}
timer600틱 끝 timer1 재시작
timer600틱 시작 timer1 중지
-----
10분에 한번씩 클럭 발생::체결강도 전송 실행시간 : 12:20:01
계좌평가잔고내역요청 전송
000810;001040;002380;002790;003670;004800;004990;005380;006280;008560;009540;017670;018880;024110;034730;035250;035420;069960;078340;097950;139480;316140;
22
{'stock_no': ['000810', '001040', '002380', '002790', '003670', '004800', '004990', '005380', '006280', '008560', '009540', '017670', '018880', '024110', '034730', '035250', '035420', '069960', '078340', '097950', '139480', '316140'], 'stock_name': ['삼성화재', 'CJ', 'KCC', '아모레G', '포스코케미칼', '효성', '롯데지주', '현대차', '녹십자', '메리츠종금증권', '한국조선해양', 'SK텔레콤', '한온시스템', '기업은행', 'SK', '강원랜드', 'NAVER', '현대백화점', '컴투스', 'CJ제일제당', '이마트', '우리금융지주'], 'market_in_price': [272500, 103000, 278500, 66700, 55600, 75500, 44750, 142500, 127000, 5600, 123500, 262000, 11750, 14150, 239000, 31050, 120500, 81500, 104800, 301000, 144500, 14100], 'myhave_cnt': [5, 14, 4, 17, 21, 15, 33, 10, 9, 266, 12, 5, 100, 84, 6, 48, 9, 14, 14, 4, 8, 84], 'run_price': [262000, 97900, 263500, 63000, 53600, 73000, 40100, 134000, 113000, 5260, 115000, 260500, 11450, 13850, 228500, 29800, 119500, 79300, 95700, 282500, 135000, 13900], 'sell_price': [262500, 97900, 264000, 63000, 53600, 73100, 40100, 134500, 113500, 5260, 115000, 260500, 11450, 13850, 228500, 29800, 119500, 79400, 95700, 283000, 135500, 13900], 'sell_cnt': [2109, 326, 237, 1073, 1224, 515, 833, 9304, 2202, 1246, 1893, 1584, 24261, 33718, 2709, 2173, 14464, 669, 18, 973, 4065, 105491], 'buy_price': [262000, 97800, 263500, 62900, 53500, 73000, 40050, 134000, 113000, 5250, 114500, 260000, 11400, 13800, 228000, 29750, 119000, 79300, 95600, 282500, 135000, 13850], 'buy_cnt': [523, 337, 7, 657, 288, 764, 117, 10901, 855, 9154, 6521, 1875, 30346, 39804, 2981, 3703, 6221, 370, 123, 385, 4123, 42069], 'vol_cnt': [16763, 9046, 5403, 49085, 165665, 13462, 54721, 471527, 15024, 495459, 36409, 49651, 212192, 199205, 51099, 121209, 211975, 21398, 13331, 9400, 78968, 252113], 'deal_power': [90.53, 74.46, 108.29, 97.33, 137.74, 99.38, 54.54, 41.28, 135.27, 86.85, 153.41, 80.12, 93.7, 53.39, 126.29, 89.38, 136.82, 55.59, 34.53, 45.89, 71.83, 103.07]}
{'stock_no': [], 'deal_power': []}
timer600틱 끝 timer1 재시작
timer600틱 시작 timer1 중지
-----
10분에 한번씩 클럭 발생::체결강도 전송 실행시간 : 12:30:01
계좌평가잔고내역요청 전송
000810;001040;002380;002790;003670;004800;004990;005380;006280;008560;009540;017670;018880;024110;034730;035250;035420;069960;078340;097950;139480;316140;
22
{'stock_no': ['000810', '001040', '002380', '002790', '003670', '004800', '004990', '005380', '006280', '008560', '009540', '017670', '018880', '024110', '034730', '035250', '035420', '069960', '078340', '097950', '139480', '316140'], 'stock_name': ['삼성화재', 'CJ', 'KCC', '아모레G', '포스코케미칼', '효성', '롯데지주', '현대차', '녹십자', '메리츠종금증권', '한국조선해양', 'SK텔레콤', '한온시스템', '기업은행', 'SK', '강원랜드', 'NAVER', '현대백화점', '컴투스', 'CJ제일제당', '이마트', '우리금융지주'], 'market_in_price': [272500, 103000, 278500, 66700, 55600, 75500, 44750, 142500, 127000, 5600, 123500, 262000, 11750, 14150, 239000, 31050, 120500, 81500, 104800, 301000, 144500, 14100], 'myhave_cnt': [5, 14, 4, 17, 21, 15, 33, 10, 9, 266, 12, 5, 100, 84, 6, 48, 9, 14, 14, 4, 8, 84], 'run_price': [262000, 98100, 263500, 63000, 53600, 73200, 40200, 133500, 113500, 5270, 115000, 261000, 11450, 13800, 228500, 29800, 119500, 79500, 95700, 282500, 135500, 13900], 'sell_price': [262500, 98100, 264000, 63000, 53600, 73200, 40200, 134000, 113500, 5270, 115000, 261000, 11450, 13800, 228500, 29800, 119500, 79500, 95800, 283000, 135500, 13900], 'sell_cnt': [1267, 130, 63, 2049, 1566, 810, 572, 4280, 2148, 2706, 1461, 3139, 22366, 13253, 1668, 2645, 14720, 64, 133, 1065, 4881, 109832], 'buy_price': [262000, 98000, 263500, 62900, 53500, 73100, 40150, 133500, 113000, 5260, 114500, 260500, 11400, 13750, 228000, 29750, 119000, 79400, 95700, 282500, 135000, 13850], 'buy_cnt': [2325, 233, 825, 893, 1843, 311, 918, 21339, 106, 16095, 7222, 2796, 31262, 97067, 4613, 6344, 11155, 1503, 98, 422, 4290, 62871], 'vol_cnt': [17068, 9524, 5984, 50799, 169057, 14365, 56995, 490484, 16314, 505935, 37526, 52029, 219925, 270344, 52604, 122940, 214116, 22889, 13424, 9890, 79674, 256853], 'deal_power': [90.6, 83.75, 123.94, 100.92, 138.1, 111.63, 59.12, 40.47, 113.41, 90.74, 159.85, 87.28, 91.72, 41.97, 128.86, 89.56, 137.85, 61.69, 34.86, 43.57, 72.63, 101.13]}
{'stock_no': [], 'deal_power': []}
timer600틱 끝 timer1 재시작
timer600틱 시작 timer1 중지
-----
10분에 한번씩 클럭 발생::체결강도 전송 실행시간 : 12:40:01
계좌평가잔고내역요청 전송
000810;001040;002380;002790;003670;004800;004990;005380;006280;008560;009540;017670;018880;024110;034730;035250;035420;069960;078340;097950;139480;316140;
22
{'stock_no': ['000810', '001040', '002380', '002790', '003670', '004800', '004990', '005380', '006280', '008560', '009540', '017670', '018880', '024110', '034730', '035250', '035420', '069960', '078340', '097950', '139480', '316140'], 'stock_name': ['삼성화재', 'CJ', 'KCC', '아모레G', '포스코케미칼', '효성', '롯데지주', '현대차', '녹십자', '메리츠종금증권', '한국조선해양', 'SK텔레콤', '한온시스템', '기업은행', 'SK', '강원랜드', 'NAVER', '현대백화점', '컴투스', 'CJ제일제당', '이마트', '우리금융지주'], 'market_in_price': [272500, 103000, 278500, 66700, 55600, 75500, 44750, 142500, 127000, 5600, 123500, 262000, 11750, 14150, 239000, 31050, 120500, 81500, 104800, 301000, 144500, 14100], 'myhave_cnt': [5, 14, 4, 17, 21, 15, 33, 10, 9, 266, 12, 5, 100, 84, 6, 48, 9, 14, 14, 4, 8, 84], 'run_price': [262000, 98200, 264500, 62900, 53700, 73100, 40200, 133500, 113000, 5280, 115000, 261000, 11450, 13800, 228500, 29800, 119500, 79400, 95800, 283000, 135500, 13900], 'sell_price': [262500, 98200, 264500, 62900, 53700, 73200, 40200, 134000, 113500, 5280, 115000, 261000, 11450, 13800, 228500, 29850, 119500, 79500, 95900, 283000, 135500, 13900], 'sell_cnt': [1135, 236, 28, 827, 844, 788, 902, 2031, 2164, 14003, 1498, 3564, 22753, 18791, 1555, 1026, 7296, 22, 111, 1096, 4532, 113457], 'buy_price': [262000, 98100, 264000, 62800, 53600, 73100, 40150, 133500, 113000, 5270, 114500, 260500, 11400, 13750, 228000, 29800, 119000, 79400, 95800, 282500, 135000, 13850], 'buy_cnt': [1701, 208, 196, 1200, 977, 374, 1012, 23324, 934, 8283, 7115, 1765, 30119, 89609, 3969, 3224, 11498, 643, 88, 226, 4453, 65607], 'vol_cnt': [17979, 9937, 6277, 52420, 171459, 14736, 59547, 500849, 16470, 515667, 37946, 54483, 226743, 275838, 54213, 127913, 224837, 23384, 13636, 10372, 80497, 262208], 'deal_power': [84.88, 88.49, 128.84, 96.31, 140.68, 112.75, 58.67, 40.72, 111.48, 93.15, 160.81, 82.8, 90.57, 44.15, 134.02, 93.88, 146.52, 62.82, 36.4, 41.64, 73.54, 98.55]}
{'stock_no': [], 'deal_power': []}
timer600틱 끝 timer1 재시작
timer600틱 시작 timer1 중지
-----
10분에 한번씩 클럭 발생::체결강도 전송 실행시간 : 12:50:01
계좌평가잔고내역요청 전송
000810;001040;002380;002790;003670;004800;004990;005380;006280;008560;009540;017670;018880;024110;034730;035250;035420;069960;078340;097950;139480;316140;
22
{'stock_no': ['000810', '001040', '002380', '002790', '003670', '004800', '004990', '005380', '006280', '008560', '009540', '017670', '018880', '024110', '034730', '035250', '035420', '069960', '078340', '097950', '139480', '316140'], 'stock_name': ['삼성화재', 'CJ', 'KCC', '아모레G', '포스코케미칼', '효성', '롯데지주', '현대차', '녹십자', '메리츠종금증권', '한국조선해양', 'SK텔레콤', '한온시스템', '기업은행', 'SK', '강원랜드', 'NAVER', '현대백화점', '컴투스', 'CJ제일제당', '이마트', '우리금융지주'], 'market_in_price': [272500, 103000, 278500, 66700, 55600, 75500, 44750, 142500, 127000, 5600, 123500, 262000, 11750, 14150, 239000, 31050, 120500, 81500, 104800, 301000, 144500, 14100], 'myhave_cnt': [5, 14, 4, 17, 21, 15, 33, 10, 9, 266, 12, 5, 100, 84, 6, 48, 9, 14, 14, 4, 8, 84], 'run_price': [262500, 98400, 264500, 63000, 53700, 73100, 40150, 134000, 113000, 5270, 115000, 260500, 11400, 13800, 228000, 29900, 119500, 79400, 95800, 283000, 135500, 13900], 'sell_price': [262500, 98400, 264500, 63000, 53700, 73200, 40200, 134000, 113500, 5280, 115000, 261000, 11450, 13800, 228500, 29900, 119500, 79500, 95900, 283000, 135500, 13900], 'sell_cnt': [1223, 604, 114, 1060, 633, 543, 3458, 5166, 2103, 14680, 5144, 3401, 19147, 17381, 720, 1888, 12654, 168, 7, 1296, 2331, 109115], 'buy_price': [262000, 98300, 264000, 62900, 53600, 73100, 40150, 133500, 113000, 5270, 114500, 260500, 11400, 13750, 228000, 29850, 119000, 79400, 95800, 282500, 135000, 13850], 'buy_cnt': [2234, 589, 215, 1613, 1493, 345, 455, 25244, 1128, 7971, 5122, 3448, 43161, 105016, 4254, 2704, 13818, 296, 45, 234, 5700, 75173], 'vol_cnt': [18173, 10541, 6399, 54369, 173085, 15068, 62912, 519121, 16604, 523873, 38623, 55396, 235809, 284738, 55587, 131467, 227332, 24349, 13911, 10798, 84649, 267327], 'deal_power': [84.24, 99.41, 126.03, 103.35, 142.85, 109.49, 58.87, 41.29, 111.9, 92.37, 158.99, 83.35, 91.81, 47.99, 137.77, 95.83, 146.99, 62.19, 37.24, 40.23, 81.98, 98.36]}
{'stock_no': [], 'deal_power': []}
timer600틱 끝 timer1 재시작
timer600틱 시작 timer1 중지
-----
10분에 한번씩 클럭 발생::체결강도 전송 실행시간 : 13:00:01
계좌평가잔고내역요청 전송
000810;001040;002380;002790;003670;004800;004990;005380;006280;008560;009540;017670;018880;024110;034730;035250;035420;069960;078340;097950;139480;316140;
22
{'stock_no': ['000810', '001040', '002380', '002790', '003670', '004800', '004990', '005380', '006280', '008560', '009540', '017670', '018880', '024110', '034730', '035250', '035420', '069960', '078340', '097950', '139480', '316140'], 'stock_name': ['삼성화재', 'CJ', 'KCC', '아모레G', '포스코케미칼', '효성', '롯데지주', '현대차', '녹십자', '메리츠종금증권', '한국조선해양', 'SK텔레콤', '한온시스템', '기업은행', 'SK', '강원랜드', 'NAVER', '현대백화점', '컴투스', 'CJ제일제당', '이마트', '우리금융지주'], 'market_in_price': [272500, 103000, 278500, 66700, 55600, 75500, 44750, 142500, 127000, 5600, 123500, 262000, 11750, 14150, 239000, 31050, 120500, 81500, 104800, 301000, 144500, 14100], 'myhave_cnt': [5, 14, 4, 17, 21, 15, 33, 10, 9, 266, 12, 5, 100, 84, 6, 48, 9, 14, 14, 4, 8, 84], 'run_price': [262000, 98400, 264500, 62900, 53700, 73000, 40150, 133500, 113000, 5280, 114500, 261000, 11400, 13800, 229000, 29950, 119000, 79500, 96000, 282500, 135500, 13850], 'sell_price': [262500, 98400, 264500, 63000, 53700, 73100, 40200, 134000, 113500, 5280, 115000, 261000, 11450, 13850, 229000, 30000, 119500, 79500, 96000, 283000, 135500, 13900], 'sell_cnt': [1189, 578, 161, 1521, 1086, 514, 1202, 8636, 2148, 12062, 5726, 1767, 20118, 46968, 989, 2559, 12832, 333, 340, 1375, 2102, 112738], 'buy_price': [262000, 98300, 264000, 62900, 53600, 73000, 40150, 133500, 113000, 5270, 114500, 260500, 11400, 13800, 228500, 29950, 119000, 79400, 95900, 282500, 135000, 13850], 'buy_cnt': [2293, 100, 155, 1774, 1099, 1193, 1727, 17634, 1139, 5830, 4846, 1916, 46107, 2918, 3697, 1454, 15029, 318, 117, 260, 6343, 71069], 'vol_cnt': [18407, 11293, 6547, 54632, 176326, 15686, 64419, 528841, 16665, 530103, 39013, 56600, 242428, 316438, 57534, 137481, 230628, 24565, 14060, 11247, 86342, 271764], 'deal_power': [83.46, 89.62, 123.74, 104.17, 141.75, 102.49, 61.18, 41.48, 111.73, 92.57, 159.02, 85.2, 92.44, 55.93, 141.97, 101.1, 148.71, 61.59, 37.29, 38.57, 85.12, 97.34]}
{'stock_no': [], 'deal_power': []}
timer600틱 끝 timer1 재시작
timer600틱 시작 timer1 중지
-----
10분에 한번씩 클럭 발생::체결강도 전송 실행시간 : 13:10:01
계좌평가잔고내역요청 전송
000810;001040;002380;002790;003670;004800;004990;005380;006280;008560;009540;017670;018880;024110;034730;035250;035420;069960;078340;097950;139480;316140;
22
{'stock_no': ['000810', '001040', '002380', '002790', '003670', '004800', '004990', '005380', '006280', '008560', '009540', '017670', '018880', '024110', '034730', '035250', '035420', '069960', '078340', '097950', '139480', '316140'], 'stock_name': ['삼성화재', 'CJ', 'KCC', '아모레G', '포스코케미칼', '효성', '롯데지주', '현대차', '녹십자', '메리츠종금증권', '한국조선해양', 'SK텔레콤', '한온시스템', '기업은행', 'SK', '강원랜드', 'NAVER', '현대백화점', '컴투스', 'CJ제일제당', '이마트', '우리금융지주'], 'market_in_price': [272500, 103000, 278500, 66700, 55600, 75500, 44750, 142500, 127000, 5600, 123500, 262000, 11750, 14150, 239000, 31050, 120500, 81500, 104800, 301000, 144500, 14100], 'myhave_cnt': [5, 14, 4, 17, 21, 15, 33, 10, 9, 266, 12, 5, 100, 84, 6, 48, 9, 14, 14, 4, 8, 84], 'run_price': [262000, 98000, 263000, 62900, 53500, 73000, 40200, 134000, 113500, 5270, 115000, 261000, 11450, 13800, 229000, 30000, 119500, 79300, 95800, 282500, 135500, 13850], 'sell_price': [262500, 98000, 263500, 62900, 53600, 73100, 40200, 134000, 113500, 5270, 115000, 261000, 11450, 13800, 229000, 30000, 119500, 79400, 95800, 283000, 135500, 13900], 'sell_cnt': [1196, 514, 244, 1196, 2734, 959, 2105, 14199, 2071, 3029, 6610, 1958, 21669, 7057, 827, 3505, 7250, 647, 143, 1448, 1041, 119667], 'buy_price': [262000, 97800, 263000, 62800, 53500, 73000, 40150, 133500, 113000, 5260, 114500, 260500, 11400, 13750, 228500, 29950, 119000, 79300, 95700, 282500, 135000, 13850], 'buy_cnt': [2743, 399, 87, 1115, 1011, 1433, 822, 656, 1146, 10663, 4761, 2280, 45679, 127877, 3425, 2879, 15526, 3201, 68, 231, 7091, 67377], 'vol_cnt': [18687, 12585, 6863, 56393, 179593, 16141, 65233, 560789, 17158, 543759, 39415, 57437, 249313, 339370, 59117, 141196, 234177, 25416, 14491, 11903, 87460, 277479], 'deal_power': [83.57, 88.23, 112.29, 100.24, 137.88, 97.87, 60.49, 41.53, 108.99, 93.71, 159.28, 85.99, 93.8, 51.52, 144.36, 102.41, 150.67, 58.31, 36.63, 36.12, 86.99, 95.97]}
{'stock_no': [], 'deal_power': []}
timer600틱 끝 timer1 재시작
timer600틱 시작 timer1 중지
-----
10분에 한번씩 클럭 발생::체결강도 전송 실행시간 : 13:20:01
계좌평가잔고내역요청 전송
000810;001040;002380;002790;003670;004800;004990;005380;006280;008560;009540;017670;018880;024110;034730;035250;035420;069960;078340;097950;139480;316140;
22
{'stock_no': ['000810', '001040', '002380', '002790', '003670', '004800', '004990', '005380', '006280', '008560', '009540', '017670', '018880', '024110', '034730', '035250', '035420', '069960', '078340', '097950', '139480', '316140'], 'stock_name': ['삼성화재', 'CJ', 'KCC', '아모레G', '포스코케미칼', '효성', '롯데지주', '현대차', '녹십자', '메리츠종금증권', '한국조선해양', 'SK텔레콤', '한온시스템', '기업은행', 'SK', '강원랜드', 'NAVER', '현대백화점', '컴투스', 'CJ제일제당', '이마트', '우리금융지주'], 'market_in_price': [272500, 103000, 278500, 66700, 55600, 75500, 44750, 142500, 127000, 5600, 123500, 262000, 11750, 14150, 239000, 31050, 120500, 81500, 104800, 301000, 144500, 14100], 'myhave_cnt': [5, 14, 4, 17, 21, 15, 33, 10, 9, 266, 12, 5, 100, 84, 6, 48, 9, 14, 14, 4, 8, 84], 'run_price': [262500, 97900, 262000, 62900, 53400, 73000, 40050, 133000, 113000, 5270, 115000, 261000, 11400, 13750, 229000, 30050, 119500, 79300, 95700, 282000, 135500, 13900], 'sell_price': [262500, 98000, 262500, 62900, 53400, 73100, 40100, 133500, 113500, 5270, 115000, 261000, 11450, 13800, 229000, 30050, 120000, 79400, 95800, 282500, 135500, 13900], 'sell_cnt': [1530, 487, 132, 1306, 1655, 776, 188, 5134, 2149, 6855, 8308, 6, 38879, 38170, 2130, 1697, 12121, 735, 170, 710, 4686, 121712], 'buy_price': [262000, 97900, 262000, 62800, 53300, 73000, 40050, 133000, 113000, 5260, 114500, 260500, 11400, 13750, 228500, 30000, 119500, 79300, 95700, 282000, 135000, 13850], 'buy_cnt': [2967, 93, 190, 1261, 844, 1445, 1555, 50294, 1534, 3584, 4615, 2673, 40941, 146163, 3540, 2739, 13816, 3193, 62, 959, 7049, 58667], 'vol_cnt': [19115, 12678, 7090, 56569, 184008, 16534, 68689, 571939, 18554, 551715, 39895, 60210, 260058, 346928, 60499, 150345, 247168, 25667, 14745, 13016, 91378, 288433], 'deal_power': [86.81, 88.98, 108.41, 100.52, 132.52, 98.05, 56.21, 41.57, 96.75, 93.24, 161.06, 93.13, 92.47, 54.21, 149.16, 108.1, 159.16, 57.57, 37.59, 42.36, 86.96, 90.96]}
{'stock_no': [], 'deal_power': []}
timer600틱 끝 timer1 재시작
timer600틱 시작 timer1 중지
-----
10분에 한번씩 클럭 발생::체결강도 전송 실행시간 : 13:30:01
계좌평가잔고내역요청 전송
000810;001040;002380;002790;003670;004800;004990;005380;006280;008560;009540;017670;018880;024110;034730;035250;035420;069960;078340;097950;139480;316140;
22
{'stock_no': ['000810', '001040', '002380', '002790', '003670', '004800', '004990', '005380', '006280', '008560', '009540', '017670', '018880', '024110', '034730', '035250', '035420', '069960', '078340', '097950', '139480', '316140'], 'stock_name': ['삼성화재', 'CJ', 'KCC', '아모레G', '포스코케미칼', '효성', '롯데지주', '현대차', '녹십자', '메리츠종금증권', '한국조선해양', 'SK텔레콤', '한온시스템', '기업은행', 'SK', '강원랜드', 'NAVER', '현대백화점', '컴투스', 'CJ제일제당', '이마트', '우리금융지주'], 'market_in_price': [272500, 103000, 278500, 66700, 55600, 75500, 44750, 142500, 127000, 5600, 123500, 262000, 11750, 14150, 239000, 31050, 120500, 81500, 104800, 301000, 144500, 14100], 'myhave_cnt': [5, 14, 4, 17, 21, 15, 33, 10, 9, 266, 12, 5, 100, 84, 6, 48, 9, 14, 14, 4, 8, 84], 'run_price': [262500, 97800, 262000, 62900, 53200, 73000, 40100, 133000, 113500, 5240, 114500, 260500, 11400, 13800, 228500, 29900, 120000, 79400, 95800, 282500, 135500, 13900], 'sell_price': [262500, 97900, 262500, 62900, 53300, 73100, 40150, 133500, 113500, 5250, 114500, 260500, 11450, 13800, 229000, 29950, 120000, 79400, 95900, 282500, 135500, 13900], 'sell_cnt': [2794, 461, 246, 1480, 682, 783, 1644, 6405, 2208, 4474, 3375, 791, 40937, 39937, 1058, 2163, 17147, 1066, 152, 1328, 3070, 127353], 'buy_price': [262000, 97800, 262000, 62800, 53200, 73000, 40100, 133000, 113000, 5240, 114000, 260000, 11400, 13750, 228500, 29900, 119500, 79300, 95800, 282000, 135000, 13850], 'buy_cnt': [2348, 664, 87, 1352, 1552, 1469, 269, 49794, 1273, 2233, 8904, 2338, 31183, 147036, 3463, 361, 12795, 3299, 77, 517, 7453, 50327], 'vol_cnt': [19362, 12892, 7284, 57183, 189774, 16854, 71925, 582254, 18672, 564322, 42474, 62364, 270567, 350841, 62448, 158615, 249982, 26328, 15225, 13620, 92782, 300515], 'deal_power': [88.76, 88.09, 105.11, 100.75, 129.56, 98.63, 59.49, 41.41, 96.15, 92.13, 141.13, 90.25, 90.16, 55.53, 153.32, 100.75, 160.5, 58.03, 39.98, 40.69, 88.66, 86.61]}
{'stock_no': [], 'deal_power': []}
timer600틱 끝 timer1 재시작
timer600틱 시작 timer1 중지
-----
10분에 한번씩 클럭 발생::체결강도 전송 실행시간 : 13:40:01
계좌평가잔고내역요청 전송
000810;001040;002380;002790;003670;004800;004990;005380;006280;008560;009540;017670;018880;024110;034730;035250;035420;069960;078340;097950;139480;316140;
22
{'stock_no': ['000810', '001040', '002380', '002790', '003670', '004800', '004990', '005380', '006280', '008560', '009540', '017670', '018880', '024110', '034730', '035250', '035420', '069960', '078340', '097950', '139480', '316140'], 'stock_name': ['삼성화재', 'CJ', 'KCC', '아모레G', '포스코케미칼', '효성', '롯데지주', '현대차', '녹십자', '메리츠종금증권', '한국조선해양', 'SK텔레콤', '한온시스템', '기업은행', 'SK', '강원랜드', 'NAVER', '현대백화점', '컴투스', 'CJ제일제당', '이마트', '우리금융지주'], 'market_in_price': [272500, 103000, 278500, 66700, 55600, 75500, 44750, 142500, 127000, 5600, 123500, 262000, 11750, 14150, 239000, 31050, 120500, 81500, 104800, 301000, 144500, 14100], 'myhave_cnt': [5, 14, 4, 17, 21, 15, 33, 10, 9, 266, 12, 5, 100, 84, 6, 48, 9, 14, 14, 4, 8, 84], 'run_price': [262500, 97700, 261500, 62900, 53100, 73000, 40050, 133000, 112500, 5230, 114500, 260000, 11400, 13800, 229000, 29850, 120000, 79500, 95800, 281000, 136000, 13900], 'sell_price': [262500, 97800, 262000, 62900, 53200, 73100, 40100, 133500, 113000, 5240, 114500, 260500, 11450, 13800, 229000, 29850, 120000, 79500, 95900, 281500, 136000, 13900], 'sell_cnt': [3768, 606, 161, 1676, 1457, 865, 1855, 5500, 1245, 4737, 4404, 1830, 39130, 35672, 3591, 3990, 16543, 50, 293, 1127, 8022, 158530], 'buy_price': [262000, 97700, 261500, 62800, 53100, 73000, 40050, 133000, 112500, 5230, 114000, 260000, 11400, 13750, 228500, 29800, 119500, 79400, 95800, 281000, 135500, 13850], 'buy_cnt': [2273, 454, 148, 1503, 214, 1381, 3191, 42787, 3657, 15497, 8511, 725, 22016, 145973, 3836, 1219, 12860, 1203, 58, 538, 1701, 49691], 'vol_cnt': [19802, 13654, 7574, 57820, 199726, 17333, 74537, 593796, 20219, 575090, 43877, 63512, 281900, 358521, 64013, 160740, 254854, 28491, 15558, 14915, 96476, 305984], 'deal_power': [89.38, 81.33, 100.99, 101.55, 126.43, 96.72, 57.19, 41.05, 93.51, 92.2, 133.58, 89.7, 88.42, 57.48, 158.12, 98.69, 162.72, 66.64, 39.1, 36.81, 95.54, 85.29]}
{'stock_no': [], 'deal_power': []}
timer600틱 끝 timer1 재시작
timer600틱 시작 timer1 중지
-----
10분에 한번씩 클럭 발생::체결강도 전송 실행시간 : 13:50:01
계좌평가잔고내역요청 전송
000810;001040;002380;002790;003670;004800;004990;005380;006280;008560;009540;017670;018880;024110;034730;035250;035420;069960;078340;097950;139480;316140;
22
{'stock_no': ['000810', '001040', '002380', '002790', '003670', '004800', '004990', '005380', '006280', '008560', '009540', '017670', '018880', '024110', '034730', '035250', '035420', '069960', '078340', '097950', '139480', '316140'], 'stock_name': ['삼성화재', 'CJ', 'KCC', '아모레G', '포스코케미칼', '효성', '롯데지주', '현대차', '녹십자', '메리츠종금증권', '한국조선해양', 'SK텔레콤', '한온시스템', '기업은행', 'SK', '강원랜드', 'NAVER', '현대백화점', '컴투스', 'CJ제일제당', '이마트', '우리금융지주'], 'market_in_price': [272500, 103000, 278500, 66700, 55600, 75500, 44750, 142500, 127000, 5600, 123500, 262000, 11750, 14150, 239000, 31050, 120500, 81500, 104800, 301000, 144500, 14100], 'myhave_cnt': [5, 14, 4, 17, 21, 15, 33, 10, 9, 266, 12, 5, 100, 84, 6, 48, 9, 14, 14, 4, 8, 84], 'run_price': [262000, 97800, 263000, 62900, 53100, 72800, 40050, 132500, 112500, 5230, 114500, 259500, 11400, 13750, 229000, 29850, 119000, 79600, 95800, 281500, 136000, 13850], 'sell_price': [262500, 97800, 263500, 62900, 53100, 72900, 40100, 133000, 113000, 5240, 114500, 259500, 11450, 13800, 229000, 29900, 119500, 79700, 95900, 281500, 136000, 13900], 'sell_cnt': [4141, 505, 130, 1764, 762, 46, 2572, 4926, 1207, 2900, 3747, 1747, 41824, 46525, 3264, 6039, 10590, 206, 435, 1214, 9556, 125417], 'buy_price': [262000, 97700, 263000, 62800, 53000, 72800, 40050, 132500, 112500, 5230, 114000, 259000, 11400, 13750, 228500, 29850, 119000, 79600, 95800, 281000, 135500, 13850], 'buy_cnt': [1811, 662, 13, 2613, 1631, 239, 2936, 47730, 3742, 13493, 8663, 2831, 15560, 144550, 4106, 1538, 6017, 1648, 246, 347, 4170, 28852], 'vol_cnt': [20519, 13728, 7981, 58569, 208413, 19941, 75458, 623669, 20401, 585812, 44721, 67307, 292977, 366547, 65740, 167779, 273523, 29167, 15970, 15561, 98667, 332221], 'deal_power': [84.42, 81.4, 103.69, 102.72, 121.04, 87.86, 56.23, 38.89, 93.55, 94.67, 135.18, 82.64, 87.03, 59.02, 161.4, 101.58, 145.31, 68.98, 39.34, 35.87, 97.18, 77.11]}
{'stock_no': [], 'deal_power': []}
timer600틱 끝 timer1 재시작
timer600틱 시작 timer1 중지
-----
10분에 한번씩 클럭 발생::체결강도 전송 실행시간 : 14:00:01
계좌평가잔고내역요청 전송
000810;001040;002380;002790;003670;004800;004990;005380;006280;008560;009540;017670;018880;024110;034730;035250;035420;069960;078340;097950;139480;316140;
22
{'stock_no': ['000810', '001040', '002380', '002790', '003670', '004800', '004990', '005380', '006280', '008560', '009540', '017670', '018880', '024110', '034730', '035250', '035420', '069960', '078340', '097950', '139480', '316140'], 'stock_name': ['삼성화재', 'CJ', 'KCC', '아모레G', '포스코케미칼', '효성', '롯데지주', '현대차', '녹십자', '메리츠종금증권', '한국조선해양', 'SK텔레콤', '한온시스템', '기업은행', 'SK', '강원랜드', 'NAVER', '현대백화점', '컴투스', 'CJ제일제당', '이마트', '우리금융지주'], 'market_in_price': [272500, 103000, 278500, 66700, 55600, 75500, 44750, 142500, 127000, 5600, 123500, 262000, 11750, 14150, 239000, 31050, 120500, 81500, 104800, 301000, 144500, 14100], 'myhave_cnt': [5, 14, 4, 17, 21, 15, 33, 10, 9, 266, 12, 5, 100, 84, 6, 48, 9, 14, 14, 4, 8, 84], 'run_price': [262000, 97600, 262500, 62900, 52900, 72900, 40050, 132500, 113000, 5240, 114000, 259000, 11400, 13800, 229000, 29900, 119000, 79700, 95800, 281500, 135500, 13900], 'sell_price': [262500, 97600, 263000, 62900, 53000, 72900, 40100, 133000, 113000, 5240, 114500, 259000, 11450, 13800, 229000, 29900, 119500, 79700, 95900, 281500, 136000, 13900], 'sell_cnt': [4472, 302, 214, 2128, 491, 71, 2716, 4889, 1002, 2256, 3494, 1601, 41472, 45267, 2556, 487, 11058, 173, 460, 1336, 11811, 128726], 'buy_price': [262000, 97500, 262500, 62800, 52900, 72800, 40050, 132500, 112500, 5230, 114000, 258500, 11400, 13750, 228500, 29850, 119000, 79600, 95800, 281000, 135500, 13850], 'buy_cnt': [1475, 732, 109, 1303, 2067, 364, 2290, 45203, 3695, 22144, 8443, 2084, 1012, 145724, 3956, 9960, 7439, 1830, 180, 82, 587, 15430], 'vol_cnt': [21267, 15074, 8159, 60980, 215846, 20472, 77939, 637134, 21310, 595589, 45752, 70916, 311757, 374016, 67584, 176790, 276633, 29690, 16450, 16113, 105194, 352827], 'deal_power': [79.86, 73.44, 100.59, 100.44, 119.32, 90.87, 54.22, 38.55, 101.1, 97.11, 137.11, 77.2, 81.31, 60.92, 165.9, 106.85, 145.52, 70.18, 38.3, 35.11, 90.48, 72.92]}
{'stock_no': [], 'deal_power': []}
timer600틱 끝 timer1 재시작
timer600틱 시작 timer1 중지
-----
10분에 한번씩 클럭 발생::체결강도 전송 실행시간 : 14:10:01
계좌평가잔고내역요청 전송
000810;001040;002380;002790;003670;004800;004990;005380;006280;008560;009540;017670;018880;024110;034730;035250;035420;069960;078340;097950;139480;316140;
22
{'stock_no': ['000810', '001040', '002380', '002790', '003670', '004800', '004990', '005380', '006280', '008560', '009540', '017670', '018880', '024110', '034730', '035250', '035420', '069960', '078340', '097950', '139480', '316140'], 'stock_name': ['삼성화재', 'CJ', 'KCC', '아모레G', '포스코케미칼', '효성', '롯데지주', '현대차', '녹십자', '메리츠종금증권', '한국조선해양', 'SK텔레콤', '한온시스템', '기업은행', 'SK', '강원랜드', 'NAVER', '현대백화점', '컴투스', 'CJ제일제당', '이마트', '우리금융지주'], 'market_in_price': [272500, 103000, 278500, 66700, 55600, 75500, 44750, 142500, 127000, 5600, 123500, 262000, 11750, 14150, 239000, 31050, 120500, 81500, 104800, 301000, 144500, 14100], 'myhave_cnt': [5, 14, 4, 17, 21, 15, 33, 10, 9, 266, 12, 5, 100, 84, 6, 48, 9, 14, 14, 4, 8, 84], 'run_price': [262000, 97500, 262500, 62900, 53100, 73000, 40100, 132500, 112500, 5240, 114000, 258500, 11400, 13800, 229000, 30050, 119000, 79800, 95900, 281000, 135500, 13850], 'sell_price': [262500, 97600, 263000, 62900, 53100, 73000, 40150, 133000, 113000, 5250, 114500, 259000, 11400, 13800, 229000, 30050, 119500, 79900, 96000, 281500, 136000, 13900], 'sell_cnt': [4734, 645, 256, 3003, 256, 140, 1037, 1908, 1042, 4453, 3228, 1446, 13160, 43625, 3139, 4523, 6631, 347, 382, 1478, 9799, 136510], 'buy_price': [262000, 97500, 262500, 62800, 53000, 72900, 40100, 132500, 112500, 5240, 114000, 258500, 11350, 13750, 228500, 30000, 119000, 79800, 95900, 281000, 135500, 13850], 'buy_cnt': [1810, 764, 133, 306, 1562, 77, 2725, 38662, 3707, 24504, 8222, 2266, 25277, 149929, 3890, 1594, 9551, 397, 67, 491, 5725, 11860], 'vol_cnt': [21582, 15126, 8336, 65147, 218517, 21830, 81735, 662818, 21577, 605336, 46993, 74127, 354490, 384996, 70442, 203710, 280628, 32551, 17634, 16659, 110087, 360837], 'deal_power': [78.79, 73.46, 98.69, 92.82, 119.83, 91.44, 58.88, 39.56, 101.53, 99.48, 138.01, 74.01, 92.75, 64.59, 172.1, 112.33, 147.79, 65.65, 42.81, 34.15, 92.61, 70.95]}
{'stock_no': [], 'deal_power': []}
timer600틱 끝 timer1 재시작
timer600틱 시작 timer1 중지
-----
10분에 한번씩 클럭 발생::체결강도 전송 실행시간 : 14:20:01
계좌평가잔고내역요청 전송
000810;001040;002380;002790;003670;004800;004990;005380;006280;008560;009540;017670;018880;024110;034730;035250;035420;069960;078340;097950;139480;316140;
22
{'stock_no': ['000810', '001040', '002380', '002790', '003670', '004800', '004990', '005380', '006280', '008560', '009540', '017670', '018880', '024110', '034730', '035250', '035420', '069960', '078340', '097950', '139480', '316140'], 'stock_name': ['삼성화재', 'CJ', 'KCC', '아모레G', '포스코케미칼', '효성', '롯데지주', '현대차', '녹십자', '메리츠종금증권', '한국조선해양', 'SK텔레콤', '한온시스템', '기업은행', 'SK', '강원랜드', 'NAVER', '현대백화점', '컴투스', 'CJ제일제당', '이마트', '우리금융지주'], 'market_in_price': [272500, 103000, 278500, 66700, 55600, 75500, 44750, 142500, 127000, 5600, 123500, 262000, 11750, 14150, 239000, 31050, 120500, 81500, 104800, 301000, 144500, 14100], 'myhave_cnt': [5, 14, 4, 17, 21, 15, 33, 10, 9, 266, 12, 5, 100, 84, 6, 48, 9, 14, 14, 4, 8, 84], 'run_price': [262000, 97600, 262500, 62800, 53100, 72800, 40100, 133000, 112500, 5270, 114000, 258500, 11400, 13800, 229000, 30100, 119500, 80500, 96100, 281000, 136000, 13850], 'sell_price': [262000, 97600, 263000, 62900, 53200, 72900, 40150, 133500, 113000, 5270, 114500, 259000, 11400, 13800, 229000, 30100, 120000, 80600, 96200, 281500, 136000, 13900], 'sell_cnt': [3518, 704, 386, 2660, 1976, 173, 1587, 13071, 1506, 10521, 3548, 1051, 13623, 43454, 2634, 3196, 11538, 522, 187, 1174, 5458, 140708], 'buy_price': [261500, 97500, 262500, 62800, 53100, 72800, 40100, 133000, 112500, 5260, 114000, 258500, 11350, 13750, 228500, 30050, 119500, 80300, 96100, 281000, 135500, 13850], 'buy_cnt': [1341, 470, 117, 692, 772, 436, 4140, 1006, 3445, 18911, 8183, 1803, 14034, 149701, 4117, 828, 5204, 744, 91, 861, 5592, 43424], 'vol_cnt': [23965, 15589, 8592, 65795, 222774, 22950, 82487, 683262, 22878, 626351, 48104, 77476, 371344, 394014, 71975, 218641, 291395, 34758, 18403, 17511, 112561, 370221], 'deal_power': [67.13, 72.45, 95.42, 91.65, 118.58, 87.22, 59.78, 39.56, 113.05, 105.03, 137.77, 72.31, 91.25, 67.04, 175.57, 116.1, 155.45, 73.35, 47.86, 35.86, 95.68, 69.24]}
{'stock_no': [], 'deal_power': []}
timer600틱 끝 timer1 재시작
timer600틱 시작 timer1 중지
-----
10분에 한번씩 클럭 발생::체결강도 전송 실행시간 : 14:30:01
계좌평가잔고내역요청 전송
000810;001040;002380;002790;003670;004800;004990;005380;006280;008560;009540;017670;018880;024110;034730;035250;035420;069960;078340;097950;139480;316140;
22
{'stock_no': ['000810', '001040', '002380', '002790', '003670', '004800', '004990', '005380', '006280', '008560', '009540', '017670', '018880', '024110', '034730', '035250', '035420', '069960', '078340', '097950', '139480', '316140'], 'stock_name': ['삼성화재', 'CJ', 'KCC', '아모레G', '포스코케미칼', '효성', '롯데지주', '현대차', '녹십자', '메리츠종금증권', '한국조선해양', 'SK텔레콤', '한온시스템', '기업은행', 'SK', '강원랜드', 'NAVER', '현대백화점', '컴투스', 'CJ제일제당', '이마트', '우리금융지주'], 'market_in_price': [272500, 103000, 278500, 66700, 55600, 75500, 44750, 142500, 127000, 5600, 123500, 262000, 11750, 14150, 239000, 31050, 120500, 81500, 104800, 301000, 144500, 14100], 'myhave_cnt': [5, 14, 4, 17, 21, 15, 33, 10, 9, 266, 12, 5, 100, 84, 6, 48, 9, 14, 14, 4, 8, 84], 'run_price': [261500, 97800, 264000, 62900, 53000, 72600, 40100, 133000, 113000, 5270, 114000, 258500, 11400, 13800, 229500, 30200, 120000, 80100, 96100, 282000, 136000, 13900], 'sell_price': [262000, 97800, 264000, 62900, 53100, 72700, 40150, 133500, 113000, 5270, 114500, 259000, 11400, 13800, 229500, 30200, 120000, 80200, 96200, 282000, 136000, 13900], 'sell_cnt': [4060, 685, 141, 2680, 4342, 153, 2939, 15704, 1674, 6786, 1829, 3338, 9284, 42282, 2868, 4784, 12676, 269, 144, 1926, 3946, 151691], 'buy_price': [261500, 97700, 263500, 62800, 53000, 72600, 40100, 133000, 112500, 5260, 114000, 258500, 11350, 13750, 229000, 30150, 119500, 80100, 96100, 281500, 135500, 13850], 'buy_cnt': [1496, 952, 96, 530, 1124, 486, 2094, 115, 1534, 17405, 8322, 1166, 41825, 132426, 2981, 4235, 5828, 409, 216, 691, 6754, 40755], 'vol_cnt': [24313, 16815, 9249, 66436, 227856, 25118, 84307, 696922, 26004, 637582, 51094, 81989, 384303, 408802, 74905, 233629, 294524, 36563, 18877, 18609, 116110, 381146], 'deal_power': [66.65, 85.77, 97.22, 92.17, 118.09, 80.44, 62.96, 39.39, 88.29, 106.32, 146.47, 72.47, 91.78, 70.83, 179.33, 125.5, 157.02, 69.87, 48.87, 40.97, 101.07, 69.28]}
{'stock_no': [], 'deal_power': []}
timer600틱 끝 timer1 재시작
timer600틱 시작 timer1 중지
-----
10분에 한번씩 클럭 발생::체결강도 전송 실행시간 : 14:40:01
계좌평가잔고내역요청 전송
000810;001040;002380;002790;003670;004800;004990;005380;006280;008560;009540;017670;018880;024110;034730;035250;035420;069960;078340;097950;139480;316140;
22
{'stock_no': ['000810', '001040', '002380', '002790', '003670', '004800', '004990', '005380', '006280', '008560', '009540', '017670', '018880', '024110', '034730', '035250', '035420', '069960', '078340', '097950', '139480', '316140'], 'stock_name': ['삼성화재', 'CJ', 'KCC', '아모레G', '포스코케미칼', '효성', '롯데지주', '현대차', '녹십자', '메리츠종금증권', '한국조선해양', 'SK텔레콤', '한온시스템', '기업은행', 'SK', '강원랜드', 'NAVER', '현대백화점', '컴투스', 'CJ제일제당', '이마트', '우리금융지주'], 'market_in_price': [272500, 103000, 278500, 66700, 55600, 75500, 44750, 142500, 127000, 5600, 123500, 262000, 11750, 14150, 239000, 31050, 120500, 81500, 104800, 301000, 144500, 14100], 'myhave_cnt': [5, 14, 4, 17, 21, 15, 33, 10, 9, 266, 12, 5, 100, 84, 6, 48, 9, 14, 14, 4, 8, 84], 'run_price': [261500, 97900, 263000, 62800, 53000, 72800, 40150, 132500, 112500, 5250, 114000, 259000, 11350, 13750, 229500, 30150, 120000, 80000, 96000, 281500, 136000, 13850], 'sell_price': [261500, 97900, 263500, 62900, 53100, 72800, 40150, 133000, 113000, 5250, 114500, 259000, 11400, 13800, 229500, 30150, 120000, 80100, 96100, 282000, 136000, 13900], 'sell_cnt': [2947, 496, 212, 2577, 4804, 141, 1673, 68, 2124, 7226, 622, 2745, 21423, 40402, 1376, 1718, 10473, 54, 130, 1774, 4117, 151527], 'buy_price': [261000, 97800, 263000, 62800, 53000, 72700, 40100, 132500, 112500, 5240, 114000, 258500, 11350, 13750, 229000, 30100, 119500, 80000, 96000, 281500, 135500, 13850], 'buy_cnt': [1049, 100, 303, 591, 2473, 81, 3092, 9959, 1879, 24154, 8072, 1797, 37782, 130806, 3362, 1319, 7367, 1638, 10, 394, 6983, 37816], 'vol_cnt': [26268, 17607, 9425, 67600, 232136, 26727, 85676, 782990, 26388, 657025, 53435, 85105, 394467, 420765, 77351, 248593, 301742, 37855, 19367, 19425, 118370, 396282], 'deal_power': [60.67, 94.48, 94.62, 91.62, 120.25, 78.18, 63.36, 34.86, 87.74, 104.44, 150.19, 70.28, 90.52, 72.87, 187.07, 125.84, 161.34, 70.48, 49.78, 41.94, 103.54, 70.87]}
{'stock_no': [], 'deal_power': []}
timer600틱 끝 timer1 재시작
timer600틱 시작 timer1 중지
-----
10분에 한번씩 클럭 발생::체결강도 전송 실행시간 : 14:50:01
계좌평가잔고내역요청 전송
000810;001040;002380;002790;003670;004800;004990;005380;006280;008560;009540;017670;018880;024110;034730;035250;035420;069960;078340;097950;139480;316140;
22
{'stock_no': ['000810', '001040', '002380', '002790', '003670', '004800', '004990', '005380', '006280', '008560', '009540', '017670', '018880', '024110', '034730', '035250', '035420', '069960', '078340', '097950', '139480', '316140'], 'stock_name': ['삼성화재', 'CJ', 'KCC', '아모레G', '포스코케미칼', '효성', '롯데지주', '현대차', '녹십자', '메리츠종금증권', '한국조선해양', 'SK텔레콤', '한온시스템', '기업은행', 'SK', '강원랜드', 'NAVER', '현대백화점', '컴투스', 'CJ제일제당', '이마트', '우리금융지주'], 'market_in_price': [272500, 103000, 278500, 66700, 55600, 75500, 44750, 142500, 127000, 5600, 123500, 262000, 11750, 14150, 239000, 31050, 120500, 81500, 104800, 301000, 144500, 14100], 'myhave_cnt': [5, 14, 4, 17, 21, 15, 33, 10, 9, 266, 12, 5, 100, 84, 6, 48, 9, 14, 14, 4, 8, 84], 'run_price': [261500, 98000, 263000, 62900, 53000, 72600, 40100, 132500, 113000, 5250, 114500, 259000, 11350, 13800, 229500, 30100, 120500, 80000, 96100, 282000, 136000, 13900], 'sell_price': [261500, 98000, 263500, 62900, 53000, 72700, 40150, 132500, 113000, 5250, 114500, 259000, 11400, 13800, 229500, 30150, 120500, 80100, 96200, 282500, 136000, 13900], 'sell_cnt': [3180, 462, 209, 1769, 10136, 71, 415, 12096, 1753, 4006, 2212, 2428, 21520, 32786, 420, 2368, 12020, 385, 382, 923, 1976, 155926], 'buy_price': [261000, 97900, 263000, 62800, 52900, 72600, 40100, 132000, 112500, 5240, 114000, 258500, 11350, 13750, 229000, 30100, 120000, 80000, 96100, 282000, 135500, 13850], 'buy_cnt': [1510, 394, 245, 3943, 2897, 898, 3400, 37797, 2110, 31681, 6392, 1423, 34526, 128042, 644, 2011, 7023, 1743, 91, 617, 6391, 39298], 'vol_cnt': [26734, 18315, 9682, 69056, 239745, 28114, 90583, 805836, 27375, 669818, 55416, 88308, 405429, 436415, 83539, 260366, 318527, 39982, 20069, 21008, 122732, 413826], 'deal_power': [60.73, 102.3, 92.99, 94.11, 114.55, 77.45, 65.64, 35.74, 93.76, 106.23, 153.14, 68.18, 89.76, 77.41, 184.09, 128.13, 174.51, 67.91, 49.75, 48.79, 107.17, 71.62]}
{'stock_no': [], 'deal_power': []}
timer600틱 끝 timer1 재시작
timer600틱 시작 timer1 중지
-----
10분에 한번씩 클럭 발생::체결강도 전송 실행시간 : 15:00:01
계좌평가잔고내역요청 전송
000810;001040;002380;002790;003670;004800;004990;005380;006280;008560;009540;017670;018880;024110;034730;035250;035420;069960;078340;097950;139480;316140;
22
{'stock_no': ['000810', '001040', '002380', '002790', '003670', '004800', '004990', '005380', '006280', '008560', '009540', '017670', '018880', '024110', '034730', '035250', '035420', '069960', '078340', '097950', '139480', '316140'], 'stock_name': ['삼성화재', 'CJ', 'KCC', '아모레G', '포스코케미칼', '효성', '롯데지주', '현대차', '녹십자', '메리츠종금증권', '한국조선해양', 'SK텔레콤', '한온시스템', '기업은행', 'SK', '강원랜드', 'NAVER', '현대백화점', '컴투스', 'CJ제일제당', '이마트', '우리금융지주'], 'market_in_price': [272500, 103000, 278500, 66700, 55600, 75500, 44750, 142500, 127000, 5600, 123500, 262000, 11750, 14150, 239000, 31050, 120500, 81500, 104800, 301000, 144500, 14100], 'myhave_cnt': [5, 14, 4, 17, 21, 15, 33, 10, 9, 266, 12, 5, 100, 84, 6, 48, 9, 14, 14, 4, 8, 84], 'run_price': [261500, 98300, 263000, 63000, 53000, 72700, 40150, 132000, 113000, 5250, 114500, 258500, 11400, 13800, 230000, 30100, 120500, 80300, 96200, 282500, 136500, 13900], 'sell_price': [261500, 98300, 263500, 63000, 53000, 72800, 40200, 132500, 113000, 5250, 114500, 259000, 11400, 13800, 230000, 30150, 120500, 80300, 96300, 282500, 136500, 13900], 'sell_cnt': [3411, 722, 341, 1516, 12892, 567, 3271, 4002, 1259, 5395, 2766, 1396, 16599, 29890, 3047, 1304, 12448, 716, 331, 1134, 5048, 133752], 'buy_price': [261000, 98200, 263000, 62900, 52900, 72700, 40150, 132000, 112500, 5240, 114000, 258500, 11350, 13750, 229500, 30100, 120000, 80200, 96200, 282000, 136000, 13850], 'buy_cnt': [1963, 399, 37, 1505, 1671, 347, 548, 41048, 2985, 31754, 4946, 3287, 29124, 123910, 1176, 5781, 1630, 390, 95, 468, 4182, 35345], 'vol_cnt': [27517, 19592, 10074, 76187, 244245, 29484, 92318, 837246, 27737, 683888, 57296, 92129, 419414, 449696, 86421, 269153, 334500, 41950, 21062, 21719, 127998, 430771], 'deal_power': [60.99, 106.63, 89.39, 98.86, 111.05, 77.74, 68.16, 37.73, 95.51, 109.81, 155.8, 68.15, 90.03, 81.23, 191.48, 133.22, 167.96, 72.96, 52.32, 49.53, 111.73, 73.94]}
{'stock_no': [], 'deal_power': []}
timer600틱 끝 timer1 재시작
timer600틱 시작 timer1 중지
-----
10분에 한번씩 클럭 발생::체결강도 전송 실행시간 : 15:10:01
계좌평가잔고내역요청 전송
000810;001040;002380;002790;003670;004800;004990;005380;006280;008560;009540;017670;018880;024110;034730;035250;035420;069960;078340;097950;139480;316140;
22
{'stock_no': ['000810', '001040', '002380', '002790', '003670', '004800', '004990', '005380', '006280', '008560', '009540', '017670', '018880', '024110', '034730', '035250', '035420', '069960', '078340', '097950', '139480', '316140'], 'stock_name': ['삼성화재', 'CJ', 'KCC', '아모레G', '포스코케미칼', '효성', '롯데지주', '현대차', '녹십자', '메리츠종금증권', '한국조선해양', 'SK텔레콤', '한온시스템', '기업은행', 'SK', '강원랜드', 'NAVER', '현대백화점', '컴투스', 'CJ제일제당', '이마트', '우리금융지주'], 'market_in_price': [272500, 103000, 278500, 66700, 55600, 75500, 44750, 142500, 127000, 5600, 123500, 262000, 11750, 14150, 239000, 31050, 120500, 81500, 104800, 301000, 144500, 14100], 'myhave_cnt': [5, 14, 4, 17, 21, 15, 33, 10, 9, 266, 12, 5, 100, 84, 6, 48, 9, 14, 14, 4, 8, 84], 'run_price': [261500, 98600, 264000, 63000, 53100, 72700, 40300, 132500, 113500, 5260, 114500, 259500, 11450, 13800, 230000, 30250, 120000, 80400, 95900, 282500, 137000, 13900], 'sell_price': [261500, 98600, 264000, 63100, 53100, 72700, 40350, 133000, 113500, 5260, 114500, 259500, 11450, 13800, 230000, 30300, 120500, 80500, 95900, 283000, 137000, 13900], 'sell_cnt': [3017, 345, 262, 924, 2372, 583, 353, 24117, 2624, 11974, 2468, 275, 3201, 23789, 6509, 1279, 6632, 218, 250, 311, 6072, 69265], 'buy_price': [261000, 98500, 263500, 63000, 53000, 72600, 40300, 132500, 113000, 5250, 114000, 259000, 11400, 13750, 229500, 30250, 120000, 80400, 95800, 282500, 136500, 13850], 'buy_cnt': [3474, 491, 496, 495, 2370, 967, 408, 3967, 1142, 24242, 5746, 1559, 43153, 124319, 618, 5645, 5865, 2047, 144, 767, 3676, 41197], 'vol_cnt': [29847, 21676, 10490, 82083, 264833, 30396, 98456, 860740, 29161, 706858, 59102, 96116, 489755, 472373, 89268, 284581, 347129, 45397, 26270, 23434, 134772, 454792], 'deal_power': [71.92, 123.1, 92.76, 96.13, 126.06, 79.5, 77.6, 38.46, 104.79, 112.8, 156.15, 69.38, 108.13, 88.64, 186.95, 141.12, 172.47, 77.89, 41.13, 57.46, 118.76, 73.55]}
{'stock_no': [], 'deal_power': []}
timer600틱 끝 timer1 재시작
timer600틱 시작 timer1 중지
-----
10분에 한번씩 클럭 발생::체결강도 전송 실행시간 : 15:20:01
계좌평가잔고내역요청 전송
000810;001040;002380;002790;003670;004800;004990;005380;006280;008560;009540;017670;018880;024110;034730;035250;035420;069960;078340;097950;139480;316140;
22
{'stock_no': ['000810', '001040', '002380', '002790', '003670', '004800', '004990', '005380', '006280', '008560', '009540', '017670', '018880', '024110', '034730', '035250', '035420', '069960', '078340', '097950', '139480', '316140'], 'stock_name': ['삼성화재', 'CJ', 'KCC', '아모레G', '포스코케미칼', '효성', '롯데지주', '현대차', '녹십자', '메리츠종금증권', '한국조선해양', 'SK텔레콤', '한온시스템', '기업은행', 'SK', '강원랜드', 'NAVER', '현대백화점', '컴투스', 'CJ제일제당', '이마트', '우리금융지주'], 'market_in_price': [272500, 103000, 278500, 66700, 55600, 75500, 44750, 142500, 127000, 5600, 123500, 262000, 11750, 14150, 239000, 31050, 120500, 81500, 104800, 301000, 144500, 14100], 'myhave_cnt': [5, 14, 4, 17, 21, 15, 33, 10, 9, 266, 12, 5, 100, 84, 6, 48, 9, 14, 14, 4, 8, 84], 'run_price': [262500, 98600, 264500, 63300, 53100, 72800, 40350, 133000, 113500, 5270, 114500, 259500, 11500, 13700, 229500, 30200, 120000, 80600, 96300, 283000, 137000, 13900], 'sell_price': [262500, 98600, 264500, 63400, 53200, 72800, 40400, 133000, 113500, 5270, 114500, 259500, 11500, 13750, 229500, 30250, 120000, 80600, 96300, 283500, 137000, 13900], 'sell_cnt': [938, 942, 15, 1074, 787, 55, 875, 22445, 3038, 714, 535, 115, 45653, 9265, 318, 131, 2476, 193, 84, 302, 3518, 30833], 'buy_price': [262000, 98500, 264000, 63300, 53100, 72700, 40350, 132500, 113000, 5260, 114000, 259000, 11450, 13700, 229000, 30200, 119500, 80500, 96100, 283000, 136500, 13850], 'buy_cnt': [1896, 2, 133, 116, 119, 131, 155, 5271, 2793, 15716, 6341, 390, 1531, 111982, 327, 6870, 1262, 511, 93, 11, 881, 30792], 'vol_cnt': [36862, 22591, 11304, 86062, 275799, 31270, 101213, 881450, 29550, 738973, 61654, 102923, 510305, 622990, 91897, 302760, 367193, 46687, 27189, 24279, 139247, 501785], 'deal_power': [110.94, 121.1, 103.41, 101.27, 125.08, 82.84, 76.86, 38.91, 106.04, 115.03, 162.45, 72.17, 109.12, 60.43, 185.13, 141.32, 168.42, 80.55, 44.1, 60.36, 117.55, 75.22]}
{'stock_no': [], 'deal_power': []}
timer600틱 끝 timer1 재시작
4
장종료 알림 4, 8
8
장종료 알림 4, 8
9
장마감 알림 9
