계좌평가잔고내역요청 전송
000120;000810;001040;002380;002790;003670;004800;004990;005380;006280;008560;009540;017670;018880;024110;034730;035250;035420;069960;078340;097950;139480;316140;
23
{'stock_no': ['000120', '000810', '001040', '002380', '002790', '003670', '004800', '004990', '005380', '006280', '008560', '009540', '017670', '018880', '024110', '034730', '035250', '035420', '069960', '078340', '097950', '139480', '316140'], 'stock_name': ['CJ대한통운', '삼성화재', 'CJ', 'KCC', '아모레G', '포스코케미칼', '효성', '롯데지주', '현대차', '녹십자', '메리츠종금증권', '한국조선해양', 'SK텔레콤', '한온시스템', '기업은행', 'SK', '강원랜드', 'NAVER', '현대백화점', '컴투스', 'CJ제일제당', '이마트', '우리금융지주'], 'market_in_price': [134500, 272500, 103000, 278500, 66700, 55600, 75500, 44750, 142500, 127000, 5600, 123500, 262000, 11750, 14150, 239000, 31050, 120500, 81500, 104800, 301000, 144500, 14100], 'myhave_cnt': [8, 5, 14, 4, 17, 21, 15, 33, 10, 9, 266, 12, 5, 100, 84, 6, 48, 9, 14, 14, 4, 8, 84], 'run_price': [132000, 260000, 97900, 264000, 63300, 52800, 73800, 42150, 138500, 119500, 5230, 116000, 260500, 11500, 13750, 222500, 30650, 118500, 79400, 96600, 289000, 140500, 13850], 'sell_price': [132000, 259500, 98000, 266000, 63200, 52900, 74200, 42200, 139500, 119500, 5230, 116000, 259500, 11500, 13750, 223500, 30400, 118500, 79500, 97100, 291000, 141000, 13850], 'sell_cnt': [305, 962, 47, 70, 17, 530, 5, 174, 724, 20, 7, 241, 48, 150, 1210, 42, 1, 325, 2, 12, 56, 133, 2319], 'buy_price': [131500, 259000, 97900, 262000, 63100, 52800, 73900, 42150, 139000, 119000, 5220, 115500, 258500, 11450, 13700, 223000, 30300, 118000, 79400, 96100, 287000, 140500, 13800], 'buy_cnt': [112, 18, 644, 4, 1082, 1, 29, 24, 919, 112, 231, 545, 356, 20618, 3692, 13, 701, 325, 105, 2, 14, 43, 1021], 'vol_cnt': [0, 0, 0, 0, 0, 7, 0, 0, 115, 0, 100, 1, 0, 19, 0, 0, 55, 1, 0, 0, 0, 1, 0], 'deal_power': [0.0, 0.0, 0.0, 0.0, 0.0, 0.0, 0.0, 0.0, 500.0, 0.0, 0.0, 500.0, 0.0, 500.0, 0.0, 0.0, 0.0, 500.0, 0.0, 0.0, 0.0, 0.0, 0.0]}
-----
자동주문 버튼 True 실행시간 : 08:59:57
자동주문 클릭시 timer1 시작
자동주문 클릭시 timer600 시작
3
장시작 알림 3
장시작 알림 3 timer1 재시작
장시작 알림 3 timer600 재시작
timer600틱 시작 timer1 중지
-----
10분에 한번씩 클럭 발생::체결강도 전송 실행시간 : 09:10:02
계좌평가잔고내역요청 전송
000120;000810;001040;002380;002790;003670;004800;004990;005380;006280;008560;009540;017670;018880;024110;034730;035250;035420;069960;078340;097950;139480;316140;
23
{'stock_no': ['000120', '000810', '001040', '002380', '002790', '003670', '004800', '004990', '005380', '006280', '008560', '009540', '017670', '018880', '024110', '034730', '035250', '035420', '069960', '078340', '097950', '139480', '316140'], 'stock_name': ['CJ대한통운', '삼성화재', 'CJ', 'KCC', '아모레G', '포스코케미칼', '효성', '롯데지주', '현대차', '녹십자', '메리츠종금증권', '한국조선해양', 'SK텔레콤', '한온시스템', '기업은행', 'SK', '강원랜드', 'NAVER', '현대백화점', '컴투스', 'CJ제일제당', '이마트', '우리금융지주'], 'market_in_price': [134500, 272500, 103000, 278500, 66700, 55600, 75500, 44750, 142500, 127000, 5600, 123500, 262000, 11750, 14150, 239000, 31050, 120500, 81500, 104800, 301000, 144500, 14100], 'myhave_cnt': [8, 5, 14, 4, 17, 21, 15, 33, 10, 9, 266, 12, 5, 100, 84, 6, 48, 9, 14, 14, 4, 8, 84], 'run_price': [133000, 260000, 97700, 264500, 63300, 52800, 74000, 42100, 140000, 119500, 5250, 115500, 258000, 11400, 13750, 223500, 30450, 117500, 80000, 96700, 287500, 140000, 13850], 'sell_price': [133000, 260000, 97700, 264500, 63300, 52900, 74000, 42150, 140500, 120000, 5250, 116000, 258000, 11450, 13750, 224000, 30450, 117500, 80000, 96800, 288000, 140500, 13850], 'sell_cnt': [734, 209, 147, 16, 519, 904, 100, 835, 6364, 546, 7925, 787, 245, 3058, 18514, 585, 506, 1974, 85, 91, 42, 4148, 4482], 'buy_price': [132500, 259500, 97600, 264000, 63200, 52800, 73900, 42100, 140000, 119500, 5240, 115500, 257500, 11400, 13700, 223500, 30400, 117000, 79900, 96700, 287500, 140000, 13800], 'buy_cnt': [328, 585, 56, 71, 272, 693, 176, 96, 1654, 20, 450, 1307, 904, 2571, 16828, 120, 2556, 2599, 68, 52, 37, 3467, 4983], 'vol_cnt': [998, 5227, 2281, 244, 3966, 14191, 912, 6137, 28383, 446, 60833, 7621, 7507, 64732, 5599, 3053, 11798, 27614, 1310, 1410, 478, 4751, 15537], 'deal_power': [500.0, 105.57, 33.58, 500.0, 96.28, 45.95, 50.64, 154.39, 219.5, 364.56, 234.34, 34.19, 62.82, 83.06, 2.3, 99.47, 293.71, 66.17, 337.59, 178.8, 73.02, 8.53, 33.78]}
{'stock_no': ['047810', '032640', '035250'], 'deal_power': [479.64, 419.78, 293.71]}
buy_able_money < market_in_pro
0
buy_able_money < market_in_pro
0
timer600틱 끝 timer1 재시작
timer600틱 시작 timer1 중지
-----
10분에 한번씩 클럭 발생::체결강도 전송 실행시간 : 09:20:02
계좌평가잔고내역요청 전송
000120;000810;001040;002380;002790;003670;004800;004990;005380;006280;008560;009540;017670;018880;024110;034730;035250;035420;069960;078340;097950;139480;316140;
23
{'stock_no': ['000120', '000810', '001040', '002380', '002790', '003670', '004800', '004990', '005380', '006280', '008560', '009540', '017670', '018880', '024110', '034730', '035250', '035420', '069960', '078340', '097950', '139480', '316140'], 'stock_name': ['CJ대한통운', '삼성화재', 'CJ', 'KCC', '아모레G', '포스코케미칼', '효성', '롯데지주', '현대차', '녹십자', '메리츠종금증권', '한국조선해양', 'SK텔레콤', '한온시스템', '기업은행', 'SK', '강원랜드', 'NAVER', '현대백화점', '컴투스', 'CJ제일제당', '이마트', '우리금융지주'], 'market_in_price': [134500, 272500, 103000, 278500, 66700, 55600, 75500, 44750, 142500, 127000, 5600, 123500, 262000, 11750, 14150, 239000, 31050, 120500, 81500, 104800, 301000, 144500, 14100], 'myhave_cnt': [8, 5, 14, 4, 17, 21, 15, 33, 10, 9, 266, 12, 5, 100, 84, 6, 48, 9, 14, 14, 4, 8, 84], 'run_price': [132500, 260500, 97600, 264000, 63800, 52900, 73900, 42050, 141000, 120000, 5270, 115000, 257500, 11450, 13750, 223000, 30500, 118500, 79900, 97800, 288000, 140000, 13850], 'sell_price': [132500, 260500, 97600, 264500, 63700, 52900, 73900, 42050, 141000, 120000, 5270, 115500, 258000, 11450, 13750, 223500, 30500, 118500, 80000, 97800, 288500, 140500, 13900], 'sell_cnt': [609, 1976, 47, 41, 4, 817, 93, 118, 6823, 573, 5721, 468, 465, 4198, 21910, 710, 211, 1048, 118, 37, 36, 4240, 18928], 'buy_price': [132000, 260000, 97500, 264000, 63600, 52800, 73800, 42000, 140500, 119500, 5260, 115000, 257500, 11400, 13700, 223000, 30450, 118000, 79900, 97500, 288000, 140000, 13850], 'buy_cnt': [496, 580, 128, 21, 127, 4668, 97, 698, 3501, 4, 4166, 4922, 612, 3299, 29176, 1474, 1297, 1651, 181, 18, 27, 3815, 1831], 'vol_cnt': [1626, 5958, 2827, 380, 5901, 22262, 1249, 8056, 50422, 732, 88900, 13174, 10354, 88854, 6285, 4385, 15997, 36441, 1637, 2518, 892, 5108, 22842], 'deal_power': [154.96, 129.31, 46.04, 258.76, 139.28, 69.21, 66.86, 123.69, 397.98, 266.85, 330.12, 32.31, 65.08, 85.16, 23.93, 74.85, 217.19, 108.52, 229.87, 199.72, 149.52, 16.13, 80.18]}
{'stock_no': ['096770', '005490', '114090'], 'deal_power': [411.29, 303.14, 296.15]}
buy_able_money < market_in_pro
0
buy_able_money < market_in_pro
0
buy_able_money < market_in_pro
0
timer600틱 끝 timer1 재시작
timer600틱 시작 timer1 중지
-----
10분에 한번씩 클럭 발생::체결강도 전송 실행시간 : 09:30:02
계좌평가잔고내역요청 전송
000120;000810;001040;002380;002790;003670;004800;004990;005380;006280;008560;009540;017670;018880;024110;034730;035250;035420;069960;078340;097950;139480;316140;
23
{'stock_no': ['000120', '000810', '001040', '002380', '002790', '003670', '004800', '004990', '005380', '006280', '008560', '009540', '017670', '018880', '024110', '034730', '035250', '035420', '069960', '078340', '097950', '139480', '316140'], 'stock_name': ['CJ대한통운', '삼성화재', 'CJ', 'KCC', '아모레G', '포스코케미칼', '효성', '롯데지주', '현대차', '녹십자', '메리츠종금증권', '한국조선해양', 'SK텔레콤', '한온시스템', '기업은행', 'SK', '강원랜드', 'NAVER', '현대백화점', '컴투스', 'CJ제일제당', '이마트', '우리금융지주'], 'market_in_price': [134500, 272500, 103000, 278500, 66700, 55600, 75500, 44750, 142500, 127000, 5600, 123500, 262000, 11750, 14150, 239000, 31050, 120500, 81500, 104800, 301000, 144500, 14100], 'myhave_cnt': [8, 5, 14, 4, 17, 21, 15, 33, 10, 9, 266, 12, 5, 100, 84, 6, 48, 9, 14, 14, 4, 8, 84], 'run_price': [132000, 260500, 97600, 264000, 63600, 53000, 74100, 42100, 141000, 119500, 5250, 114500, 257000, 11400, 13750, 224000, 30500, 118500, 79900, 97800, 287500, 140500, 13850], 'sell_price': [132000, 260500, 97600, 264500, 63600, 53100, 74100, 42100, 141000, 119500, 5260, 115000, 257000, 11450, 13750, 224000, 30500, 119000, 79900, 97800, 287500, 140500, 13850], 'sell_cnt': [228, 2133, 209, 93, 88, 1090, 104, 366, 135, 395, 12731, 1328, 1402, 2172, 20177, 1733, 373, 4429, 201, 40, 29, 3998, 2694], 'buy_price': [131500, 260000, 97500, 263500, 63400, 53000, 74000, 42050, 140500, 119000, 5250, 114500, 256500, 11400, 13700, 223500, 30450, 118500, 79800, 97700, 287000, 140000, 13800], 'buy_cnt': [282, 1303, 1220, 237, 571, 238, 147, 410, 5843, 794, 1355, 3532, 319, 2523, 36458, 2388, 2211, 955, 86, 27, 232, 3546, 61134], 'vol_cnt': [2848, 6278, 3338, 480, 7219, 33790, 1764, 11831, 67322, 856, 117991, 21394, 14467, 105426, 9380, 5523, 19488, 50225, 2024, 3499, 984, 6135, 32788], 'deal_power': [72.86, 131.17, 56.84, 130.93, 160.13, 84.25, 124.26, 143.69, 365.45, 245.33, 214.04, 25.0, 49.72, 84.96, 108.29, 108.9, 235.3, 129.36, 141.39, 192.04, 123.98, 15.66, 101.41]}
{'stock_no': ['096770', '114090', '035720'], 'deal_power': [407.08, 372.87, 363.9]}
buy_able_money < market_in_pro
0
buy_able_money < market_in_pro
0
buy_able_money < market_in_pro
0
timer600틱 끝 timer1 재시작
timer600틱 시작 timer1 중지
-----
10분에 한번씩 클럭 발생::체결강도 전송 실행시간 : 09:40:02
계좌평가잔고내역요청 전송
000120;000810;001040;002380;002790;003670;004800;004990;005380;006280;008560;009540;017670;018880;024110;034730;035250;035420;069960;078340;097950;139480;316140;
23
{'stock_no': ['000120', '000810', '001040', '002380', '002790', '003670', '004800', '004990', '005380', '006280', '008560', '009540', '017670', '018880', '024110', '034730', '035250', '035420', '069960', '078340', '097950', '139480', '316140'], 'stock_name': ['CJ대한통운', '삼성화재', 'CJ', 'KCC', '아모레G', '포스코케미칼', '효성', '롯데지주', '현대차', '녹십자', '메리츠종금증권', '한국조선해양', 'SK텔레콤', '한온시스템', '기업은행', 'SK', '강원랜드', 'NAVER', '현대백화점', '컴투스', 'CJ제일제당', '이마트', '우리금융지주'], 'market_in_price': [134500, 272500, 103000, 278500, 66700, 55600, 75500, 44750, 142500, 127000, 5600, 123500, 262000, 11750, 14150, 239000, 31050, 120500, 81500, 104800, 301000, 144500, 14100], 'myhave_cnt': [8, 5, 14, 4, 17, 21, 15, 33, 10, 9, 266, 12, 5, 100, 84, 6, 48, 9, 14, 14, 4, 8, 84], 'run_price': [131500, 260500, 97300, 264000, 63400, 52700, 73900, 42000, 141500, 119500, 5250, 114500, 257000, 11400, 13800, 224000, 30550, 119500, 79800, 97700, 288000, 141500, 13850], 'sell_price': [131500, 260500, 97400, 264000, 63500, 52800, 74000, 42050, 141500, 119500, 5250, 115000, 257000, 11450, 13800, 224000, 30550, 119500, 79800, 97800, 288000, 141500, 13850], 'sell_cnt': [860, 2572, 523, 155, 702, 2253, 236, 1703, 26106, 1185, 12188, 1122, 1850, 7376, 27071, 1904, 643, 9988, 68, 37, 48, 481, 14196], 'buy_price': [131000, 260000, 97300, 263500, 63400, 52700, 73900, 42000, 141000, 119000, 5240, 114500, 256500, 11400, 13750, 223500, 30500, 119000, 79700, 97700, 287500, 141000, 13800], 'buy_cnt': [238, 1412, 75, 208, 175, 1019, 382, 431, 4523, 198, 13733, 3394, 2169, 5557, 20090, 2922, 1399, 3960, 163, 45, 189, 3679, 64007], 'vol_cnt': [4961, 7097, 7409, 518, 8679, 37406, 2178, 12974, 73407, 2633, 142844, 23624, 16777, 112085, 29635, 5671, 21714, 56081, 2400, 3956, 1179, 10705, 38300], 'deal_power': [48.22, 118.36, 28.97, 117.94, 162.81, 72.28, 110.6, 121.4, 315.37, 110.73, 185.48, 26.99, 46.98, 75.89, 500.0, 105.61, 240.59, 153.3, 121.2, 166.89, 155.48, 94.51, 124.18]}
{'stock_no': ['096770', '035720', '005380'], 'deal_power': [434.32, 326.01, 315.37]}
buy_able_money < market_in_pro
0
buy_able_money < market_in_pro
0
timer600틱 끝 timer1 재시작
timer600틱 시작 timer1 중지
-----
10분에 한번씩 클럭 발생::체결강도 전송 실행시간 : 09:50:02
계좌평가잔고내역요청 전송
000120;000810;001040;002380;002790;003670;004800;004990;005380;006280;008560;009540;017670;018880;024110;034730;035250;035420;069960;078340;097950;139480;316140;
23
{'stock_no': ['000120', '000810', '001040', '002380', '002790', '003670', '004800', '004990', '005380', '006280', '008560', '009540', '017670', '018880', '024110', '034730', '035250', '035420', '069960', '078340', '097950', '139480', '316140'], 'stock_name': ['CJ대한통운', '삼성화재', 'CJ', 'KCC', '아모레G', '포스코케미칼', '효성', '롯데지주', '현대차', '녹십자', '메리츠종금증권', '한국조선해양', 'SK텔레콤', '한온시스템', '기업은행', 'SK', '강원랜드', 'NAVER', '현대백화점', '컴투스', 'CJ제일제당', '이마트', '우리금융지주'], 'market_in_price': [134500, 272500, 103000, 278500, 66700, 55600, 75500, 44750, 142500, 127000, 5600, 123500, 262000, 11750, 14150, 239000, 31050, 120500, 81500, 104800, 301000, 144500, 14100], 'myhave_cnt': [8, 5, 14, 4, 17, 21, 15, 33, 10, 9, 266, 12, 5, 100, 84, 6, 48, 9, 14, 14, 4, 8, 84], 'run_price': [132000, 260000, 97100, 263500, 63200, 52300, 73900, 41950, 141500, 119500, 5260, 115500, 256500, 11350, 13800, 223500, 30550, 119500, 79700, 98200, 288000, 141000, 13850], 'sell_price': [132000, 260500, 97100, 264000, 63200, 52400, 73900, 42000, 141500, 120000, 5260, 115500, 257000, 11400, 13800, 224000, 30550, 119500, 79700, 98200, 288500, 141500, 13850], 'sell_cnt': [188, 2752, 477, 170, 1376, 1841, 148, 773, 17895, 416, 28071, 1449, 2049, 10405, 27347, 1923, 1607, 1649, 137, 33, 56, 1209, 6685], 'buy_price': [131500, 260000, 97000, 263500, 63100, 52300, 73800, 41950, 141000, 119500, 5250, 115000, 256500, 11350, 13750, 223500, 30500, 119000, 79600, 98100, 288000, 141000, 13800], 'buy_cnt': [649, 1356, 1658, 232, 2084, 1705, 319, 736, 17104, 437, 18228, 1628, 1812, 5097, 25662, 2030, 2189, 839, 189, 18, 46, 3756, 79879], 'vol_cnt': [5709, 7449, 8771, 619, 12481, 58047, 2738, 14162, 86674, 4131, 179292, 31279, 22585, 121834, 32568, 5968, 22778, 71294, 2898, 5216, 1580, 11435, 42192], 'deal_power': [64.22, 120.95, 24.81, 106.69, 79.67, 64.52, 86.02, 118.96, 244.63, 189.84, 224.85, 34.14, 55.72, 66.3, 500.0, 109.06, 247.85, 153.56, 101.61, 162.45, 130.67, 102.78, 124.77]}
{'stock_no': [], 'deal_power': []}
timer600틱 끝 timer1 재시작
timer600틱 시작 timer1 중지
-----
10분에 한번씩 클럭 발생::체결강도 전송 실행시간 : 10:00:02
계좌평가잔고내역요청 전송
000120;000810;001040;002380;002790;003670;004800;004990;005380;006280;008560;009540;017670;018880;024110;034730;035250;035420;069960;078340;097950;139480;316140;
23
{'stock_no': ['000120', '000810', '001040', '002380', '002790', '003670', '004800', '004990', '005380', '006280', '008560', '009540', '017670', '018880', '024110', '034730', '035250', '035420', '069960', '078340', '097950', '139480', '316140'], 'stock_name': ['CJ대한통운', '삼성화재', 'CJ', 'KCC', '아모레G', '포스코케미칼', '효성', '롯데지주', '현대차', '녹십자', '메리츠종금증권', '한국조선해양', 'SK텔레콤', '한온시스템', '기업은행', 'SK', '강원랜드', 'NAVER', '현대백화점', '컴투스', 'CJ제일제당', '이마트', '우리금융지주'], 'market_in_price': [134500, 272500, 103000, 278500, 66700, 55600, 75500, 44750, 142500, 127000, 5600, 123500, 262000, 11750, 14150, 239000, 31050, 120500, 81500, 104800, 301000, 144500, 14100], 'myhave_cnt': [8, 5, 14, 4, 17, 21, 15, 33, 10, 9, 266, 12, 5, 100, 84, 6, 48, 9, 14, 14, 4, 8, 84], 'run_price': [132000, 259000, 97100, 264000, 62900, 51700, 73500, 42050, 141500, 119500, 5210, 114500, 257000, 11300, 13750, 223500, 30450, 119500, 79500, 97700, 287500, 140000, 13850], 'sell_price': [132000, 259500, 97100, 264000, 63000, 51800, 73500, 42050, 141500, 119500, 5220, 115000, 257500, 11350, 13750, 223500, 30500, 119500, 79500, 97800, 288000, 140000, 13850], 'sell_cnt': [861, 1946, 592, 245, 745, 2920, 17, 226, 29498, 521, 15812, 329, 2036, 4471, 37690, 1902, 810, 4970, 3460, 20, 833, 835, 22996], 'buy_price': [131500, 259000, 97000, 263500, 62900, 51700, 73400, 42000, 141000, 119000, 5210, 114500, 257000, 11300, 13700, 223000, 30450, 119000, 79400, 97700, 287500, 139500, 13800], 'buy_cnt': [907, 912, 1745, 238, 1106, 1388, 79, 1657, 12467, 924, 1718, 5691, 1605, 13548, 41709, 1660, 2102, 7213, 422, 53, 68, 1869, 80857], 'vol_cnt': [6100, 9279, 10523, 820, 16250, 93087, 4921, 18258, 89597, 4619, 246631, 35400, 25796, 137671, 47320, 8737, 27878, 73090, 5477, 5624, 1836, 18137, 46294], 'deal_power': [75.27, 73.36, 45.46, 136.64, 58.25, 43.57, 56.36, 142.35, 237.33, 160.32, 121.17, 32.84, 60.24, 62.92, 177.09, 60.52, 201.08, 156.94, 76.99, 143.16, 122.08, 51.23, 131.99]}
{'stock_no': [], 'deal_power': []}
timer600틱 끝 timer1 재시작
timer600틱 시작 timer1 중지
-----
10분에 한번씩 클럭 발생::체결강도 전송 실행시간 : 10:10:02
계좌평가잔고내역요청 전송
000120;000810;001040;002380;002790;003670;004800;004990;005380;006280;008560;009540;017670;018880;024110;034730;035250;035420;069960;078340;097950;139480;316140;
23
{'stock_no': ['000120', '000810', '001040', '002380', '002790', '003670', '004800', '004990', '005380', '006280', '008560', '009540', '017670', '018880', '024110', '034730', '035250', '035420', '069960', '078340', '097950', '139480', '316140'], 'stock_name': ['CJ대한통운', '삼성화재', 'CJ', 'KCC', '아모레G', '포스코케미칼', '효성', '롯데지주', '현대차', '녹십자', '메리츠종금증권', '한국조선해양', 'SK텔레콤', '한온시스템', '기업은행', 'SK', '강원랜드', 'NAVER', '현대백화점', '컴투스', 'CJ제일제당', '이마트', '우리금융지주'], 'market_in_price': [134500, 272500, 103000, 278500, 66700, 55600, 75500, 44750, 142500, 127000, 5600, 123500, 262000, 11750, 14150, 239000, 31050, 120500, 81500, 104800, 301000, 144500, 14100], 'myhave_cnt': [8, 5, 14, 4, 17, 21, 15, 33, 10, 9, 266, 12, 5, 100, 84, 6, 48, 9, 14, 14, 4, 8, 84], 'run_price': [132000, 259000, 97000, 263500, 62500, 51300, 73400, 42150, 140500, 119500, 5220, 114500, 257500, 11300, 13750, 223000, 30550, 118500, 79500, 97000, 288000, 140000, 13850], 'sell_price': [132000, 259500, 97100, 264000, 62500, 51400, 73400, 42200, 141000, 119500, 5220, 115000, 257500, 11350, 13750, 223500, 30550, 119000, 79500, 97100, 288000, 140000, 13850], 'sell_cnt': [1483, 1588, 790, 283, 37, 3860, 109, 1160, 6915, 502, 12442, 3665, 2603, 8195, 44519, 1946, 1121, 3225, 3477, 110, 782, 1149, 37391], 'buy_price': [131500, 259000, 97000, 263500, 62400, 51300, 73300, 42150, 140500, 119000, 5210, 114500, 257000, 11300, 13700, 223000, 30500, 118500, 79400, 97000, 287500, 139500, 13800], 'buy_cnt': [980, 955, 1679, 232, 464, 2800, 100, 544, 17740, 1071, 16449, 5049, 152, 11999, 43912, 1623, 4604, 3517, 734, 42, 212, 2551, 76768], 'vol_cnt': [6283, 9590, 11454, 1260, 25308, 116829, 5410, 21315, 99099, 4922, 259520, 37997, 28325, 153629, 49536, 8979, 33746, 85450, 5568, 6142, 2093, 18606, 57131], 'deal_power': [79.35, 68.83, 53.25, 108.84, 66.1, 38.83, 59.2, 154.31, 185.52, 175.64, 125.4, 36.6, 59.81, 65.83, 189.28, 60.0, 217.56, 116.0, 77.42, 124.0, 131.86, 54.7, 89.79]}
{'stock_no': [], 'deal_power': []}
timer600틱 끝 timer1 재시작
timer600틱 시작 timer1 중지
-----
10분에 한번씩 클럭 발생::체결강도 전송 실행시간 : 10:20:02
계좌평가잔고내역요청 전송
000120;000810;001040;002380;002790;003670;004800;004990;005380;006280;008560;009540;017670;018880;024110;034730;035250;035420;069960;078340;097950;139480;316140;
23
{'stock_no': ['000120', '000810', '001040', '002380', '002790', '003670', '004800', '004990', '005380', '006280', '008560', '009540', '017670', '018880', '024110', '034730', '035250', '035420', '069960', '078340', '097950', '139480', '316140'], 'stock_name': ['CJ대한통운', '삼성화재', 'CJ', 'KCC', '아모레G', '포스코케미칼', '효성', '롯데지주', '현대차', '녹십자', '메리츠종금증권', '한국조선해양', 'SK텔레콤', '한온시스템', '기업은행', 'SK', '강원랜드', 'NAVER', '현대백화점', '컴투스', 'CJ제일제당', '이마트', '우리금융지주'], 'market_in_price': [134500, 272500, 103000, 278500, 66700, 55600, 75500, 44750, 142500, 127000, 5600, 123500, 262000, 11750, 14150, 239000, 31050, 120500, 81500, 104800, 301000, 144500, 14100], 'myhave_cnt': [8, 5, 14, 4, 17, 21, 15, 33, 10, 9, 266, 12, 5, 100, 84, 6, 48, 9, 14, 14, 4, 8, 84], 'run_price': [131500, 260500, 96900, 264000, 62700, 51200, 73400, 42150, 140500, 119500, 5230, 114500, 257500, 11250, 13750, 223000, 30650, 118500, 79600, 96600, 288500, 140000, 13850], 'sell_price': [131500, 260500, 97000, 264500, 62700, 51200, 73500, 42150, 141000, 119500, 5230, 115000, 257500, 11300, 13750, 223500, 30650, 119000, 79600, 96600, 289000, 140000, 13850], 'sell_cnt': [1037, 1859, 1300, 167, 523, 4028, 75, 876, 11695, 488, 8976, 5119, 2389, 8144, 21464, 1832, 415, 4969, 91, 114, 767, 1712, 23936], 'buy_price': [131000, 260000, 96900, 264000, 62600, 51100, 73400, 42100, 140500, 119000, 5220, 114500, 257000, 11250, 13700, 223000, 30600, 118500, 79500, 96500, 288500, 139500, 13800], 'buy_cnt': [853, 1177, 779, 21, 747, 4643, 478, 212, 11396, 1065, 15605, 2678, 1038, 14258, 67702, 1768, 3751, 5867, 655, 111, 209, 2612, 78785], 'vol_cnt': [7369, 11933, 13830, 1706, 28578, 138277, 6383, 22818, 104276, 5158, 279921, 40278, 31435, 172572, 53193, 9318, 38127, 88262, 9967, 6766, 3116, 19245, 64758], 'deal_power': [64.55, 107.94, 45.01, 109.77, 78.29, 36.41, 81.95, 131.67, 172.02, 187.27, 137.59, 35.48, 64.02, 55.48, 208.28, 60.06, 242.83, 119.28, 157.97, 114.61, 223.66, 57.29, 100.05]}
{'stock_no': [], 'deal_power': []}
timer600틱 끝 timer1 재시작
timer600틱 시작 timer1 중지
-----
10분에 한번씩 클럭 발생::체결강도 전송 실행시간 : 10:30:02
계좌평가잔고내역요청 전송
000120;000810;001040;002380;002790;003670;004800;004990;005380;006280;008560;009540;017670;018880;024110;034730;035250;035420;069960;078340;097950;139480;316140;
23
{'stock_no': ['000120', '000810', '001040', '002380', '002790', '003670', '004800', '004990', '005380', '006280', '008560', '009540', '017670', '018880', '024110', '034730', '035250', '035420', '069960', '078340', '097950', '139480', '316140'], 'stock_name': ['CJ대한통운', '삼성화재', 'CJ', 'KCC', '아모레G', '포스코케미칼', '효성', '롯데지주', '현대차', '녹십자', '메리츠종금증권', '한국조선해양', 'SK텔레콤', '한온시스템', '기업은행', 'SK', '강원랜드', 'NAVER', '현대백화점', '컴투스', 'CJ제일제당', '이마트', '우리금융지주'], 'market_in_price': [134500, 272500, 103000, 278500, 66700, 55600, 75500, 44750, 142500, 127000, 5600, 123500, 262000, 11750, 14150, 239000, 31050, 120500, 81500, 104800, 301000, 144500, 14100], 'myhave_cnt': [8, 5, 14, 4, 17, 21, 15, 33, 10, 9, 266, 12, 5, 100, 84, 6, 48, 9, 14, 14, 4, 8, 84], 'run_price': [131500, 260000, 96600, 263500, 62600, 51000, 73300, 41800, 140000, 119500, 5230, 114000, 257500, 11250, 13750, 222000, 30650, 118000, 79500, 96900, 289000, 140000, 13800], 'sell_price': [131500, 260500, 96600, 263500, 62700, 51100, 73400, 41850, 140500, 119500, 5230, 114500, 258000, 11250, 13750, 222500, 30650, 118500, 79500, 97000, 289000, 140000, 13850], 'sell_cnt': [912, 1778, 20, 172, 957, 4027, 240, 1030, 5524, 1153, 11586, 2447, 2363, 7191, 11825, 925, 1976, 4624, 180, 65, 686, 968, 24904], 'buy_price': [131000, 260000, 96500, 263000, 62600, 51000, 73300, 41800, 140000, 119000, 5220, 114000, 257500, 11200, 13700, 222000, 30600, 118000, 79400, 96900, 288500, 139500, 13800], 'buy_cnt': [911, 1651, 403, 377, 439, 1936, 153, 993, 11607, 613, 15676, 9752, 109, 28785, 84822, 853, 4478, 5993, 374, 9, 303, 3510, 75370], 'vol_cnt': [7558, 12215, 17750, 2017, 29268, 166683, 7301, 29699, 119120, 5495, 304900, 47070, 33570, 206937, 58687, 12018, 39695, 98919, 11506, 7681, 3259, 20351, 71929], 'deal_power': [67.6, 109.0, 40.93, 102.14, 77.88, 39.3, 76.8, 90.82, 131.42, 179.61, 125.92, 34.06, 67.45, 57.51, 240.34, 44.56, 252.31, 103.3, 130.75, 114.13, 229.12, 63.51, 96.43]}
{'stock_no': [], 'deal_power': []}
timer600틱 끝 timer1 재시작
timer600틱 시작 timer1 중지
-----
10분에 한번씩 클럭 발생::체결강도 전송 실행시간 : 10:40:02
계좌평가잔고내역요청 전송
000120;000810;001040;002380;002790;003670;004800;004990;005380;006280;008560;009540;017670;018880;024110;034730;035250;035420;069960;078340;097950;139480;316140;
23
{'stock_no': ['000120', '000810', '001040', '002380', '002790', '003670', '004800', '004990', '005380', '006280', '008560', '009540', '017670', '018880', '024110', '034730', '035250', '035420', '069960', '078340', '097950', '139480', '316140'], 'stock_name': ['CJ대한통운', '삼성화재', 'CJ', 'KCC', '아모레G', '포스코케미칼', '효성', '롯데지주', '현대차', '녹십자', '메리츠종금증권', '한국조선해양', 'SK텔레콤', '한온시스템', '기업은행', 'SK', '강원랜드', 'NAVER', '현대백화점', '컴투스', 'CJ제일제당', '이마트', '우리금융지주'], 'market_in_price': [134500, 272500, 103000, 278500, 66700, 55600, 75500, 44750, 142500, 127000, 5600, 123500, 262000, 11750, 14150, 239000, 31050, 120500, 81500, 104800, 301000, 144500, 14100], 'myhave_cnt': [8, 5, 14, 4, 17, 21, 15, 33, 10, 9, 266, 12, 5, 100, 84, 6, 48, 9, 14, 14, 4, 8, 84], 'run_price': [130500, 260500, 96000, 263500, 62300, 50300, 73000, 41750, 140000, 118000, 5240, 114000, 257000, 11150, 13750, 222500, 30650, 118000, 79300, 96700, 288500, 139500, 13850], 'sell_price': [131000, 260500, 96100, 264000, 62300, 50300, 73100, 41750, 140000, 118500, 5240, 114500, 257000, 11200, 13750, 222500, 30650, 118500, 79400, 96800, 289000, 140000, 13850], 'sell_cnt': [404, 1603, 1505, 163, 200, 6856, 364, 523, 9884, 656, 13356, 3267, 1833, 9483, 11916, 524, 2309, 5478, 198, 104, 920, 1602, 36761], 'buy_price': [130500, 260000, 96000, 263500, 62200, 50200, 73000, 41700, 139500, 118000, 5230, 114000, 256500, 11150, 13700, 222000, 30600, 118000, 79300, 96700, 288500, 139500, 13800], 'buy_cnt': [1536, 2346, 288, 179, 698, 3555, 667, 3028, 14395, 1344, 17554, 9206, 1786, 12143, 79336, 1426, 4392, 3806, 68, 61, 148, 3137, 71799], 'vol_cnt': [8778, 12932, 21262, 2335, 31585, 217943, 8780, 34166, 125745, 8067, 325846, 50244, 35942, 231377, 62658, 12782, 42726, 104228, 11953, 8248, 3414, 21536, 80291], 'deal_power': [57.75, 116.86, 38.04, 115.43, 73.94, 39.27, 64.94, 83.7, 120.27, 84.57, 138.17, 35.79, 61.91, 51.58, 244.87, 49.2, 250.21, 100.0, 122.65, 114.0, 212.37, 68.17, 107.12]}
{'stock_no': [], 'deal_power': []}
timer600틱 끝 timer1 재시작
timer600틱 시작 timer1 중지
-----
10분에 한번씩 클럭 발생::체결강도 전송 실행시간 : 10:50:02
계좌평가잔고내역요청 전송
000120;000810;001040;002380;002790;003670;004800;004990;005380;006280;008560;009540;017670;018880;024110;034730;035250;035420;069960;078340;097950;139480;316140;
23
{'stock_no': ['000120', '000810', '001040', '002380', '002790', '003670', '004800', '004990', '005380', '006280', '008560', '009540', '017670', '018880', '024110', '034730', '035250', '035420', '069960', '078340', '097950', '139480', '316140'], 'stock_name': ['CJ대한통운', '삼성화재', 'CJ', 'KCC', '아모레G', '포스코케미칼', '효성', '롯데지주', '현대차', '녹십자', '메리츠종금증권', '한국조선해양', 'SK텔레콤', '한온시스템', '기업은행', 'SK', '강원랜드', 'NAVER', '현대백화점', '컴투스', 'CJ제일제당', '이마트', '우리금융지주'], 'market_in_price': [134500, 272500, 103000, 278500, 66700, 55600, 75500, 44750, 142500, 127000, 5600, 123500, 262000, 11750, 14150, 239000, 31050, 120500, 81500, 104800, 301000, 144500, 14100], 'myhave_cnt': [8, 5, 14, 4, 17, 21, 15, 33, 10, 9, 266, 12, 5, 100, 84, 6, 48, 9, 14, 14, 4, 8, 84], 'run_price': [132000, 260500, 95900, 264500, 62400, 50700, 73000, 41650, 140000, 118000, 5270, 114500, 257000, 11150, 13700, 223000, 30700, 117500, 79500, 97100, 291000, 140000, 13850], 'sell_price': [132000, 261000, 95900, 264500, 62500, 50700, 73100, 41700, 140000, 118500, 5270, 114500, 257500, 11200, 13750, 223000, 30700, 118000, 79600, 97100, 291000, 140000, 13850], 'sell_cnt': [1139, 2509, 190, 83, 228, 1112, 913, 619, 9155, 943, 12236, 6157, 967, 5489, 12778, 1940, 3945, 3990, 158, 1, 24, 1841, 62312], 'buy_price': [131500, 260500, 95800, 264000, 62400, 50600, 73000, 41650, 139500, 118000, 5250, 114000, 257000, 11150, 13700, 222500, 30650, 117500, 79500, 97000, 290500, 139500, 13800], 'buy_cnt': [460, 897, 613, 177, 131, 824, 500, 2015, 17644, 243, 16532, 9441, 88, 8562, 79858, 1049, 2068, 2352, 4, 67, 79, 2152, 64574], 'vol_cnt': [11274, 14952, 27011, 2613, 38040, 251386, 9311, 43663, 129339, 10668, 475110, 53509, 40367, 256110, 75714, 14240, 54269, 115326, 13306, 9628, 5172, 22446, 98840], 'deal_power': [96.43, 135.89, 49.98, 133.36, 89.9, 47.61, 68.77, 73.05, 119.76, 83.14, 152.69, 37.21, 66.7, 50.55, 274.48, 56.56, 283.92, 90.9, 120.88, 111.31, 271.14, 67.97, 79.89]}
{'stock_no': [], 'deal_power': []}
timer600틱 끝 timer1 재시작
timer600틱 시작 timer1 중지
-----
10분에 한번씩 클럭 발생::체결강도 전송 실행시간 : 11:00:02
계좌평가잔고내역요청 전송
000120;000810;001040;002380;002790;003670;004800;004990;005380;006280;008560;009540;017670;018880;024110;034730;035250;035420;069960;078340;097950;139480;316140;
23
{'stock_no': ['000120', '000810', '001040', '002380', '002790', '003670', '004800', '004990', '005380', '006280', '008560', '009540', '017670', '018880', '024110', '034730', '035250', '035420', '069960', '078340', '097950', '139480', '316140'], 'stock_name': ['CJ대한통운', '삼성화재', 'CJ', 'KCC', '아모레G', '포스코케미칼', '효성', '롯데지주', '현대차', '녹십자', '메리츠종금증권', '한국조선해양', 'SK텔레콤', '한온시스템', '기업은행', 'SK', '강원랜드', 'NAVER', '현대백화점', '컴투스', 'CJ제일제당', '이마트', '우리금융지주'], 'market_in_price': [134500, 272500, 103000, 278500, 66700, 55600, 75500, 44750, 142500, 127000, 5600, 123500, 262000, 11750, 14150, 239000, 31050, 120500, 81500, 104800, 301000, 144500, 14100], 'myhave_cnt': [8, 5, 14, 4, 17, 21, 15, 33, 10, 9, 266, 12, 5, 100, 84, 6, 48, 9, 14, 14, 4, 8, 84], 'run_price': [132000, 260500, 96100, 265000, 62500, 50700, 73100, 41750, 140000, 118000, 5270, 114500, 257000, 11150, 13800, 224000, 30800, 117500, 79500, 97100, 290500, 140500, 13850], 'sell_price': [132000, 261000, 96100, 265000, 62500, 50800, 73200, 41800, 140000, 118500, 5270, 115000, 257000, 11200, 13800, 224500, 30800, 118000, 79600, 97200, 291000, 141000, 13850], 'sell_cnt': [1413, 2540, 512, 931, 878, 804, 223, 819, 24926, 897, 13625, 4837, 1226, 13554, 66700, 738, 434, 4644, 224, 72, 489, 1991, 50505], 'buy_price': [131500, 260500, 96000, 264500, 62400, 50700, 73100, 41750, 139500, 118000, 5260, 114500, 256500, 11150, 13750, 224000, 30750, 117500, 79500, 97100, 290500, 140500, 13800], 'buy_cnt': [234, 1783, 427, 246, 421, 783, 191, 1688, 15463, 902, 11791, 1899, 571, 6570, 6095, 842, 5453, 7011, 330, 35, 53, 156, 74450], 'vol_cnt': [12130, 15307, 28515, 2906, 42756, 266109, 10673, 46953, 152351, 13713, 520384, 60978, 43731, 278817, 88261, 17652, 67197, 119499, 15156, 11626, 5608, 27456, 106700], 'deal_power': [103.57, 139.08, 55.11, 125.41, 107.49, 50.86, 91.49, 79.35, 116.83, 71.89, 137.27, 46.76, 69.32, 48.92, 336.71, 80.09, 295.3, 90.48, 112.82, 100.69, 254.05, 100.43, 77.51]}
{'stock_no': ['024110', '035250'], 'deal_power': [336.71, 295.31]}
timer600틱 끝 timer1 재시작
timer600틱 시작 timer1 중지
-----
10분에 한번씩 클럭 발생::체결강도 전송 실행시간 : 11:10:02
계좌평가잔고내역요청 전송
000120;000810;001040;002380;002790;003670;004800;004990;005380;006280;008560;009540;017670;018880;024110;034730;035250;035420;069960;078340;097950;139480;316140;
23
{'stock_no': ['000120', '000810', '001040', '002380', '002790', '003670', '004800', '004990', '005380', '006280', '008560', '009540', '017670', '018880', '024110', '034730', '035250', '035420', '069960', '078340', '097950', '139480', '316140'], 'stock_name': ['CJ대한통운', '삼성화재', 'CJ', 'KCC', '아모레G', '포스코케미칼', '효성', '롯데지주', '현대차', '녹십자', '메리츠종금증권', '한국조선해양', 'SK텔레콤', '한온시스템', '기업은행', 'SK', '강원랜드', 'NAVER', '현대백화점', '컴투스', 'CJ제일제당', '이마트', '우리금융지주'], 'market_in_price': [134500, 272500, 103000, 278500, 66700, 55600, 75500, 44750, 142500, 127000, 5600, 123500, 262000, 11750, 14150, 239000, 31050, 120500, 81500, 104800, 301000, 144500, 14100], 'myhave_cnt': [8, 5, 14, 4, 17, 21, 15, 33, 10, 9, 266, 12, 5, 100, 84, 6, 48, 9, 14, 14, 4, 8, 84], 'run_price': [131500, 260500, 95900, 264500, 62800, 51200, 73500, 41800, 140000, 118500, 5280, 114500, 256000, 11150, 13800, 223000, 30650, 117500, 79400, 97300, 289000, 141000, 13850], 'sell_price': [132000, 261000, 96000, 265000, 62800, 51300, 73500, 41800, 140000, 118500, 5280, 114500, 256500, 11200, 13800, 223500, 30700, 117500, 79500, 97400, 289500, 141000, 13850], 'sell_cnt': [1684, 2548, 556, 859, 129, 1215, 215, 1324, 25094, 888, 11415, 2996, 900, 15789, 69144, 1576, 878, 4174, 108, 96, 81, 1910, 48824], 'buy_price': [131500, 260500, 95900, 264500, 62700, 51200, 73400, 41750, 139500, 118000, 5270, 114000, 256000, 11150, 13750, 223000, 30650, 117000, 79400, 97300, 289000, 140500, 13800], 'buy_cnt': [292, 2151, 217, 303, 2973, 1974, 144, 587, 26716, 459, 21946, 7245, 1721, 4062, 25183, 794, 1849, 12028, 172, 12, 299, 79, 69170], 'vol_cnt': [12348, 15953, 30121, 3062, 45324, 279375, 11419, 48547, 154439, 14978, 546331, 66606, 45311, 287981, 91468, 19398, 79440, 127609, 15737, 12276, 5880, 28107, 112729], 'deal_power': [103.47, 141.09, 58.22, 130.77, 118.41, 52.95, 103.81, 76.64, 117.65, 66.56, 146.79, 41.9, 66.94, 46.72, 329.0, 68.54, 211.11, 81.59, 105.9, 102.98, 228.82, 99.06, 72.22]}
{'stock_no': ['024110'], 'deal_power': [329.0]}
timer600틱 끝 timer1 재시작
timer600틱 시작 timer1 중지
-----
10분에 한번씩 클럭 발생::체결강도 전송 실행시간 : 11:20:02
계좌평가잔고내역요청 전송
000120;000810;001040;002380;002790;003670;004800;004990;005380;006280;008560;009540;017670;018880;024110;034730;035250;035420;069960;078340;097950;139480;316140;
23
{'stock_no': ['000120', '000810', '001040', '002380', '002790', '003670', '004800', '004990', '005380', '006280', '008560', '009540', '017670', '018880', '024110', '034730', '035250', '035420', '069960', '078340', '097950', '139480', '316140'], 'stock_name': ['CJ대한통운', '삼성화재', 'CJ', 'KCC', '아모레G', '포스코케미칼', '효성', '롯데지주', '현대차', '녹십자', '메리츠종금증권', '한국조선해양', 'SK텔레콤', '한온시스템', '기업은행', 'SK', '강원랜드', 'NAVER', '현대백화점', '컴투스', 'CJ제일제당', '이마트', '우리금융지주'], 'market_in_price': [134500, 272500, 103000, 278500, 66700, 55600, 75500, 44750, 142500, 127000, 5600, 123500, 262000, 11750, 14150, 239000, 31050, 120500, 81500, 104800, 301000, 144500, 14100], 'myhave_cnt': [8, 5, 14, 4, 17, 21, 15, 33, 10, 9, 266, 12, 5, 100, 84, 6, 48, 9, 14, 14, 4, 8, 84], 'run_price': [131500, 259500, 95900, 264500, 62900, 50700, 73200, 41650, 139500, 117500, 5280, 113000, 256500, 11100, 13700, 223000, 30700, 116500, 79100, 97000, 288500, 140000, 13850], 'sell_price': [131500, 260000, 95900, 265000, 62900, 50700, 73300, 41650, 140000, 118000, 5280, 113500, 256500, 11150, 13750, 223500, 30700, 117000, 79200, 97100, 289000, 140500, 13850], 'sell_cnt': [469, 553, 773, 863, 850, 2509, 297, 139, 29078, 932, 22733, 3553, 2898, 14666, 33716, 1769, 342, 3575, 75, 53, 256, 275, 63715], 'buy_price': [131000, 259500, 95800, 264500, 62800, 50600, 73200, 41600, 139500, 117500, 5270, 113000, 256000, 11100, 13700, 223000, 30650, 116500, 79100, 96900, 288500, 140000, 13800], 'buy_cnt': [1015, 188, 285, 314, 384, 2127, 261, 985, 22967, 885, 16678, 5040, 1766, 32504, 43456, 951, 2061, 8449, 282, 64, 77, 5475, 63203], 'vol_cnt': [12824, 19544, 31165, 3160, 47100, 291348, 11938, 57248, 157895, 15993, 565294, 88343, 49407, 297648, 119750, 19794, 83918, 146676, 18027, 12669, 6319, 28687, 120949], 'deal_power': [100.95, 92.46, 56.9, 132.57, 117.12, 50.18, 101.58, 63.91, 116.59, 63.34, 150.72, 30.89, 63.6, 45.52, 151.77, 70.35, 226.98, 77.04, 86.55, 100.59, 196.99, 99.17, 67.03]}
{'stock_no': [], 'deal_power': []}
timer600틱 끝 timer1 재시작
timer600틱 시작 timer1 중지
-----
10분에 한번씩 클럭 발생::체결강도 전송 실행시간 : 11:30:02
계좌평가잔고내역요청 전송
000120;000810;001040;002380;002790;003670;004800;004990;005380;006280;008560;009540;017670;018880;024110;034730;035250;035420;069960;078340;097950;139480;316140;
23
{'stock_no': ['000120', '000810', '001040', '002380', '002790', '003670', '004800', '004990', '005380', '006280', '008560', '009540', '017670', '018880', '024110', '034730', '035250', '035420', '069960', '078340', '097950', '139480', '316140'], 'stock_name': ['CJ대한통운', '삼성화재', 'CJ', 'KCC', '아모레G', '포스코케미칼', '효성', '롯데지주', '현대차', '녹십자', '메리츠종금증권', '한국조선해양', 'SK텔레콤', '한온시스템', '기업은행', 'SK', '강원랜드', 'NAVER', '현대백화점', '컴투스', 'CJ제일제당', '이마트', '우리금융지주'], 'market_in_price': [134500, 272500, 103000, 278500, 66700, 55600, 75500, 44750, 142500, 127000, 5600, 123500, 262000, 11750, 14150, 239000, 31050, 120500, 81500, 104800, 301000, 144500, 14100], 'myhave_cnt': [8, 5, 14, 4, 17, 21, 15, 33, 10, 9, 266, 12, 5, 100, 84, 6, 48, 9, 14, 14, 4, 8, 84], 'run_price': [131500, 260000, 95700, 263500, 63000, 51000, 73300, 41550, 140000, 118000, 5280, 113500, 255500, 11100, 13750, 223500, 30700, 116500, 79100, 97000, 288000, 140500, 13800], 'sell_price': [131500, 260000, 95700, 264000, 63000, 51100, 73300, 41600, 140000, 118000, 5280, 113500, 256000, 11150, 13750, 223500, 30700, 117000, 79200, 97100, 288500, 140500, 13850], 'sell_cnt': [1239, 498, 782, 246, 232, 858, 272, 1151, 29860, 498, 12483, 3135, 1872, 21896, 33118, 1961, 301, 3778, 229, 91, 228, 805, 64082], 'buy_price': [131000, 259000, 95600, 263500, 62900, 51000, 73200, 41550, 139500, 117500, 5270, 113000, 255500, 11100, 13700, 223000, 30650, 116500, 79100, 97000, 288000, 140000, 13800], 'buy_cnt': [1173, 1800, 686, 173, 627, 718, 344, 678, 13548, 1639, 20344, 7764, 4085, 32505, 47705, 2107, 1534, 9036, 33, 12, 386, 6302, 62703], 'vol_cnt': [13085, 20852, 32756, 3911, 50109, 299508, 12259, 59517, 165819, 16572, 583044, 96044, 51849, 305296, 122837, 20323, 89943, 153086, 19678, 13314, 6606, 29569, 127452], 'deal_power': [100.76, 90.89, 55.09, 91.56, 126.01, 52.18, 105.99, 64.65, 109.22, 68.54, 155.3, 36.84, 59.42, 44.05, 152.75, 72.01, 241.98, 77.53, 80.25, 104.36, 181.63, 104.22, 63.11]}
{'stock_no': [], 'deal_power': []}
timer600틱 끝 timer1 재시작
timer600틱 시작 timer1 중지
-----
10분에 한번씩 클럭 발생::체결강도 전송 실행시간 : 11:40:02
계좌평가잔고내역요청 전송
000120;000810;001040;002380;002790;003670;004800;004990;005380;006280;008560;009540;017670;018880;024110;034730;035250;035420;069960;078340;097950;139480;316140;
23
{'stock_no': ['000120', '000810', '001040', '002380', '002790', '003670', '004800', '004990', '005380', '006280', '008560', '009540', '017670', '018880', '024110', '034730', '035250', '035420', '069960', '078340', '097950', '139480', '316140'], 'stock_name': ['CJ대한통운', '삼성화재', 'CJ', 'KCC', '아모레G', '포스코케미칼', '효성', '롯데지주', '현대차', '녹십자', '메리츠종금증권', '한국조선해양', 'SK텔레콤', '한온시스템', '기업은행', 'SK', '강원랜드', 'NAVER', '현대백화점', '컴투스', 'CJ제일제당', '이마트', '우리금융지주'], 'market_in_price': [134500, 272500, 103000, 278500, 66700, 55600, 75500, 44750, 142500, 127000, 5600, 123500, 262000, 11750, 14150, 239000, 31050, 120500, 81500, 104800, 301000, 144500, 14100], 'myhave_cnt': [8, 5, 14, 4, 17, 21, 15, 33, 10, 9, 266, 12, 5, 100, 84, 6, 48, 9, 14, 14, 4, 8, 84], 'run_price': [131500, 259000, 95700, 264000, 63000, 51300, 73500, 41500, 139500, 118000, 5280, 113000, 255500, 11100, 13750, 223500, 30700, 116500, 78900, 97300, 288000, 140500, 13800], 'sell_price': [131500, 259500, 95700, 264000, 63000, 51400, 73500, 41500, 140000, 118000, 5280, 113500, 256000, 11150, 13750, 223500, 30700, 117000, 79000, 97400, 288500, 140500, 13850], 'sell_cnt': [1233, 353, 666, 251, 687, 750, 201, 241, 28333, 419, 19232, 4023, 2631, 33458, 36856, 2293, 162, 6112, 21, 417, 321, 848, 64814], 'buy_price': [131000, 259000, 95600, 263500, 62900, 51300, 73400, 41450, 139500, 117500, 5270, 113000, 255500, 11100, 13700, 223000, 30650, 116500, 78900, 97300, 288000, 140000, 13800], 'buy_cnt': [1317, 2075, 1152, 115, 1301, 607, 167, 156, 12723, 2366, 22173, 6888, 4802, 29428, 50878, 3304, 2380, 9749, 120, 87, 220, 4734, 59606], 'vol_cnt': [13243, 21082, 34961, 4095, 51024, 309302, 13574, 64913, 169281, 17355, 603220, 98251, 53176, 313426, 125301, 20748, 95994, 156060, 21769, 13740, 6856, 30162, 132091], 'deal_power': [102.81, 92.46, 62.28, 92.56, 129.89, 54.36, 124.98, 60.58, 108.37, 75.41, 158.07, 36.21, 58.41, 42.8, 154.3, 71.95, 256.57, 76.14, 74.62, 106.08, 169.89, 105.78, 60.9]}
{'stock_no': [], 'deal_power': []}
timer600틱 끝 timer1 재시작
timer600틱 시작 timer1 중지
-----
10분에 한번씩 클럭 발생::체결강도 전송 실행시간 : 11:50:02
계좌평가잔고내역요청 전송
000120;000810;001040;002380;002790;003670;004800;004990;005380;006280;008560;009540;017670;018880;024110;034730;035250;035420;069960;078340;097950;139480;316140;
23
{'stock_no': ['000120', '000810', '001040', '002380', '002790', '003670', '004800', '004990', '005380', '006280', '008560', '009540', '017670', '018880', '024110', '034730', '035250', '035420', '069960', '078340', '097950', '139480', '316140'], 'stock_name': ['CJ대한통운', '삼성화재', 'CJ', 'KCC', '아모레G', '포스코케미칼', '효성', '롯데지주', '현대차', '녹십자', '메리츠종금증권', '한국조선해양', 'SK텔레콤', '한온시스템', '기업은행', 'SK', '강원랜드', 'NAVER', '현대백화점', '컴투스', 'CJ제일제당', '이마트', '우리금융지주'], 'market_in_price': [134500, 272500, 103000, 278500, 66700, 55600, 75500, 44750, 142500, 127000, 5600, 123500, 262000, 11750, 14150, 239000, 31050, 120500, 81500, 104800, 301000, 144500, 14100], 'myhave_cnt': [8, 5, 14, 4, 17, 21, 15, 33, 10, 9, 266, 12, 5, 100, 84, 6, 48, 9, 14, 14, 4, 8, 84], 'run_price': [131500, 259000, 95700, 263500, 63100, 51100, 73700, 41450, 140000, 118000, 5280, 113000, 256500, 11100, 13750, 223000, 30700, 116500, 79000, 97300, 287000, 140500, 13800], 'sell_price': [131500, 259500, 95700, 264000, 63200, 51100, 73700, 41450, 140000, 118000, 5280, 113500, 256500, 11150, 13750, 223500, 30700, 117000, 79100, 97400, 287500, 140500, 13850], 'sell_cnt': [1458, 373, 647, 89, 126, 130, 149, 176, 29297, 456, 18023, 4325, 717, 29627, 46110, 2639, 93, 11243, 164, 400, 181, 787, 96018], 'buy_price': [131000, 259000, 95600, 263500, 63100, 51000, 73500, 41400, 139500, 117500, 5270, 113000, 256000, 11100, 13700, 223000, 30650, 116500, 79000, 97300, 287000, 140000, 13800], 'buy_cnt': [1567, 2138, 1610, 240, 80, 2152, 298, 428, 14068, 2612, 24238, 9099, 1312, 24271, 53285, 3988, 2267, 6532, 265, 20, 278, 4676, 52703], 'vol_cnt': [13406, 21242, 36810, 4204, 53407, 314207, 14272, 69359, 171716, 17526, 613416, 99596, 57138, 321850, 127758, 21149, 100410, 162910, 22106, 13871, 7364, 30608, 143274], 'deal_power': [103.1, 92.57, 67.37, 93.96, 139.24, 53.31, 132.17, 57.11, 108.76, 77.0, 160.01, 35.93, 64.96, 42.35, 155.28, 72.0, 261.06, 73.1, 73.79, 104.41, 145.87, 107.85, 54.84]}
{'stock_no': [], 'deal_power': []}
timer600틱 끝 timer1 재시작
timer600틱 시작 timer1 중지
-----
10분에 한번씩 클럭 발생::체결강도 전송 실행시간 : 12:00:02
계좌평가잔고내역요청 전송
000120;000810;001040;002380;002790;003670;004800;004990;005380;006280;008560;009540;017670;018880;024110;034730;035250;035420;069960;078340;097950;139480;316140;
23
{'stock_no': ['000120', '000810', '001040', '002380', '002790', '003670', '004800', '004990', '005380', '006280', '008560', '009540', '017670', '018880', '024110', '034730', '035250', '035420', '069960', '078340', '097950', '139480', '316140'], 'stock_name': ['CJ대한통운', '삼성화재', 'CJ', 'KCC', '아모레G', '포스코케미칼', '효성', '롯데지주', '현대차', '녹십자', '메리츠종금증권', '한국조선해양', 'SK텔레콤', '한온시스템', '기업은행', 'SK', '강원랜드', 'NAVER', '현대백화점', '컴투스', 'CJ제일제당', '이마트', '우리금융지주'], 'market_in_price': [134500, 272500, 103000, 278500, 66700, 55600, 75500, 44750, 142500, 127000, 5600, 123500, 262000, 11750, 14150, 239000, 31050, 120500, 81500, 104800, 301000, 144500, 14100], 'myhave_cnt': [8, 5, 14, 4, 17, 21, 15, 33, 10, 9, 266, 12, 5, 100, 84, 6, 48, 9, 14, 14, 4, 8, 84], 'run_price': [131500, 259500, 95600, 264000, 63000, 50800, 73600, 41250, 139000, 118000, 5280, 113000, 256000, 11050, 13750, 223500, 30600, 117000, 78800, 96900, 287000, 140500, 13800], 'sell_price': [131500, 259500, 95600, 264000, 63000, 50900, 73600, 41300, 139500, 118000, 5280, 113500, 256500, 11100, 13750, 223500, 30650, 117500, 78900, 97000, 287500, 140500, 13850], 'sell_cnt': [1640, 623, 153, 197, 652, 1509, 144, 317, 6799, 884, 14290, 5308, 1427, 33372, 55838, 2989, 507, 7371, 391, 164, 303, 1020, 93652], 'buy_price': [131000, 259000, 95500, 263500, 62900, 50800, 73500, 41250, 139000, 117500, 5270, 113000, 256000, 11050, 13700, 223000, 30600, 117000, 78800, 96900, 287000, 140000, 13800], 'buy_cnt': [1432, 1785, 1058, 115, 1143, 1668, 128, 160, 18512, 1813, 29504, 8444, 1876, 56913, 61033, 1373, 3369, 1005, 366, 29, 147, 5071, 36065], 'vol_cnt': [13666, 21552, 39069, 4412, 55498, 319118, 15345, 77435, 187698, 18654, 626605, 101183, 58642, 353366, 130838, 21481, 107660, 182594, 23290, 14718, 7696, 31090, 162510], 'deal_power': [105.2, 93.2, 64.06, 101.01, 134.26, 52.41, 126.59, 53.41, 95.14, 79.26, 162.58, 35.77, 63.7, 38.42, 158.0, 71.56, 240.79, 78.64, 68.85, 104.19, 138.3, 110.76, 46.31]}
{'stock_no': [], 'deal_power': []}
timer600틱 끝 timer1 재시작
timer600틱 시작 timer1 중지
-----
10분에 한번씩 클럭 발생::체결강도 전송 실행시간 : 12:10:02
계좌평가잔고내역요청 전송
000120;000810;001040;002380;002790;003670;004800;004990;005380;006280;008560;009540;017670;018880;024110;034730;035250;035420;069960;078340;097950;139480;316140;
23
{'stock_no': ['000120', '000810', '001040', '002380', '002790', '003670', '004800', '004990', '005380', '006280', '008560', '009540', '017670', '018880', '024110', '034730', '035250', '035420', '069960', '078340', '097950', '139480', '316140'], 'stock_name': ['CJ대한통운', '삼성화재', 'CJ', 'KCC', '아모레G', '포스코케미칼', '효성', '롯데지주', '현대차', '녹십자', '메리츠종금증권', '한국조선해양', 'SK텔레콤', '한온시스템', '기업은행', 'SK', '강원랜드', 'NAVER', '현대백화점', '컴투스', 'CJ제일제당', '이마트', '우리금융지주'], 'market_in_price': [134500, 272500, 103000, 278500, 66700, 55600, 75500, 44750, 142500, 127000, 5600, 123500, 262000, 11750, 14150, 239000, 31050, 120500, 81500, 104800, 301000, 144500, 14100], 'myhave_cnt': [8, 5, 14, 4, 17, 21, 15, 33, 10, 9, 266, 12, 5, 100, 84, 6, 48, 9, 14, 14, 4, 8, 84], 'run_price': [131500, 259000, 95600, 263500, 63000, 51100, 73300, 41100, 139500, 118000, 5290, 113000, 257000, 11050, 13750, 222000, 30700, 116500, 78800, 97000, 287000, 140500, 13850], 'sell_price': [131500, 259500, 95600, 264000, 63000, 51200, 73400, 41200, 139500, 118000, 5290, 113500, 257500, 11100, 13750, 222500, 30700, 117000, 78900, 97100, 287000, 140500, 13850], 'sell_cnt': [1791, 450, 1348, 112, 916, 372, 316, 262, 21206, 1010, 19088, 6103, 2147, 4904, 57505, 1951, 4231, 4554, 22, 89, 257, 1836, 100455], 'buy_price': [131000, 259000, 95500, 263500, 62900, 51100, 73300, 41100, 139000, 117500, 5280, 113000, 257000, 11050, 13700, 222000, 30650, 116500, 78800, 97000, 286500, 140000, 13800], 'buy_cnt': [1405, 1774, 1811, 28, 1146, 70, 531, 155, 15639, 2016, 17696, 7815, 1798, 49990, 62620, 2530, 1357, 6766, 553, 52, 988, 1326, 33026], 'vol_cnt': [13890, 22118, 41583, 4644, 56226, 322606, 16024, 92013, 189594, 18743, 654695, 102325, 62700, 406841, 133597, 23291, 109819, 186178, 23976, 15575, 8332, 31464, 168555], 'deal_power': [105.82, 96.73, 65.89, 97.69, 136.52, 53.61, 120.74, 45.21, 95.83, 79.44, 171.12, 35.53, 74.58, 56.14, 158.35, 63.43, 243.18, 76.4, 70.59, 103.04, 122.81, 113.16, 44.82]}
{'stock_no': [], 'deal_power': []}
timer600틱 끝 timer1 재시작
timer600틱 시작 timer1 중지
-----
10분에 한번씩 클럭 발생::체결강도 전송 실행시간 : 12:20:02
계좌평가잔고내역요청 전송
000120;000810;001040;002380;002790;003670;004800;004990;005380;006280;008560;009540;017670;018880;024110;034730;035250;035420;069960;078340;097950;139480;316140;
23
{'stock_no': ['000120', '000810', '001040', '002380', '002790', '003670', '004800', '004990', '005380', '006280', '008560', '009540', '017670', '018880', '024110', '034730', '035250', '035420', '069960', '078340', '097950', '139480', '316140'], 'stock_name': ['CJ대한통운', '삼성화재', 'CJ', 'KCC', '아모레G', '포스코케미칼', '효성', '롯데지주', '현대차', '녹십자', '메리츠종금증권', '한국조선해양', 'SK텔레콤', '한온시스템', '기업은행', 'SK', '강원랜드', 'NAVER', '현대백화점', '컴투스', 'CJ제일제당', '이마트', '우리금융지주'], 'market_in_price': [134500, 272500, 103000, 278500, 66700, 55600, 75500, 44750, 142500, 127000, 5600, 123500, 262000, 11750, 14150, 239000, 31050, 120500, 81500, 104800, 301000, 144500, 14100], 'myhave_cnt': [8, 5, 14, 4, 17, 21, 15, 33, 10, 9, 266, 12, 5, 100, 84, 6, 48, 9, 14, 14, 4, 8, 84], 'run_price': [131000, 259500, 95500, 263500, 63000, 51200, 73300, 41100, 139000, 118000, 5290, 113000, 257500, 11050, 13750, 222000, 30700, 116500, 78900, 97100, 286500, 140500, 13800], 'sell_price': [131500, 260000, 95600, 264000, 63000, 51300, 73400, 41100, 139500, 118000, 5290, 113500, 258000, 11100, 13750, 222500, 30700, 117000, 79000, 97100, 287000, 140500, 13850], 'sell_cnt': [2269, 176, 2149, 158, 1160, 1232, 401, 2274, 20559, 1384, 3355, 6002, 2492, 17817, 58238, 2194, 3025, 6484, 172, 93, 337, 1944, 101669], 'buy_price': [131000, 259500, 95500, 263500, 62900, 51200, 73300, 41050, 139000, 117500, 5280, 113000, 257500, 11050, 13700, 222000, 30650, 116500, 78900, 97000, 286500, 140000, 13800], 'buy_cnt': [1148, 843, 1445, 48, 1140, 733, 419, 289, 19424, 1696, 22677, 9886, 2032, 44008, 62151, 2374, 2551, 6930, 409, 29, 732, 1001, 28924], 'vol_cnt': [14280, 22839, 41883, 4769, 56945, 324485, 16346, 96985, 191701, 19372, 673498, 103423, 65531, 415136, 136112, 23566, 111507, 189152, 24263, 15787, 8776, 32168, 174203], 'deal_power': [101.74, 102.47, 66.39, 99.03, 139.2, 53.59, 123.93, 44.75, 96.54, 81.43, 176.63, 35.26, 78.89, 55.04, 159.09, 62.71, 243.83, 75.33, 69.9, 101.3, 112.97, 114.52, 43.74]}
{'stock_no': [], 'deal_power': []}
timer600틱 끝 timer1 재시작
timer600틱 시작 timer1 중지
-----
10분에 한번씩 클럭 발생::체결강도 전송 실행시간 : 12:30:02
계좌평가잔고내역요청 전송
000120;000810;001040;002380;002790;003670;004800;004990;005380;006280;008560;009540;017670;018880;024110;034730;035250;035420;069960;078340;097950;139480;316140;
23
{'stock_no': ['000120', '000810', '001040', '002380', '002790', '003670', '004800', '004990', '005380', '006280', '008560', '009540', '017670', '018880', '024110', '034730', '035250', '035420', '069960', '078340', '097950', '139480', '316140'], 'stock_name': ['CJ대한통운', '삼성화재', 'CJ', 'KCC', '아모레G', '포스코케미칼', '효성', '롯데지주', '현대차', '녹십자', '메리츠종금증권', '한국조선해양', 'SK텔레콤', '한온시스템', '기업은행', 'SK', '강원랜드', 'NAVER', '현대백화점', '컴투스', 'CJ제일제당', '이마트', '우리금융지주'], 'market_in_price': [134500, 272500, 103000, 278500, 66700, 55600, 75500, 44750, 142500, 127000, 5600, 123500, 262000, 11750, 14150, 239000, 31050, 120500, 81500, 104800, 301000, 144500, 14100], 'myhave_cnt': [8, 5, 14, 4, 17, 21, 15, 33, 10, 9, 266, 12, 5, 100, 84, 6, 48, 9, 14, 14, 4, 8, 84], 'run_price': [131500, 259500, 95200, 263500, 62800, 51100, 73100, 41000, 138500, 118000, 5290, 113000, 257500, 11050, 13750, 221500, 30700, 116500, 78800, 96800, 285500, 140000, 13750], 'sell_price': [131500, 260000, 95300, 263500, 62900, 51200, 73200, 41050, 138500, 118000, 5290, 113500, 258000, 11100, 13750, 221500, 30700, 117000, 78900, 96900, 286000, 140000, 13800], 'sell_cnt': [2407, 51, 1681, 127, 1535, 1260, 505, 137, 22663, 1390, 12244, 6801, 3130, 23227, 67648, 1434, 3243, 9617, 105, 51, 543, 866, 35558], 'buy_price': [131000, 259500, 95200, 263000, 62800, 51100, 73100, 41000, 138000, 117500, 5280, 113000, 257500, 11050, 13700, 221000, 30650, 116500, 78800, 96800, 285500, 139500, 13750], 'buy_cnt': [1078, 1690, 769, 381, 710, 1819, 333, 267, 17820, 1825, 23915, 9733, 3179, 42567, 64804, 2677, 2695, 11276, 118, 171, 219, 3634, 52565], 'vol_cnt': [14759, 23482, 45561, 4998, 58688, 327738, 17361, 101985, 218466, 19574, 689810, 104643, 66019, 422654, 138742, 24788, 119820, 192271, 25581, 16395, 10036, 34652, 206961], 'deal_power': [98.84, 107.22, 58.86, 100.97, 135.44, 53.75, 113.42, 44.7, 77.23, 82.42, 181.13, 35.21, 78.59, 53.89, 159.87, 59.84, 235.52, 73.8, 66.12, 98.47, 89.43, 109.62, 35.05]}
{'stock_no': [], 'deal_power': []}
timer600틱 끝 timer1 재시작
timer600틱 시작 timer1 중지
-----
10분에 한번씩 클럭 발생::체결강도 전송 실행시간 : 12:40:02
계좌평가잔고내역요청 전송
000120;000810;001040;002380;002790;003670;004800;004990;005380;006280;008560;009540;017670;018880;024110;034730;035250;035420;069960;078340;097950;139480;316140;
23
{'stock_no': ['000120', '000810', '001040', '002380', '002790', '003670', '004800', '004990', '005380', '006280', '008560', '009540', '017670', '018880', '024110', '034730', '035250', '035420', '069960', '078340', '097950', '139480', '316140'], 'stock_name': ['CJ대한통운', '삼성화재', 'CJ', 'KCC', '아모레G', '포스코케미칼', '효성', '롯데지주', '현대차', '녹십자', '메리츠종금증권', '한국조선해양', 'SK텔레콤', '한온시스템', '기업은행', 'SK', '강원랜드', 'NAVER', '현대백화점', '컴투스', 'CJ제일제당', '이마트', '우리금융지주'], 'market_in_price': [134500, 272500, 103000, 278500, 66700, 55600, 75500, 44750, 142500, 127000, 5600, 123500, 262000, 11750, 14150, 239000, 31050, 120500, 81500, 104800, 301000, 144500, 14100], 'myhave_cnt': [8, 5, 14, 4, 17, 21, 15, 33, 10, 9, 266, 12, 5, 100, 84, 6, 48, 9, 14, 14, 4, 8, 84], 'run_price': [131500, 260000, 95400, 263500, 62900, 51100, 72800, 40850, 138500, 118000, 5290, 113500, 257500, 11100, 13750, 221500, 30650, 116500, 78900, 96700, 284500, 140000, 13800], 'sell_price': [131500, 260500, 95400, 263500, 62900, 51200, 72800, 40900, 138500, 118000, 5290, 113500, 258000, 11100, 13750, 221500, 30700, 117000, 79000, 96700, 285000, 140000, 13800], 'sell_cnt': [1787, 1382, 809, 405, 2260, 1125, 596, 26, 11820, 1100, 19236, 6743, 3053, 3836, 65760, 676, 2229, 10535, 80, 47, 278, 921, 35795], 'buy_price': [131000, 260000, 95300, 263000, 62800, 51100, 72700, 40850, 138000, 117500, 5280, 113000, 257500, 11050, 13700, 221000, 30650, 116500, 78900, 96600, 284500, 139500, 13750], 'buy_cnt': [1163, 761, 626, 385, 956, 1830, 397, 509, 21973, 1910, 21098, 4985, 3607, 52221, 66012, 2919, 4598, 9395, 75, 228, 99, 4394, 57461], 'vol_cnt': [14922, 24531, 48090, 5140, 59403, 329554, 20684, 111092, 220905, 19967, 710141, 111729, 66315, 467214, 143291, 25557, 122304, 196269, 26047, 16922, 11035, 35361, 211577], 'deal_power': [98.95, 115.97, 65.74, 104.73, 137.91, 54.24, 87.01, 41.72, 78.1, 85.45, 187.8, 32.66, 79.01, 64.73, 164.68, 63.26, 238.96, 71.66, 65.11, 95.41, 76.87, 113.45, 34.75]}
{'stock_no': [], 'deal_power': []}
timer600틱 끝 timer1 재시작
timer600틱 시작 timer1 중지
-----
10분에 한번씩 클럭 발생::체결강도 전송 실행시간 : 12:50:02
계좌평가잔고내역요청 전송
000120;000810;001040;002380;002790;003670;004800;004990;005380;006280;008560;009540;017670;018880;024110;034730;035250;035420;069960;078340;097950;139480;316140;
23
{'stock_no': ['000120', '000810', '001040', '002380', '002790', '003670', '004800', '004990', '005380', '006280', '008560', '009540', '017670', '018880', '024110', '034730', '035250', '035420', '069960', '078340', '097950', '139480', '316140'], 'stock_name': ['CJ대한통운', '삼성화재', 'CJ', 'KCC', '아모레G', '포스코케미칼', '효성', '롯데지주', '현대차', '녹십자', '메리츠종금증권', '한국조선해양', 'SK텔레콤', '한온시스템', '기업은행', 'SK', '강원랜드', 'NAVER', '현대백화점', '컴투스', 'CJ제일제당', '이마트', '우리금융지주'], 'market_in_price': [134500, 272500, 103000, 278500, 66700, 55600, 75500, 44750, 142500, 127000, 5600, 123500, 262000, 11750, 14150, 239000, 31050, 120500, 81500, 104800, 301000, 144500, 14100], 'myhave_cnt': [8, 5, 14, 4, 17, 21, 15, 33, 10, 9, 266, 12, 5, 100, 84, 6, 48, 9, 14, 14, 4, 8, 84], 'run_price': [131500, 259500, 95400, 263500, 62800, 51100, 72300, 41000, 138500, 118000, 5290, 113500, 258000, 11050, 13750, 221000, 30650, 116500, 78900, 96600, 284500, 140000, 13750], 'sell_price': [131500, 260000, 95400, 263500, 62800, 51100, 72300, 41000, 138500, 118000, 5290, 113500, 258000, 11100, 13750, 221500, 30700, 117000, 79000, 96700, 285000, 140000, 13800], 'sell_cnt': [1945, 1181, 541, 367, 390, 707, 245, 598, 9820, 1070, 29193, 6889, 4487, 16151, 78512, 1918, 4237, 12575, 184, 65, 199, 925, 46187], 'buy_price': [131000, 259500, 95300, 263000, 62700, 51000, 72200, 40950, 138000, 117500, 5280, 113000, 257500, 11050, 13700, 221000, 30650, 116500, 78900, 96600, 284500, 139500, 13750], 'buy_cnt': [1171, 522, 1668, 379, 2270, 2410, 441, 76, 23267, 2109, 24113, 5792, 3413, 43042, 67984, 415, 5739, 6968, 182, 161, 225, 4323, 38499], 'vol_cnt': [15304, 26203, 49739, 5266, 61345, 332804, 25477, 113205, 224999, 20163, 727981, 112927, 67390, 475379, 146778, 26597, 126833, 201140, 26490, 17385, 11278, 36333, 219492], 'deal_power': [100.98, 104.66, 69.44, 107.12, 133.95, 54.19, 69.86, 43.67, 80.24, 86.1, 192.83, 32.41, 77.46, 63.79, 165.63, 59.94, 249.78, 69.36, 65.47, 93.81, 75.05, 118.92, 33.77]}
{'stock_no': [], 'deal_power': []}
timer600틱 끝 timer1 재시작
timer600틱 시작 timer1 중지
-----
10분에 한번씩 클럭 발생::체결강도 전송 실행시간 : 13:00:02
계좌평가잔고내역요청 전송
000120;000810;001040;002380;002790;003670;004800;004990;005380;006280;008560;009540;017670;018880;024110;034730;035250;035420;069960;078340;097950;139480;316140;
23
{'stock_no': ['000120', '000810', '001040', '002380', '002790', '003670', '004800', '004990', '005380', '006280', '008560', '009540', '017670', '018880', '024110', '034730', '035250', '035420', '069960', '078340', '097950', '139480', '316140'], 'stock_name': ['CJ대한통운', '삼성화재', 'CJ', 'KCC', '아모레G', '포스코케미칼', '효성', '롯데지주', '현대차', '녹십자', '메리츠종금증권', '한국조선해양', 'SK텔레콤', '한온시스템', '기업은행', 'SK', '강원랜드', 'NAVER', '현대백화점', '컴투스', 'CJ제일제당', '이마트', '우리금융지주'], 'market_in_price': [134500, 272500, 103000, 278500, 66700, 55600, 75500, 44750, 142500, 127000, 5600, 123500, 262000, 11750, 14150, 239000, 31050, 120500, 81500, 104800, 301000, 144500, 14100], 'myhave_cnt': [8, 5, 14, 4, 17, 21, 15, 33, 10, 9, 266, 12, 5, 100, 84, 6, 48, 9, 14, 14, 4, 8, 84], 'run_price': [131500, 259500, 95400, 264500, 62900, 51000, 72800, 41150, 138000, 118000, 5290, 113000, 257500, 11050, 13700, 221000, 30700, 117000, 79100, 96600, 285000, 140000, 13750], 'sell_price': [131500, 260000, 95500, 264500, 62900, 51100, 72800, 41150, 138500, 118000, 5290, 113500, 258000, 11100, 13750, 221500, 30700, 117000, 79100, 96700, 285500, 140000, 13800], 'sell_cnt': [1932, 959, 436, 174, 2343, 516, 93, 247, 19254, 963, 35597, 7937, 4658, 20780, 78418, 1105, 358, 10800, 490, 278, 49, 1272, 45518], 'buy_price': [131000, 259500, 95400, 264000, 62800, 51000, 72700, 41100, 138000, 117500, 5280, 113000, 257500, 11050, 13700, 221000, 30650, 116500, 78900, 96600, 285000, 139500, 13750], 'buy_cnt': [1208, 1012, 792, 134, 1000, 3103, 613, 544, 21436, 2257, 28315, 7758, 3060, 37391, 68970, 5273, 2756, 14334, 259, 455, 239, 5305, 38895], 'vol_cnt': [15570, 26487, 50799, 5765, 62998, 335834, 26911, 118673, 228360, 20397, 742622, 114138, 68440, 506201, 149405, 28422, 137724, 216264, 27170, 17651, 11990, 37930, 225250], 'deal_power': [102.39, 103.71, 72.72, 123.07, 136.76, 54.58, 77.23, 49.7, 81.05, 88.04, 196.25, 32.45, 76.33, 59.96, 166.69, 65.54, 273.68, 67.85, 64.81, 94.41, 74.92, 127.82, 33.64]}
{'stock_no': [], 'deal_power': []}
timer600틱 끝 timer1 재시작
timer600틱 시작 timer1 중지
-----
10분에 한번씩 클럭 발생::체결강도 전송 실행시간 : 13:10:02
계좌평가잔고내역요청 전송
000120;000810;001040;002380;002790;003670;004800;004990;005380;006280;008560;009540;017670;018880;024110;034730;035250;035420;069960;078340;097950;139480;316140;
23
{'stock_no': ['000120', '000810', '001040', '002380', '002790', '003670', '004800', '004990', '005380', '006280', '008560', '009540', '017670', '018880', '024110', '034730', '035250', '035420', '069960', '078340', '097950', '139480', '316140'], 'stock_name': ['CJ대한통운', '삼성화재', 'CJ', 'KCC', '아모레G', '포스코케미칼', '효성', '롯데지주', '현대차', '녹십자', '메리츠종금증권', '한국조선해양', 'SK텔레콤', '한온시스템', '기업은행', 'SK', '강원랜드', 'NAVER', '현대백화점', '컴투스', 'CJ제일제당', '이마트', '우리금융지주'], 'market_in_price': [134500, 272500, 103000, 278500, 66700, 55600, 75500, 44750, 142500, 127000, 5600, 123500, 262000, 11750, 14150, 239000, 31050, 120500, 81500, 104800, 301000, 144500, 14100], 'myhave_cnt': [8, 5, 14, 4, 17, 21, 15, 33, 10, 9, 266, 12, 5, 100, 84, 6, 48, 9, 14, 14, 4, 8, 84], 'run_price': [131000, 260000, 95500, 264500, 62800, 51300, 73000, 41300, 138000, 118000, 5290, 113000, 257500, 11050, 13750, 221500, 30700, 117000, 79100, 97200, 285000, 140000, 13800], 'sell_price': [131500, 260000, 95500, 265000, 62900, 51300, 73000, 41300, 138500, 118000, 5290, 113500, 258000, 11100, 13750, 221500, 30700, 117000, 79100, 97200, 285500, 140000, 13800], 'sell_cnt': [1783, 80, 593, 987, 2150, 344, 100, 966, 17213, 564, 27558, 9462, 4621, 21708, 77951, 1466, 818, 11226, 266, 101, 137, 1190, 44724], 'buy_price': [131000, 259500, 95400, 264500, 62800, 51200, 72900, 41250, 138000, 117500, 5280, 113000, 257500, 11050, 13700, 221000, 30650, 116500, 79000, 97100, 285000, 139500, 13750], 'buy_cnt': [1289, 1638, 1032, 72, 1055, 1813, 191, 714, 22269, 2411, 34947, 9387, 2955, 33590, 66913, 5944, 3136, 16081, 457, 16, 451, 5134, 36065], 'vol_cnt': [15846, 27077, 51477, 5891, 63596, 338886, 27759, 121866, 231865, 21039, 761624, 115080, 68916, 515999, 153864, 29062, 141692, 219352, 27841, 19021, 12150, 38500, 230895], 'deal_power': [103.82, 105.29, 74.37, 125.0, 138.87, 55.5, 80.94, 52.96, 82.78, 93.84, 195.92, 32.18, 75.95, 58.8, 162.26, 68.24, 273.67, 67.05, 62.7, 95.13, 75.03, 130.84, 33.32]}
{'stock_no': [], 'deal_power': []}
timer600틱 끝 timer1 재시작
timer600틱 시작 timer1 중지
-----
10분에 한번씩 클럭 발생::체결강도 전송 실행시간 : 13:20:02
계좌평가잔고내역요청 전송
000120;000810;001040;002380;002790;003670;004800;004990;005380;006280;008560;009540;017670;018880;024110;034730;035250;035420;069960;078340;097950;139480;316140;
23
{'stock_no': ['000120', '000810', '001040', '002380', '002790', '003670', '004800', '004990', '005380', '006280', '008560', '009540', '017670', '018880', '024110', '034730', '035250', '035420', '069960', '078340', '097950', '139480', '316140'], 'stock_name': ['CJ대한통운', '삼성화재', 'CJ', 'KCC', '아모레G', '포스코케미칼', '효성', '롯데지주', '현대차', '녹십자', '메리츠종금증권', '한국조선해양', 'SK텔레콤', '한온시스템', '기업은행', 'SK', '강원랜드', 'NAVER', '현대백화점', '컴투스', 'CJ제일제당', '이마트', '우리금융지주'], 'market_in_price': [134500, 272500, 103000, 278500, 66700, 55600, 75500, 44750, 142500, 127000, 5600, 123500, 262000, 11750, 14150, 239000, 31050, 120500, 81500, 104800, 301000, 144500, 14100], 'myhave_cnt': [8, 5, 14, 4, 17, 21, 15, 33, 10, 9, 266, 12, 5, 100, 84, 6, 48, 9, 14, 14, 4, 8, 84], 'run_price': [131500, 259500, 95500, 264500, 62900, 51500, 72800, 41300, 138500, 118000, 5290, 113000, 256500, 11050, 13700, 221500, 30700, 117000, 79000, 96900, 285000, 140500, 13800], 'sell_price': [131500, 260000, 95500, 265000, 62900, 51500, 72800, 41300, 138500, 118000, 5290, 113500, 257000, 11100, 13750, 221500, 30700, 117000, 79000, 97000, 285500, 140500, 13800], 'sell_cnt': [1469, 347, 268, 833, 2345, 1211, 186, 1055, 17609, 80, 26766, 9264, 557, 22874, 72371, 839, 689, 2331, 322, 123, 311, 2966, 46965], 'buy_price': [131000, 259500, 95400, 264500, 62800, 51400, 72700, 41250, 138000, 117500, 5280, 113000, 256500, 11050, 13700, 221000, 30650, 116500, 78900, 96900, 285000, 140000, 13750], 'buy_cnt': [1077, 1653, 715, 100, 1388, 670, 2, 646, 31439, 2536, 30420, 8745, 2394, 33689, 64551, 8802, 3115, 9646, 253, 42, 488, 608, 36323], 'vol_cnt': [16620, 27223, 52773, 5990, 64359, 341630, 29038, 123225, 237283, 21716, 778730, 116231, 73188, 525757, 159612, 30107, 145302, 235615, 28965, 19338, 12360, 40620, 235550], 'deal_power': [109.23, 105.67, 77.31, 124.58, 141.66, 56.21, 82.03, 53.58, 86.47, 99.53, 199.42, 31.96, 68.95, 57.74, 155.42, 72.63, 281.39, 74.22, 59.64, 94.68, 76.32, 142.62, 32.99]}
{'stock_no': [], 'deal_power': []}
timer600틱 끝 timer1 재시작
timer600틱 시작 timer1 중지
-----
10분에 한번씩 클럭 발생::체결강도 전송 실행시간 : 13:30:02
계좌평가잔고내역요청 전송
000120;000810;001040;002380;002790;003670;004800;004990;005380;006280;008560;009540;017670;018880;024110;034730;035250;035420;069960;078340;097950;139480;316140;
23
{'stock_no': ['000120', '000810', '001040', '002380', '002790', '003670', '004800', '004990', '005380', '006280', '008560', '009540', '017670', '018880', '024110', '034730', '035250', '035420', '069960', '078340', '097950', '139480', '316140'], 'stock_name': ['CJ대한통운', '삼성화재', 'CJ', 'KCC', '아모레G', '포스코케미칼', '효성', '롯데지주', '현대차', '녹십자', '메리츠종금증권', '한국조선해양', 'SK텔레콤', '한온시스템', '기업은행', 'SK', '강원랜드', 'NAVER', '현대백화점', '컴투스', 'CJ제일제당', '이마트', '우리금융지주'], 'market_in_price': [134500, 272500, 103000, 278500, 66700, 55600, 75500, 44750, 142500, 127000, 5600, 123500, 262000, 11750, 14150, 239000, 31050, 120500, 81500, 104800, 301000, 144500, 14100], 'myhave_cnt': [8, 5, 14, 4, 17, 21, 15, 33, 10, 9, 266, 12, 5, 100, 84, 6, 48, 9, 14, 14, 4, 8, 84], 'run_price': [131500, 260000, 95600, 264500, 62900, 51400, 73000, 41250, 139000, 117500, 5300, 113500, 257000, 11050, 13700, 221500, 30700, 116500, 79100, 96900, 285500, 140500, 13750], 'sell_price': [131500, 260000, 95600, 265000, 62900, 51500, 73000, 41300, 139500, 118000, 5300, 114000, 257500, 11100, 13750, 222000, 30700, 117000, 79200, 96900, 286000, 140500, 13800], 'sell_cnt': [1111, 738, 49, 319, 2343, 735, 124, 930, 14996, 1170, 19091, 4284, 129, 28860, 69280, 2301, 4697, 3570, 379, 10, 425, 2858, 49430], 'buy_price': [131000, 259500, 95500, 264500, 62800, 51400, 72900, 41250, 139000, 117500, 5290, 113500, 257000, 11050, 13700, 221500, 30650, 116500, 79100, 96800, 285500, 140000, 13750], 'buy_cnt': [1370, 1446, 550, 781, 1325, 379, 187, 851, 11050, 1994, 16896, 7921, 1799, 32033, 83978, 1578, 3695, 7177, 211, 153, 72, 2446, 38168], 'vol_cnt': [17234, 27645, 53836, 6201, 65414, 344814, 29770, 124285, 270610, 22182, 821287, 127486, 74304, 536918, 164748, 31397, 149887, 239512, 31137, 19935, 12909, 41099, 240639], 'deal_power': [117.03, 108.19, 80.28, 124.08, 143.65, 56.94, 84.82, 54.17, 101.86, 96.84, 208.08, 42.95, 70.48, 57.17, 158.21, 78.25, 290.73, 73.4, 59.74, 95.76, 80.88, 145.02, 32.87]}
{'stock_no': [], 'deal_power': []}
timer600틱 끝 timer1 재시작
timer600틱 시작 timer1 중지
-----
10분에 한번씩 클럭 발생::체결강도 전송 실행시간 : 13:40:02
계좌평가잔고내역요청 전송
000120;000810;001040;002380;002790;003670;004800;004990;005380;006280;008560;009540;017670;018880;024110;034730;035250;035420;069960;078340;097950;139480;316140;
23
{'stock_no': ['000120', '000810', '001040', '002380', '002790', '003670', '004800', '004990', '005380', '006280', '008560', '009540', '017670', '018880', '024110', '034730', '035250', '035420', '069960', '078340', '097950', '139480', '316140'], 'stock_name': ['CJ대한통운', '삼성화재', 'CJ', 'KCC', '아모레G', '포스코케미칼', '효성', '롯데지주', '현대차', '녹십자', '메리츠종금증권', '한국조선해양', 'SK텔레콤', '한온시스템', '기업은행', 'SK', '강원랜드', 'NAVER', '현대백화점', '컴투스', 'CJ제일제당', '이마트', '우리금융지주'], 'market_in_price': [134500, 272500, 103000, 278500, 66700, 55600, 75500, 44750, 142500, 127000, 5600, 123500, 262000, 11750, 14150, 239000, 31050, 120500, 81500, 104800, 301000, 144500, 14100], 'myhave_cnt': [8, 5, 14, 4, 17, 21, 15, 33, 10, 9, 266, 12, 5, 100, 84, 6, 48, 9, 14, 14, 4, 8, 84], 'run_price': [131500, 260000, 95600, 264500, 63000, 51700, 72900, 41300, 139500, 118000, 5290, 113500, 257500, 11050, 13750, 222500, 30700, 116500, 79100, 97000, 285500, 140500, 13750], 'sell_price': [131500, 260000, 95600, 265000, 63000, 51700, 72900, 41300, 139500, 118000, 5300, 113500, 258000, 11100, 13750, 222500, 30700, 117000, 79200, 97100, 286000, 140500, 13800], 'sell_cnt': [99, 750, 212, 1126, 1360, 2351, 375, 1670, 11360, 1039, 13341, 2730, 1601, 42425, 71156, 1402, 6864, 5409, 412, 87, 324, 2935, 57374], 'buy_price': [131000, 259500, 95500, 264500, 62900, 51600, 72800, 41250, 139000, 117500, 5290, 113000, 257500, 11050, 13700, 222000, 30650, 116500, 79100, 97000, 285500, 140000, 13750], 'buy_cnt': [1980, 1313, 1381, 51, 646, 1169, 267, 782, 18674, 2020, 25289, 7767, 177, 31058, 90800, 832, 3772, 4074, 130, 256, 124, 2941, 32438], 'vol_cnt': [19617, 28098, 54582, 6462, 69042, 351168, 30404, 125040, 274838, 22429, 843928, 135636, 75341, 545817, 168204, 33299, 153997, 244249, 31815, 20364, 13135, 42074, 250697], 'deal_power': [132.79, 110.87, 81.7, 125.61, 156.8, 58.36, 85.55, 54.53, 100.65, 97.75, 213.04, 41.27, 72.6, 56.27, 160.49, 86.45, 299.49, 71.29, 58.42, 98.66, 79.74, 142.56, 31.81]}
{'stock_no': ['035250'], 'deal_power': [299.49]}
timer600틱 끝 timer1 재시작
timer600틱 시작 timer1 중지
-----
10분에 한번씩 클럭 발생::체결강도 전송 실행시간 : 13:50:02
계좌평가잔고내역요청 전송
000120;000810;001040;002380;002790;003670;004800;004990;005380;006280;008560;009540;017670;018880;024110;034730;035250;035420;069960;078340;097950;139480;316140;
23
{'stock_no': ['000120', '000810', '001040', '002380', '002790', '003670', '004800', '004990', '005380', '006280', '008560', '009540', '017670', '018880', '024110', '034730', '035250', '035420', '069960', '078340', '097950', '139480', '316140'], 'stock_name': ['CJ대한통운', '삼성화재', 'CJ', 'KCC', '아모레G', '포스코케미칼', '효성', '롯데지주', '현대차', '녹십자', '메리츠종금증권', '한국조선해양', 'SK텔레콤', '한온시스템', '기업은행', 'SK', '강원랜드', 'NAVER', '현대백화점', '컴투스', 'CJ제일제당', '이마트', '우리금융지주'], 'market_in_price': [134500, 272500, 103000, 278500, 66700, 55600, 75500, 44750, 142500, 127000, 5600, 123500, 262000, 11750, 14150, 239000, 31050, 120500, 81500, 104800, 301000, 144500, 14100], 'myhave_cnt': [8, 5, 14, 4, 17, 21, 15, 33, 10, 9, 266, 12, 5, 100, 84, 6, 48, 9, 14, 14, 4, 8, 84], 'run_price': [131500, 260000, 95600, 264500, 63300, 51700, 72800, 41150, 139500, 118000, 5290, 113500, 257000, 11000, 13700, 222000, 30700, 116000, 79000, 96900, 285500, 140500, 13750], 'sell_price': [132000, 260500, 95600, 265000, 63300, 51700, 72800, 41150, 139500, 118000, 5300, 113500, 257500, 11050, 13750, 222500, 30700, 116500, 79100, 97000, 286000, 140500, 13800], 'sell_cnt': [1065, 2118, 1508, 347, 563, 4469, 259, 10, 13496, 866, 33968, 6563, 1592, 57856, 69644, 1850, 4652, 5001, 972, 76, 305, 3171, 65102], 'buy_price': [131500, 260000, 95500, 264500, 63200, 51600, 72700, 41100, 139000, 117500, 5290, 113000, 257000, 11000, 13700, 222000, 30650, 116000, 79000, 96900, 285500, 140000, 13750], 'buy_cnt': [24, 1345, 795, 724, 614, 1200, 522, 666, 15322, 2250, 25262, 8650, 252, 46038, 62396, 625, 4186, 18890, 107, 70, 268, 3789, 39824], 'vol_cnt': [20507, 29794, 56807, 6638, 73495, 353266, 31397, 130316, 277206, 22727, 868706, 136967, 76448, 582644, 180423, 33874, 159675, 251710, 32510, 21139, 13305, 43629, 255110], 'deal_power': [130.9, 120.42, 82.83, 128.03, 172.77, 58.62, 87.9, 56.47, 101.11, 99.07, 212.73, 41.09, 71.37, 55.94, 145.25, 86.53, 312.38, 69.56, 57.02, 97.44, 79.09, 142.19, 31.93]}
{'stock_no': ['035250'], 'deal_power': [312.38]}
timer600틱 끝 timer1 재시작
timer600틱 시작 timer1 중지
-----
10분에 한번씩 클럭 발생::체결강도 전송 실행시간 : 14:00:02
계좌평가잔고내역요청 전송
000120;000810;001040;002380;002790;003670;004800;004990;005380;006280;008560;009540;017670;018880;024110;034730;035250;035420;069960;078340;097950;139480;316140;
23
{'stock_no': ['000120', '000810', '001040', '002380', '002790', '003670', '004800', '004990', '005380', '006280', '008560', '009540', '017670', '018880', '024110', '034730', '035250', '035420', '069960', '078340', '097950', '139480', '316140'], 'stock_name': ['CJ대한통운', '삼성화재', 'CJ', 'KCC', '아모레G', '포스코케미칼', '효성', '롯데지주', '현대차', '녹십자', '메리츠종금증권', '한국조선해양', 'SK텔레콤', '한온시스템', '기업은행', 'SK', '강원랜드', 'NAVER', '현대백화점', '컴투스', 'CJ제일제당', '이마트', '우리금융지주'], 'market_in_price': [134500, 272500, 103000, 278500, 66700, 55600, 75500, 44750, 142500, 127000, 5600, 123500, 262000, 11750, 14150, 239000, 31050, 120500, 81500, 104800, 301000, 144500, 14100], 'myhave_cnt': [8, 5, 14, 4, 17, 21, 15, 33, 10, 9, 266, 12, 5, 100, 84, 6, 48, 9, 14, 14, 4, 8, 84], 'run_price': [131500, 259500, 95500, 264500, 63100, 51400, 72800, 41150, 139000, 118000, 5280, 113000, 257000, 11000, 13700, 222000, 30650, 116500, 78900, 96900, 285000, 140000, 13750], 'sell_price': [132000, 260000, 95600, 264500, 63100, 51500, 72800, 41150, 139500, 118000, 5290, 113000, 257000, 11050, 13700, 222500, 30650, 117000, 79000, 97100, 285500, 140500, 13800], 'sell_cnt': [1392, 1359, 1451, 293, 62, 1548, 322, 68, 17621, 1995, 34785, 3096, 1164, 56809, 47736, 1856, 534, 4982, 45, 136, 293, 2936, 72936], 'buy_price': [131500, 259500, 95500, 264000, 63000, 51400, 72700, 41100, 139000, 117500, 5280, 112500, 256500, 11000, 13650, 222000, 30600, 116500, 78900, 96800, 285000, 140000, 13750], 'buy_cnt': [309, 449, 861, 944, 921, 1039, 313, 1520, 15227, 1801, 3461, 11145, 2415, 58102, 59854, 211, 5698, 764, 257, 108, 423, 1128, 34334], 'vol_cnt': [21218, 32135, 57224, 6920, 75420, 358267, 32226, 131743, 279596, 23321, 934368, 148305, 77716, 602754, 236892, 35232, 183326, 263193, 33177, 22350, 13713, 46890, 271313], 'deal_power': [135.44, 105.48, 83.7, 125.1, 170.47, 58.77, 89.14, 57.14, 101.49, 96.75, 186.32, 37.98, 70.79, 57.68, 83.98, 83.44, 289.07, 73.04, 56.35, 92.74, 77.47, 133.61, 35.44]}
{'stock_no': [], 'deal_power': []}
timer600틱 끝 timer1 재시작
timer600틱 시작 timer1 중지
-----
10분에 한번씩 클럭 발생::체결강도 전송 실행시간 : 14:10:02
계좌평가잔고내역요청 전송
000120;000810;001040;002380;002790;003670;004800;004990;005380;006280;008560;009540;017670;018880;024110;034730;035250;035420;069960;078340;097950;139480;316140;
23
{'stock_no': ['000120', '000810', '001040', '002380', '002790', '003670', '004800', '004990', '005380', '006280', '008560', '009540', '017670', '018880', '024110', '034730', '035250', '035420', '069960', '078340', '097950', '139480', '316140'], 'stock_name': ['CJ대한통운', '삼성화재', 'CJ', 'KCC', '아모레G', '포스코케미칼', '효성', '롯데지주', '현대차', '녹십자', '메리츠종금증권', '한국조선해양', 'SK텔레콤', '한온시스템', '기업은행', 'SK', '강원랜드', 'NAVER', '현대백화점', '컴투스', 'CJ제일제당', '이마트', '우리금융지주'], 'market_in_price': [134500, 272500, 103000, 278500, 66700, 55600, 75500, 44750, 142500, 127000, 5600, 123500, 262000, 11750, 14150, 239000, 31050, 120500, 81500, 104800, 301000, 144500, 14100], 'myhave_cnt': [8, 5, 14, 4, 17, 21, 15, 33, 10, 9, 266, 12, 5, 100, 84, 6, 48, 9, 14, 14, 4, 8, 84], 'run_price': [131500, 259500, 95500, 264000, 63000, 51400, 72700, 41100, 139000, 117000, 5280, 113000, 256500, 11000, 13650, 222000, 30650, 115500, 79000, 96800, 285000, 140000, 13750], 'sell_price': [132000, 260000, 95600, 264500, 63100, 51400, 72800, 41150, 139500, 117500, 5290, 113000, 257000, 11050, 13700, 222500, 30700, 116000, 79100, 96800, 285500, 140000, 13800], 'sell_cnt': [883, 1912, 2036, 84, 504, 2074, 90, 1829, 19786, 333, 37255, 5704, 1267, 35932, 30818, 1693, 6677, 603, 845, 61, 583, 1538, 71631], 'buy_price': [131500, 259500, 95500, 264000, 63000, 51300, 72700, 41100, 139000, 117000, 5280, 112500, 256500, 11000, 13650, 222000, 30650, 115500, 79000, 96700, 285000, 139500, 13750], 'buy_cnt': [459, 1043, 790, 1057, 1590, 1339, 574, 1623, 11868, 4758, 9082, 9867, 3028, 60225, 73332, 503, 2082, 7537, 625, 60, 284, 5315, 47602], 'vol_cnt': [21777, 32402, 58383, 7157, 76948, 362515, 33326, 133575, 283743, 25657, 960580, 151836, 78176, 647178, 240071, 36001, 192235, 292421, 33614, 22883, 14110, 49783, 281517], 'deal_power': [137.81, 103.7, 82.03, 127.49, 175.35, 58.43, 92.49, 58.9, 101.04, 84.53, 179.95, 37.8, 70.99, 65.82, 85.08, 82.97, 293.82, 64.83, 55.96, 92.42, 74.72, 125.52, 37.73]}
{'stock_no': ['035250'], 'deal_power': [293.82]}
timer600틱 끝 timer1 재시작
timer600틱 시작 timer1 중지
-----
10분에 한번씩 클럭 발생::체결강도 전송 실행시간 : 14:20:02
계좌평가잔고내역요청 전송
000120;000810;001040;002380;002790;003670;004800;004990;005380;006280;008560;009540;017670;018880;024110;034730;035250;035420;069960;078340;097950;139480;316140;
23
{'stock_no': ['000120', '000810', '001040', '002380', '002790', '003670', '004800', '004990', '005380', '006280', '008560', '009540', '017670', '018880', '024110', '034730', '035250', '035420', '069960', '078340', '097950', '139480', '316140'], 'stock_name': ['CJ대한통운', '삼성화재', 'CJ', 'KCC', '아모레G', '포스코케미칼', '효성', '롯데지주', '현대차', '녹십자', '메리츠종금증권', '한국조선해양', 'SK텔레콤', '한온시스템', '기업은행', 'SK', '강원랜드', 'NAVER', '현대백화점', '컴투스', 'CJ제일제당', '이마트', '우리금융지주'], 'market_in_price': [134500, 272500, 103000, 278500, 66700, 55600, 75500, 44750, 142500, 127000, 5600, 123500, 262000, 11750, 14150, 239000, 31050, 120500, 81500, 104800, 301000, 144500, 14100], 'myhave_cnt': [8, 5, 14, 4, 17, 21, 15, 33, 10, 9, 266, 12, 5, 100, 84, 6, 48, 9, 14, 14, 4, 8, 84], 'run_price': [131500, 259500, 95500, 265000, 63100, 51300, 72800, 41050, 139000, 117500, 5290, 113000, 256500, 11050, 13650, 222500, 30650, 116000, 79000, 96700, 285000, 139500, 13800], 'sell_price': [132000, 260000, 95600, 265000, 63200, 51400, 72800, 41100, 139500, 117500, 5290, 113000, 257000, 11050, 13700, 222500, 30700, 116000, 79100, 96800, 285500, 140000, 13800], 'sell_cnt': [683, 2351, 1916, 123, 545, 2731, 200, 2161, 19472, 771, 32828, 6306, 1513, 39246, 36227, 1242, 4806, 4538, 553, 102, 256, 1882, 71396], 'buy_price': [131500, 259500, 95500, 264500, 63100, 51300, 72700, 41050, 139000, 117000, 5280, 112500, 256500, 11000, 13650, 222000, 30650, 115500, 79000, 96600, 285000, 139500, 13750], 'buy_cnt': [549, 1245, 876, 925, 821, 313, 486, 1801, 5080, 4964, 22847, 8996, 3297, 54640, 82131, 488, 7513, 6263, 606, 384, 368, 6565, 46507], 'vol_cnt': [22731, 32736, 59488, 7392, 79448, 368847, 34092, 136049, 290640, 26771, 1040379, 155212, 78866, 668935, 243230, 39402, 196673, 296453, 34553, 23579, 14953, 50705, 290677], 'deal_power': [138.85, 101.58, 83.1, 131.52, 178.59, 58.68, 94.19, 57.85, 98.46, 85.18, 150.57, 37.89, 70.98, 67.53, 85.97, 89.89, 297.71, 64.28, 55.81, 92.57, 69.43, 129.02, 38.83]}
{'stock_no': ['035250'], 'deal_power': [297.71]}
timer600틱 끝 timer1 재시작
timer600틱 시작 timer1 중지
-----
10분에 한번씩 클럭 발생::체결강도 전송 실행시간 : 14:30:02
계좌평가잔고내역요청 전송
000120;000810;001040;002380;002790;003670;004800;004990;005380;006280;008560;009540;017670;018880;024110;034730;035250;035420;069960;078340;097950;139480;316140;
23
{'stock_no': ['000120', '000810', '001040', '002380', '002790', '003670', '004800', '004990', '005380', '006280', '008560', '009540', '017670', '018880', '024110', '034730', '035250', '035420', '069960', '078340', '097950', '139480', '316140'], 'stock_name': ['CJ대한통운', '삼성화재', 'CJ', 'KCC', '아모레G', '포스코케미칼', '효성', '롯데지주', '현대차', '녹십자', '메리츠종금증권', '한국조선해양', 'SK텔레콤', '한온시스템', '기업은행', 'SK', '강원랜드', 'NAVER', '현대백화점', '컴투스', 'CJ제일제당', '이마트', '우리금융지주'], 'market_in_price': [134500, 272500, 103000, 278500, 66700, 55600, 75500, 44750, 142500, 127000, 5600, 123500, 262000, 11750, 14150, 239000, 31050, 120500, 81500, 104800, 301000, 144500, 14100], 'myhave_cnt': [8, 5, 14, 4, 17, 21, 15, 33, 10, 9, 266, 12, 5, 100, 84, 6, 48, 9, 14, 14, 4, 8, 84], 'run_price': [131000, 259500, 95600, 265000, 63100, 51200, 72400, 41000, 138500, 118000, 5280, 112500, 255500, 11050, 13700, 222000, 30700, 115500, 79000, 96800, 286000, 139500, 13800], 'sell_price': [131500, 260000, 95600, 265000, 63100, 51300, 72500, 41050, 139000, 118000, 5290, 113000, 256000, 11100, 13700, 222500, 30700, 116000, 79000, 96800, 286500, 140000, 13800], 'sell_cnt': [2044, 1325, 2091, 225, 328, 2513, 478, 2558, 15111, 1609, 36581, 5387, 1364, 29489, 47260, 1707, 214, 5795, 12, 129, 372, 2107, 82848], 'buy_price': [131000, 259500, 95500, 264500, 63000, 51200, 72400, 41000, 138500, 117500, 5280, 112500, 255500, 11050, 13650, 222000, 30650, 115500, 78900, 96700, 286000, 139500, 13750], 'buy_cnt': [1281, 1417, 1057, 1004, 943, 1942, 289, 2300, 1265, 159, 26520, 8522, 4451, 21256, 86842, 454, 7615, 518, 180, 196, 136, 563, 43905], 'vol_cnt': [24058, 34430, 60600, 7551, 83276, 373981, 36034, 139822, 316572, 28852, 1069077, 161291, 85936, 732994, 250303, 42467, 207202, 316094, 36476, 24979, 16443, 57368, 304146], 'deal_power': [132.88, 108.74, 84.2, 132.93, 174.27, 59.17, 87.72, 56.1, 96.3, 90.18, 146.11, 40.1, 62.06, 79.07, 88.11, 96.18, 310.71, 64.77, 53.78, 89.95, 67.44, 115.67, 39.25]}
{'stock_no': ['035250'], 'deal_power': [310.71]}
timer600틱 끝 timer1 재시작
timer600틱 시작 timer1 중지
-----
10분에 한번씩 클럭 발생::체결강도 전송 실행시간 : 14:40:02
계좌평가잔고내역요청 전송
000120;000810;001040;002380;002790;003670;004800;004990;005380;006280;008560;009540;017670;018880;024110;034730;035250;035420;069960;078340;097950;139480;316140;
23
{'stock_no': ['000120', '000810', '001040', '002380', '002790', '003670', '004800', '004990', '005380', '006280', '008560', '009540', '017670', '018880', '024110', '034730', '035250', '035420', '069960', '078340', '097950', '139480', '316140'], 'stock_name': ['CJ대한통운', '삼성화재', 'CJ', 'KCC', '아모레G', '포스코케미칼', '효성', '롯데지주', '현대차', '녹십자', '메리츠종금증권', '한국조선해양', 'SK텔레콤', '한온시스템', '기업은행', 'SK', '강원랜드', 'NAVER', '현대백화점', '컴투스', 'CJ제일제당', '이마트', '우리금융지주'], 'market_in_price': [134500, 272500, 103000, 278500, 66700, 55600, 75500, 44750, 142500, 127000, 5600, 123500, 262000, 11750, 14150, 239000, 31050, 120500, 81500, 104800, 301000, 144500, 14100], 'myhave_cnt': [8, 5, 14, 4, 17, 21, 15, 33, 10, 9, 266, 12, 5, 100, 84, 6, 48, 9, 14, 14, 4, 8, 84], 'run_price': [131500, 261000, 95600, 265000, 63000, 51300, 72300, 41050, 139000, 117500, 5290, 113000, 256000, 11050, 13700, 223000, 30750, 115500, 79000, 96700, 285500, 139500, 13800], 'sell_price': [131500, 261000, 95600, 265000, 63100, 51400, 72400, 41050, 139000, 117500, 5290, 113500, 256500, 11100, 13700, 223500, 30800, 116000, 79100, 96700, 286000, 140000, 13800], 'sell_cnt': [2015, 1926, 2375, 25, 1970, 416, 274, 1423, 17859, 112, 35251, 7814, 1003, 40061, 44473, 536, 4499, 8505, 462, 485, 157, 4182, 84506], 'buy_price': [131000, 260500, 95500, 264500, 63000, 51300, 72300, 41000, 138500, 117000, 5280, 113000, 256000, 11050, 13650, 223000, 30750, 115500, 79000, 96600, 285500, 139500, 13750], 'buy_cnt': [1419, 1156, 957, 996, 1591, 813, 659, 2332, 5029, 5141, 43696, 4795, 2591, 25162, 92388, 1758, 85, 1993, 269, 519, 611, 2552, 46453], 'vol_cnt': [24741, 37956, 61745, 7905, 84125, 383408, 37520, 143554, 320089, 29517, 1104115, 171299, 89502, 754653, 256295, 47154, 215755, 322771, 37179, 26335, 17303, 58503, 314598], 'deal_power': [134.28, 128.06, 84.44, 139.08, 175.28, 61.17, 88.17, 57.71, 96.05, 89.81, 148.68, 45.99, 67.97, 77.01, 90.56, 115.21, 311.29, 63.35, 52.75, 86.84, 64.3, 113.06, 40.51]}
{'stock_no': ['035250'], 'deal_power': [311.29]}
timer600틱 끝 timer1 재시작
timer600틱 시작 timer1 중지
-----
10분에 한번씩 클럭 발생::체결강도 전송 실행시간 : 14:50:02
계좌평가잔고내역요청 전송
000120;000810;001040;002380;002790;003670;004800;004990;005380;006280;008560;009540;017670;018880;024110;034730;035250;035420;069960;078340;097950;139480;316140;
23
{'stock_no': ['000120', '000810', '001040', '002380', '002790', '003670', '004800', '004990', '005380', '006280', '008560', '009540', '017670', '018880', '024110', '034730', '035250', '035420', '069960', '078340', '097950', '139480', '316140'], 'stock_name': ['CJ대한통운', '삼성화재', 'CJ', 'KCC', '아모레G', '포스코케미칼', '효성', '롯데지주', '현대차', '녹십자', '메리츠종금증권', '한국조선해양', 'SK텔레콤', '한온시스템', '기업은행', 'SK', '강원랜드', 'NAVER', '현대백화점', '컴투스', 'CJ제일제당', '이마트', '우리금융지주'], 'market_in_price': [134500, 272500, 103000, 278500, 66700, 55600, 75500, 44750, 142500, 127000, 5600, 123500, 262000, 11750, 14150, 239000, 31050, 120500, 81500, 104800, 301000, 144500, 14100], 'myhave_cnt': [8, 5, 14, 4, 17, 21, 15, 33, 10, 9, 266, 12, 5, 100, 84, 6, 48, 9, 14, 14, 4, 8, 84], 'run_price': [131000, 261500, 95500, 265000, 62900, 51200, 72300, 41150, 139000, 117000, 5280, 113000, 256500, 11200, 13700, 223500, 30750, 116000, 79000, 96900, 285000, 140000, 13800], 'sell_price': [131500, 261500, 95600, 265000, 63000, 51300, 72300, 41150, 139000, 117500, 5290, 113500, 256500, 11200, 13700, 224000, 30800, 116500, 79000, 96900, 285500, 140000, 13800], 'sell_cnt': [1979, 2366, 1843, 73, 2071, 816, 341, 887, 16629, 780, 38425, 4980, 1142, 25879, 48771, 484, 2076, 13597, 110, 300, 194, 7453, 88620], 'buy_price': [131000, 261000, 95500, 264500, 62900, 51200, 72200, 41100, 138500, 117000, 5280, 113000, 256000, 11150, 13650, 223500, 30750, 116000, 78900, 96800, 285000, 139500, 13750], 'buy_cnt': [1581, 1080, 1130, 124, 2134, 360, 991, 698, 10071, 5510, 54285, 4720, 1969, 28380, 118704, 1476, 4882, 4333, 149, 119, 847, 1754, 52270], 'vol_cnt': [25485, 40491, 62846, 8277, 87080, 389757, 39097, 146976, 324001, 29807, 1154459, 177888, 92515, 842696, 265623, 50754, 228543, 340499, 38904, 29345, 18786, 59621, 324940], 'deal_power': [137.35, 140.09, 86.32, 139.61, 166.32, 61.18, 87.21, 60.58, 96.32, 90.71, 148.44, 47.67, 68.19, 92.81, 93.42, 119.79, 315.75, 66.43, 49.97, 93.94, 57.5, 113.0, 42.05]}
{'stock_no': ['035250'], 'deal_power': [315.75]}
timer600틱 끝 timer1 재시작
timer600틱 시작 timer1 중지
-----
10분에 한번씩 클럭 발생::체결강도 전송 실행시간 : 15:00:02
계좌평가잔고내역요청 전송
000120;000810;001040;002380;002790;003670;004800;004990;005380;006280;008560;009540;017670;018880;024110;034730;035250;035420;069960;078340;097950;139480;316140;
23
{'stock_no': ['000120', '000810', '001040', '002380', '002790', '003670', '004800', '004990', '005380', '006280', '008560', '009540', '017670', '018880', '024110', '034730', '035250', '035420', '069960', '078340', '097950', '139480', '316140'], 'stock_name': ['CJ대한통운', '삼성화재', 'CJ', 'KCC', '아모레G', '포스코케미칼', '효성', '롯데지주', '현대차', '녹십자', '메리츠종금증권', '한국조선해양', 'SK텔레콤', '한온시스템', '기업은행', 'SK', '강원랜드', 'NAVER', '현대백화점', '컴투스', 'CJ제일제당', '이마트', '우리금융지주'], 'market_in_price': [134500, 272500, 103000, 278500, 66700, 55600, 75500, 44750, 142500, 127000, 5600, 123500, 262000, 11750, 14150, 239000, 31050, 120500, 81500, 104800, 301000, 144500, 14100], 'myhave_cnt': [8, 5, 14, 4, 17, 21, 15, 33, 10, 9, 266, 12, 5, 100, 84, 6, 48, 9, 14, 14, 4, 8, 84], 'run_price': [131000, 260000, 95400, 265000, 62700, 51100, 72200, 41000, 138500, 117000, 5260, 113000, 256000, 11250, 13700, 223000, 30750, 115500, 78900, 96800, 285500, 139500, 13750], 'sell_price': [131500, 260500, 95500, 265000, 62800, 51100, 72300, 41050, 139000, 117500, 5270, 113500, 256500, 11250, 13700, 223500, 30750, 116000, 78900, 96900, 285500, 140000, 13800], 'sell_cnt': [2638, 699, 3055, 51, 2272, 565, 543, 135, 23005, 2474, 56179, 5015, 3812, 32019, 48956, 1458, 7360, 2916, 249, 1046, 424, 7778, 97175], 'buy_price': [131000, 260000, 95400, 264500, 62700, 51000, 72200, 41000, 138500, 117000, 5260, 113000, 256000, 11200, 13650, 223000, 30700, 115500, 78800, 96800, 285000, 139500, 13750], 'buy_cnt': [748, 5201, 1034, 964, 1326, 7242, 1802, 1394, 11171, 5406, 17702, 3948, 1839, 23109, 113564, 318, 1660, 13223, 561, 69, 215, 3258, 36629], 'vol_cnt': [27178, 43662, 65066, 8487, 91001, 403506, 40690, 150289, 329001, 30357, 1250558, 183699, 94512, 925152, 276512, 54489, 238344, 347514, 39693, 30655, 19649, 61650, 348327], 'deal_power': [132.91, 132.04, 84.61, 140.34, 154.49, 60.8, 87.65, 59.97, 96.67, 90.88, 128.63, 49.16, 70.02, 94.8, 92.61, 115.67, 303.83, 65.63, 49.17, 88.71, 55.6, 107.13, 40.34]}
{'stock_no': ['035250'], 'deal_power': [303.74]}
timer600틱 끝 timer1 재시작
timer600틱 시작 timer1 중지
-----
10분에 한번씩 클럭 발생::체결강도 전송 실행시간 : 15:10:02
계좌평가잔고내역요청 전송
000120;000810;001040;002380;002790;003670;004800;004990;005380;006280;008560;009540;017670;018880;024110;034730;035250;035420;069960;078340;097950;139480;316140;
23
{'stock_no': ['000120', '000810', '001040', '002380', '002790', '003670', '004800', '004990', '005380', '006280', '008560', '009540', '017670', '018880', '024110', '034730', '035250', '035420', '069960', '078340', '097950', '139480', '316140'], 'stock_name': ['CJ대한통운', '삼성화재', 'CJ', 'KCC', '아모레G', '포스코케미칼', '효성', '롯데지주', '현대차', '녹십자', '메리츠종금증권', '한국조선해양', 'SK텔레콤', '한온시스템', '기업은행', 'SK', '강원랜드', 'NAVER', '현대백화점', '컴투스', 'CJ제일제당', '이마트', '우리금융지주'], 'market_in_price': [134500, 272500, 103000, 278500, 66700, 55600, 75500, 44750, 142500, 127000, 5600, 123500, 262000, 11750, 14150, 239000, 31050, 120500, 81500, 104800, 301000, 144500, 14100], 'myhave_cnt': [8, 5, 14, 4, 17, 21, 15, 33, 10, 9, 266, 12, 5, 100, 84, 6, 48, 9, 14, 14, 4, 8, 84], 'run_price': [131000, 260500, 95600, 264500, 62800, 51300, 72200, 40950, 138000, 117500, 5230, 113500, 256000, 11200, 13700, 223500, 30700, 116000, 78900, 95900, 285000, 139500, 13800], 'sell_price': [131000, 260500, 95700, 265000, 62900, 51300, 72300, 41000, 138500, 117500, 5240, 113500, 256500, 11250, 13700, 224000, 30750, 116000, 78900, 95900, 285500, 139500, 13800], 'sell_cnt': [2604, 1089, 437, 117, 1096, 927, 900, 194, 9466, 3049, 27602, 259, 1826, 37888, 58242, 1100, 5738, 4028, 61, 1116, 205, 4751, 70560], 'buy_price': [130500, 260000, 95600, 264500, 62800, 51200, 72200, 40950, 138000, 117000, 5230, 113000, 256000, 11200, 13650, 223500, 30700, 115500, 78800, 95800, 285000, 139000, 13750], 'buy_cnt': [1890, 5251, 3, 943, 2635, 300, 1120, 2459, 7220, 4964, 4158, 7142, 597, 62656, 109139, 477, 6345, 6562, 739, 60, 73, 5849, 2157], 'vol_cnt': [28354, 44673, 69820, 8670, 96988, 412921, 43284, 153429, 351930, 31330, 1321035, 192019, 98572, 954361, 286514, 56919, 241967, 366839, 41435, 34089, 20928, 63960, 394946], 'deal_power': [124.37, 136.02, 90.83, 139.94, 168.44, 63.28, 85.99, 59.2, 87.27, 88.77, 117.83, 53.23, 71.03, 96.72, 90.32, 121.28, 297.38, 62.81, 49.06, 80.44, 55.28, 101.56, 35.61]}
{'stock_no': ['035250'], 'deal_power': [297.38]}
timer600틱 끝 timer1 재시작
timer600틱 시작 timer1 중지
-----
10분에 한번씩 클럭 발생::체결강도 전송 실행시간 : 15:20:02
계좌평가잔고내역요청 전송
000120;000810;001040;002380;002790;003670;004800;004990;005380;006280;008560;009540;017670;018880;024110;034730;035250;035420;069960;078340;097950;139480;316140;
23
{'stock_no': ['000120', '000810', '001040', '002380', '002790', '003670', '004800', '004990', '005380', '006280', '008560', '009540', '017670', '018880', '024110', '034730', '035250', '035420', '069960', '078340', '097950', '139480', '316140'], 'stock_name': ['CJ대한통운', '삼성화재', 'CJ', 'KCC', '아모레G', '포스코케미칼', '효성', '롯데지주', '현대차', '녹십자', '메리츠종금증권', '한국조선해양', 'SK텔레콤', '한온시스템', '기업은행', 'SK', '강원랜드', 'NAVER', '현대백화점', '컴투스', 'CJ제일제당', '이마트', '우리금융지주'], 'market_in_price': [134500, 272500, 103000, 278500, 66700, 55600, 75500, 44750, 142500, 127000, 5600, 123500, 262000, 11750, 14150, 239000, 31050, 120500, 81500, 104800, 301000, 144500, 14100], 'myhave_cnt': [8, 5, 14, 4, 17, 21, 15, 33, 10, 9, 266, 12, 5, 100, 84, 6, 48, 9, 14, 14, 4, 8, 84], 'run_price': [130500, 260500, 95600, 265000, 62900, 51200, 72200, 41050, 137500, 117500, 5220, 113500, 255500, 11250, 13700, 223500, 30700, 116000, 78900, 96000, 285000, 139500, 13750], 'sell_price': [130500, 260500, 95600, 265000, 63000, 51200, 72300, 41100, 137500, 117500, 5220, 113500, 256000, 11250, 13700, 224000, 30700, 116000, 78900, 96000, 285000, 140000, 13750], 'sell_cnt': [2016, 714, 21, 184, 1388, 742, 368, 200, 13277, 2507, 21707, 2712, 1171, 14080, 42098, 418, 1790, 1888, 9, 88, 252, 3548, 13642], 'buy_price': [130000, 260000, 95500, 264500, 62900, 51100, 72200, 41000, 137000, 117000, 5210, 113000, 255500, 11200, 13650, 223500, 30650, 115500, 78800, 95900, 284500, 139500, 13700], 'buy_cnt': [3978, 4317, 435, 56, 21, 2386, 781, 1098, 12364, 5917, 643, 4910, 3485, 34725, 93566, 1037, 2779, 2841, 416, 37, 159, 23, 125027], 'vol_cnt': [31109, 45997, 71011, 8957, 100467, 421864, 44425, 158533, 391035, 32766, 1449172, 196936, 102423, 1010732, 313162, 59084, 255213, 374168, 42897, 37826, 21731, 66890, 411346], 'deal_power': [108.21, 139.31, 92.43, 135.18, 168.13, 63.0, 84.53, 59.22, 76.27, 84.18, 111.77, 53.46, 72.52, 106.32, 84.82, 124.01, 267.1, 62.38, 50.11, 90.26, 52.96, 107.94, 35.0]}
{'stock_no': [], 'deal_power': []}
timer600틱 끝 timer1 재시작
4
장종료 알림 4, 8
8
장종료 알림 4, 8
9
장마감 알림 9
