계좌평가잔고내역요청 전송
000120;000810;001040;002380;002790;003670;004800;004990;005380;006280;008560;009540;017670;018880;024110;034730;035250;035420;069960;078340;097950;139480;316140;
23
{'stock_no': ['000120', '000810', '001040', '002380', '002790', '003670', '004800', '004990', '005380', '006280', '008560', '009540', '017670', '018880', '024110', '034730', '035250', '035420', '069960', '078340', '097950', '139480', '316140'], 'stock_name': ['CJ대한통운', '삼성화재', 'CJ', 'KCC', '아모레G', '포스코케미칼', '효성', '롯데지주', '현대차', '녹십자', '메리츠종금증권', '한국조선해양', 'SK텔레콤', '한온시스템', '기업은행', 'SK', '강원랜드', 'NAVER', '현대백화점', '컴투스', 'CJ제일제당', '이마트', '우리금융지주'], 'market_in_price': [134500, 272500, 103000, 278500, 66700, 55600, 75500, 44750, 142500, 127000, 5600, 123500, 262000, 11750, 14150, 239000, 31050, 120500, 81500, 104800, 301000, 144500, 14100], 'myhave_cnt': [8, 5, 14, 4, 17, 21, 15, 33, 10, 9, 266, 12, 5, 100, 84, 6, 48, 9, 14, 14, 4, 8, 84], 'run_price': [130500, 260000, 95500, 264000, 62900, 51200, 72200, 41050, 137500, 117500, 5240, 113000, 255000, 11200, 13650, 223000, 30650, 115500, 79000, 96000, 284000, 139000, 13700], 'sell_price': [131000, 261000, 95500, 263500, 63100, 50100, 72800, 41050, 138500, 117500, 5290, 113000, 255000, 11550, 13650, 223000, 30850, 116000, 79900, 97500, 284000, 139000, 13800], 'sell_cnt': [10, 39, 10, 200, 21, 258, 2, 16, 31, 102, 337, 64, 110, 11329, 1246, 30, 9, 859, 11, 20, 1, 6, 2215], 'buy_price': [129500, 259000, 95000, 262000, 62000, 50000, 72200, 40800, 137500, 117000, 5200, 112500, 253000, 11450, 13600, 221000, 30650, 115500, 79000, 96000, 280000, 138000, 13750], 'buy_cnt': [276, 338, 103, 2, 32, 94, 360, 24, 273, 112, 1448, 15, 654, 1215, 15029, 92, 90, 141, 18, 10, 26, 208, 31], 'vol_cnt': [29, 0, 0, 0, 2, 80, 0, 0, 0, 0, 775, 3, 6, 0, 0, 0, 0, 3, 0, 25, 0, 1, 0], 'deal_power': [500.0, 0.0, 0.0, 0.0, 500.0, 166.67, 0.0, 0.0, 0.0, 0.0, 158.33, 50.0, 0.0, 0.0, 0.0, 0.0, 0.0, 0.0, 0.0, 0.0, 0.0, 500.0, 0.0]}
-----
자동주문 버튼 True 실행시간 : 08:43:43
자동주문 클릭시 timer1 시작
자동주문 클릭시 timer600 시작
3
장시작 알림 3
장시작 알림 3 timer1 재시작
장시작 알림 3 timer600 재시작
timer600틱 시작 timer1 중지
-----
10분에 한번씩 클럭 발생::체결강도 전송 실행시간 : 09:10:00
계좌평가잔고내역요청 전송
000120;000810;001040;002380;002790;003670;004800;004990;005380;006280;008560;009540;017670;018880;024110;034730;035250;035420;069960;078340;097950;139480;316140;
23
{'stock_no': ['000120', '000810', '001040', '002380', '002790', '003670', '004800', '004990', '005380', '006280', '008560', '009540', '017670', '018880', '024110', '034730', '035250', '035420', '069960', '078340', '097950', '139480', '316140'], 'stock_name': ['CJ대한통운', '삼성화재', 'CJ', 'KCC', '아모레G', '포스코케미칼', '효성', '롯데지주', '현대차', '녹십자', '메리츠종금증권', '한국조선해양', 'SK텔레콤', '한온시스템', '기업은행', 'SK', '강원랜드', 'NAVER', '현대백화점', '컴투스', 'CJ제일제당', '이마트', '우리금융지주'], 'market_in_price': [134500, 272500, 103000, 278500, 66700, 55600, 75500, 44750, 142500, 127000, 5600, 123500, 262000, 11750, 14150, 239000, 31050, 120500, 81500, 104800, 301000, 144500, 14100], 'myhave_cnt': [8, 5, 14, 4, 17, 21, 15, 33, 10, 9, 266, 12, 5, 100, 84, 6, 48, 9, 14, 14, 4, 8, 84], 'run_price': [130000, 260500, 95200, 263000, 62800, 52700, 72700, 41150, 139000, 116500, 5220, 113000, 255000, 11250, 13650, 221500, 30000, 118500, 78800, 96300, 284000, 139000, 13700], 'sell_price': [130500, 261000, 95300, 263500, 62900, 52700, 72700, 41150, 139000, 117500, 5230, 113500, 255000, 11250, 13650, 221500, 30000, 118500, 78900, 96400, 284500, 139500, 13700], 'sell_cnt': [403, 438, 3, 10, 739, 430, 16, 9, 4012, 466, 2087, 886, 377, 3771, 7454, 578, 2017, 65, 37, 93, 20, 169, 7946], 'buy_price': [130000, 260500, 95200, 262500, 62800, 52600, 72600, 41100, 138500, 116500, 5220, 113000, 254500, 11200, 13600, 221000, 29950, 118000, 78800, 96200, 284000, 139000, 13650], 'buy_cnt': [493, 349, 73, 621, 213, 160, 125, 401, 3298, 1923, 3029, 260, 620, 14733, 32421, 264, 1186, 14669, 62, 115, 72, 513, 14225], 'vol_cnt': [1193, 3260, 2783, 592, 5400, 33309, 1771, 5432, 25967, 1240, 55751, 6807, 5679, 49569, 41529, 3273, 55065, 30676, 1303, 844, 729, 2444, 56379], 'deal_power': [44.12, 111.05, 34.27, 175.5, 105.98, 298.15, 181.98, 157.4, 190.68, 41.9, 87.53, 28.79, 81.56, 45.28, 74.54, 59.69, 62.78, 483.68, 60.34, 29.79, 176.11, 365.05, 75.94]}
{'stock_no': ['035420', '139480', '003670'], 'deal_power': [484.23, 365.05, 298.15]}
timer600틱 끝 timer1 재시작
timer600틱 시작 timer1 중지
-----
10분에 한번씩 클럭 발생::체결강도 전송 실행시간 : 09:20:00
계좌평가잔고내역요청 전송
000120;000810;001040;002380;002790;003670;004800;004990;005380;006280;008560;009540;017670;018880;024110;034730;035250;035420;069960;078340;097950;139480;316140;
23
{'stock_no': ['000120', '000810', '001040', '002380', '002790', '003670', '004800', '004990', '005380', '006280', '008560', '009540', '017670', '018880', '024110', '034730', '035250', '035420', '069960', '078340', '097950', '139480', '316140'], 'stock_name': ['CJ대한통운', '삼성화재', 'CJ', 'KCC', '아모레G', '포스코케미칼', '효성', '롯데지주', '현대차', '녹십자', '메리츠종금증권', '한국조선해양', 'SK텔레콤', '한온시스템', '기업은행', 'SK', '강원랜드', 'NAVER', '현대백화점', '컴투스', 'CJ제일제당', '이마트', '우리금융지주'], 'market_in_price': [134500, 272500, 103000, 278500, 66700, 55600, 75500, 44750, 142500, 127000, 5600, 123500, 262000, 11750, 14150, 239000, 31050, 120500, 81500, 104800, 301000, 144500, 14100], 'myhave_cnt': [8, 5, 14, 4, 17, 21, 15, 33, 10, 9, 266, 12, 5, 100, 84, 6, 48, 9, 14, 14, 4, 8, 84], 'run_price': [129500, 260000, 95000, 263000, 62700, 51700, 72600, 40900, 139500, 116500, 5170, 112500, 255000, 11250, 13650, 220000, 29900, 117500, 78600, 95800, 284000, 139500, 13650], 'sell_price': [130000, 260500, 95100, 263500, 62800, 51800, 72600, 40950, 139500, 117000, 5180, 113000, 255500, 11250, 13650, 220500, 29950, 118000, 78700, 96300, 284500, 139500, 13700], 'sell_cnt': [786, 241, 221, 91, 1443, 1299, 234, 465, 5528, 1204, 7153, 1743, 1494, 12409, 11374, 368, 644, 3551, 762, 36, 150, 618, 29311], 'buy_price': [129500, 260000, 95000, 263000, 62700, 51700, 72500, 40900, 139000, 116500, 5170, 112500, 255000, 11200, 13600, 220000, 29900, 117500, 78600, 95800, 284000, 139000, 13650], 'buy_cnt': [919, 68, 1708, 77, 1284, 183, 801, 595, 5835, 1836, 15299, 1290, 2329, 20084, 40522, 3723, 11439, 10462, 110, 55, 72, 1126, 33920], 'vol_cnt': [3048, 5095, 4699, 718, 9621, 50163, 2173, 8533, 51345, 2997, 114587, 10365, 8404, 55942, 52140, 7841, 91198, 42861, 2677, 1452, 926, 3918, 62985], 'deal_power': [6.54, 79.67, 39.98, 116.8, 84.61, 168.65, 132.95, 89.8, 205.65, 27.4, 38.05, 21.28, 168.17, 40.88, 81.68, 70.87, 86.83, 209.71, 44.19, 37.0, 105.37, 99.48, 88.62]}
{'stock_no': ['030200'], 'deal_power': [297.56]}
buy_able_money < market_in_pro
0
timer600틱 끝 timer1 재시작
timer600틱 시작 timer1 중지
-----
10분에 한번씩 클럭 발생::체결강도 전송 실행시간 : 09:30:00
계좌평가잔고내역요청 전송
000120;000810;001040;002380;002790;003670;004800;004990;005380;006280;008560;009540;017670;018880;024110;034730;035250;035420;069960;078340;097950;139480;316140;
23
{'stock_no': ['000120', '000810', '001040', '002380', '002790', '003670', '004800', '004990', '005380', '006280', '008560', '009540', '017670', '018880', '024110', '034730', '035250', '035420', '069960', '078340', '097950', '139480', '316140'], 'stock_name': ['CJ대한통운', '삼성화재', 'CJ', 'KCC', '아모레G', '포스코케미칼', '효성', '롯데지주', '현대차', '녹십자', '메리츠종금증권', '한국조선해양', 'SK텔레콤', '한온시스템', '기업은행', 'SK', '강원랜드', 'NAVER', '현대백화점', '컴투스', 'CJ제일제당', '이마트', '우리금융지주'], 'market_in_price': [134500, 272500, 103000, 278500, 66700, 55600, 75500, 44750, 142500, 127000, 5600, 123500, 262000, 11750, 14150, 239000, 31050, 120500, 81500, 104800, 301000, 144500, 14100], 'myhave_cnt': [8, 5, 14, 4, 17, 21, 15, 33, 10, 9, 266, 12, 5, 100, 84, 6, 48, 9, 14, 14, 4, 8, 84], 'run_price': [129000, 260000, 94900, 263000, 62700, 52000, 72600, 40950, 139000, 117000, 5190, 113500, 256500, 11250, 13550, 220500, 29850, 117500, 78700, 95800, 284000, 138500, 13650], 'sell_price': [129500, 260500, 95000, 263000, 62700, 52100, 72700, 41000, 139500, 117000, 5200, 113500, 256500, 11300, 13600, 221000, 29850, 117500, 78700, 96100, 284500, 139000, 13700], 'sell_cnt': [381, 238, 840, 71, 123, 1073, 73, 486, 8375, 1817, 20190, 2970, 1431, 10408, 13743, 902, 841, 5480, 234, 33, 208, 1351, 37724], 'buy_price': [129000, 260000, 94900, 262500, 62600, 52000, 72600, 40900, 139000, 116500, 5190, 113000, 256000, 11250, 13550, 220500, 29800, 117000, 78600, 95800, 284000, 138500, 13650], 'buy_cnt': [166, 618, 1346, 675, 119, 82, 230, 258, 804, 1703, 12160, 684, 1988, 15179, 53621, 840, 1558, 901, 327, 174, 185, 2734, 42846], 'vol_cnt': [6316, 5263, 7892, 888, 12744, 69121, 2719, 10922, 72041, 3422, 156000, 13493, 15909, 77229, 101786, 9967, 117010, 58489, 3161, 2074, 1006, 4765, 68864], 'deal_power': [9.58, 75.95, 25.45, 89.36, 82.39, 169.69, 185.79, 98.23, 143.34, 24.57, 67.72, 47.99, 197.71, 87.2, 33.35, 87.63, 78.78, 104.34, 54.04, 41.44, 100.21, 70.34, 94.91]}
{'stock_no': ['035900'], 'deal_power': [314.17]}
buy_able_money < market_in_pro
0
timer600틱 끝 timer1 재시작
timer600틱 시작 timer1 중지
-----
10분에 한번씩 클럭 발생::체결강도 전송 실행시간 : 09:40:00
계좌평가잔고내역요청 전송
000120;000810;001040;002380;002790;003670;004800;004990;005380;006280;008560;009540;017670;018880;024110;034730;035250;035420;069960;078340;097950;139480;316140;
23
{'stock_no': ['000120', '000810', '001040', '002380', '002790', '003670', '004800', '004990', '005380', '006280', '008560', '009540', '017670', '018880', '024110', '034730', '035250', '035420', '069960', '078340', '097950', '139480', '316140'], 'stock_name': ['CJ대한통운', '삼성화재', 'CJ', 'KCC', '아모레G', '포스코케미칼', '효성', '롯데지주', '현대차', '녹십자', '메리츠종금증권', '한국조선해양', 'SK텔레콤', '한온시스템', '기업은행', 'SK', '강원랜드', 'NAVER', '현대백화점', '컴투스', 'CJ제일제당', '이마트', '우리금융지주'], 'market_in_price': [134500, 272500, 103000, 278500, 66700, 55600, 75500, 44750, 142500, 127000, 5600, 123500, 262000, 11750, 14150, 239000, 31050, 120500, 81500, 104800, 301000, 144500, 14100], 'myhave_cnt': [8, 5, 14, 4, 17, 21, 15, 33, 10, 9, 266, 12, 5, 100, 84, 6, 48, 9, 14, 14, 4, 8, 84], 'run_price': [129000, 260500, 94700, 263000, 62700, 52000, 72700, 40900, 138500, 116500, 5180, 113500, 256000, 11250, 13550, 220000, 29650, 117000, 78800, 95000, 284000, 138500, 13650], 'sell_price': [129500, 261000, 94800, 263000, 62700, 52000, 72800, 40900, 138500, 117000, 5190, 114000, 256500, 11300, 13600, 220500, 29650, 117000, 78900, 95100, 284500, 139000, 13700], 'sell_cnt': [385, 404, 1078, 207, 826, 1668, 306, 488, 9477, 1422, 12346, 3492, 1451, 5793, 12120, 412, 1115, 4188, 74, 73, 302, 1872, 35824], 'buy_price': [129000, 260500, 94700, 262500, 62600, 51900, 72700, 40850, 138000, 116500, 5180, 113500, 256000, 11250, 13550, 220000, 29600, 116500, 78800, 94900, 284000, 138500, 13650], 'buy_cnt': [975, 2013, 1379, 634, 473, 2211, 101, 332, 22771, 2313, 25154, 3331, 3163, 13019, 60656, 3560, 3071, 3844, 63, 117, 258, 3234, 60307], 'vol_cnt': [6502, 7581, 11454, 1069, 14440, 74111, 3319, 14211, 83605, 4105, 265196, 15210, 20053, 100025, 113096, 13395, 151131, 64095, 3988, 4576, 1071, 5625, 72861], 'deal_power': [11.19, 99.31, 20.46, 80.77, 84.75, 168.8, 186.29, 109.37, 121.44, 33.97, 58.02, 64.24, 155.76, 68.49, 44.9, 99.68, 67.35, 90.18, 87.29, 26.18, 90.69, 88.38, 99.73]}
{'stock_no': [], 'deal_power': []}
timer600틱 끝 timer1 재시작
timer600틱 시작 timer1 중지
-----
10분에 한번씩 클럭 발생::체결강도 전송 실행시간 : 09:50:00
계좌평가잔고내역요청 전송
000120;000810;001040;002380;002790;003670;004800;004990;005380;006280;008560;009540;017670;018880;024110;034730;035250;035420;069960;078340;097950;139480;316140;
23
{'stock_no': ['000120', '000810', '001040', '002380', '002790', '003670', '004800', '004990', '005380', '006280', '008560', '009540', '017670', '018880', '024110', '034730', '035250', '035420', '069960', '078340', '097950', '139480', '316140'], 'stock_name': ['CJ대한통운', '삼성화재', 'CJ', 'KCC', '아모레G', '포스코케미칼', '효성', '롯데지주', '현대차', '녹십자', '메리츠종금증권', '한국조선해양', 'SK텔레콤', '한온시스템', '기업은행', 'SK', '강원랜드', 'NAVER', '현대백화점', '컴투스', 'CJ제일제당', '이마트', '우리금융지주'], 'market_in_price': [134500, 272500, 103000, 278500, 66700, 55600, 75500, 44750, 142500, 127000, 5600, 123500, 262000, 11750, 14150, 239000, 31050, 120500, 81500, 104800, 301000, 144500, 14100], 'myhave_cnt': [8, 5, 14, 4, 17, 21, 15, 33, 10, 9, 266, 12, 5, 100, 84, 6, 48, 9, 14, 14, 4, 8, 84], 'run_price': [129000, 261000, 95100, 263000, 62600, 51900, 72700, 40750, 138000, 117000, 5180, 113500, 257500, 11300, 13600, 220000, 29450, 117000, 79000, 95300, 286500, 140000, 13650], 'sell_price': [129500, 261000, 95100, 263000, 62700, 52000, 72800, 40750, 138500, 117000, 5190, 114000, 257500, 11300, 13600, 220500, 29450, 117000, 79000, 95500, 286500, 140000, 13700], 'sell_cnt': [1068, 352, 89, 82, 1586, 2317, 270, 591, 16316, 1129, 15618, 2590, 573, 2417, 3158, 1365, 3647, 4455, 14, 23, 12, 2448, 36844], 'buy_price': [129000, 260500, 95000, 262500, 62600, 51900, 72700, 40700, 138000, 116500, 5180, 113500, 257000, 11250, 13550, 220000, 29400, 116500, 78900, 95300, 286000, 139500, 13650], 'buy_cnt': [1184, 2066, 742, 565, 543, 748, 161, 541, 21501, 1622, 23441, 6712, 3973, 22087, 78834, 484, 9578, 3164, 60, 87, 71, 1084, 69912], 'vol_cnt': [7015, 7930, 14223, 1287, 14693, 78299, 3497, 21441, 100832, 5190, 293556, 16101, 24370, 114259, 128705, 15773, 178853, 68401, 4611, 5124, 1807, 9191, 79086], 'deal_power': [10.8, 103.51, 43.69, 74.69, 82.24, 158.8, 191.57, 77.34, 143.46, 34.26, 56.67, 67.07, 197.22, 92.69, 61.43, 82.87, 62.16, 81.0, 83.32, 30.16, 148.24, 127.96, 97.95]}
{'stock_no': [], 'deal_power': []}
timer600틱 끝 timer1 재시작
timer600틱 시작 timer1 중지
-----
10분에 한번씩 클럭 발생::체결강도 전송 실행시간 : 10:00:00
계좌평가잔고내역요청 전송
000120;000810;001040;002380;002790;003670;004800;004990;005380;006280;008560;009540;017670;018880;024110;034730;035250;035420;069960;078340;097950;139480;316140;
23
{'stock_no': ['000120', '000810', '001040', '002380', '002790', '003670', '004800', '004990', '005380', '006280', '008560', '009540', '017670', '018880', '024110', '034730', '035250', '035420', '069960', '078340', '097950', '139480', '316140'], 'stock_name': ['CJ대한통운', '삼성화재', 'CJ', 'KCC', '아모레G', '포스코케미칼', '효성', '롯데지주', '현대차', '녹십자', '메리츠종금증권', '한국조선해양', 'SK텔레콤', '한온시스템', '기업은행', 'SK', '강원랜드', 'NAVER', '현대백화점', '컴투스', 'CJ제일제당', '이마트', '우리금융지주'], 'market_in_price': [134500, 272500, 103000, 278500, 66700, 55600, 75500, 44750, 142500, 127000, 5600, 123500, 262000, 11750, 14150, 239000, 31050, 120500, 81500, 104800, 301000, 144500, 14100], 'myhave_cnt': [8, 5, 14, 4, 17, 21, 15, 33, 10, 9, 266, 12, 5, 100, 84, 6, 48, 9, 14, 14, 4, 8, 84], 'run_price': [130500, 261000, 95600, 263000, 62600, 51900, 72900, 40700, 137000, 116500, 5190, 114000, 258000, 11300, 13650, 220000, 29400, 117500, 79000, 95000, 286000, 139500, 13650], 'sell_price': [131000, 261000, 95700, 263500, 62700, 52000, 73000, 40750, 137500, 117000, 5200, 114000, 258500, 11350, 13650, 220500, 29400, 117500, 79100, 95000, 286500, 140000, 13700], 'sell_cnt': [528, 998, 55, 148, 2360, 459, 179, 32, 23630, 1777, 4012, 2432, 1004, 21554, 61016, 711, 8326, 4388, 649, 77, 136, 3365, 36883], 'buy_price': [130500, 260500, 95600, 263000, 62600, 51900, 72900, 40700, 137000, 116500, 5190, 113500, 258000, 11300, 13600, 220000, 29350, 117000, 79000, 94900, 286000, 139500, 13650], 'buy_cnt': [426, 2383, 235, 76, 1903, 315, 136, 93, 4151, 1585, 21557, 7291, 4908, 33442, 1416, 2989, 5691, 3353, 392, 55, 158, 1155, 60188], 'vol_cnt': [8653, 8321, 16992, 1587, 15233, 88859, 4326, 30411, 134999, 5749, 325648, 17470, 30474, 122306, 144086, 17539, 212101, 74736, 6466, 7887, 1858, 9348, 91941], 'deal_power': [39.41, 109.19, 62.64, 73.13, 76.78, 149.66, 190.62, 74.01, 87.98, 30.69, 69.36, 71.83, 243.35, 104.36, 62.45, 79.14, 62.47, 90.93, 65.18, 31.42, 142.11, 126.79, 107.89]}
{'stock_no': ['009240'], 'deal_power': [340.71]}
buy_able_money < market_in_pro
0
timer600틱 끝 timer1 재시작
timer600틱 시작 timer1 중지
-----
10분에 한번씩 클럭 발생::체결강도 전송 실행시간 : 10:10:00
계좌평가잔고내역요청 전송
000120;000810;001040;002380;002790;003670;004800;004990;005380;006280;008560;009540;017670;018880;024110;034730;035250;035420;069960;078340;097950;139480;316140;
23
{'stock_no': ['000120', '000810', '001040', '002380', '002790', '003670', '004800', '004990', '005380', '006280', '008560', '009540', '017670', '018880', '024110', '034730', '035250', '035420', '069960', '078340', '097950', '139480', '316140'], 'stock_name': ['CJ대한통운', '삼성화재', 'CJ', 'KCC', '아모레G', '포스코케미칼', '효성', '롯데지주', '현대차', '녹십자', '메리츠종금증권', '한국조선해양', 'SK텔레콤', '한온시스템', '기업은행', 'SK', '강원랜드', 'NAVER', '현대백화점', '컴투스', 'CJ제일제당', '이마트', '우리금융지주'], 'market_in_price': [134500, 272500, 103000, 278500, 66700, 55600, 75500, 44750, 142500, 127000, 5600, 123500, 262000, 11750, 14150, 239000, 31050, 120500, 81500, 104800, 301000, 144500, 14100], 'myhave_cnt': [8, 5, 14, 4, 17, 21, 15, 33, 10, 9, 266, 12, 5, 100, 84, 6, 48, 9, 14, 14, 4, 8, 84], 'run_price': [130500, 260500, 95900, 262500, 62900, 52000, 72800, 40950, 137000, 116000, 5210, 114000, 258500, 11300, 13650, 220000, 29350, 117000, 79100, 94900, 286500, 139000, 13650], 'sell_price': [131000, 261000, 95900, 263000, 63000, 52000, 72900, 40950, 137500, 116500, 5220, 114000, 258500, 11350, 13650, 220500, 29400, 117500, 79100, 94900, 286500, 139500, 13700], 'sell_cnt': [501, 690, 55, 187, 673, 2247, 209, 171, 6964, 1333, 12308, 2542, 1014, 23450, 67478, 1698, 5371, 5649, 6, 288, 141, 1711, 36876], 'buy_price': [130500, 260500, 95800, 262500, 62900, 51900, 72800, 40900, 137000, 116000, 5210, 113500, 258000, 11300, 13600, 220000, 29350, 117000, 79000, 94800, 286000, 139000, 13650], 'buy_cnt': [1317, 2721, 399, 404, 78, 1982, 242, 469, 18866, 2519, 19325, 7123, 3743, 37282, 5706, 2727, 3576, 4306, 274, 20, 171, 1461, 72841], 'vol_cnt': [8888, 8710, 17835, 1745, 20045, 92012, 4602, 32418, 156771, 8116, 344499, 18430, 35591, 125451, 147293, 18833, 257706, 77785, 9485, 8781, 1903, 10482, 97198], 'deal_power': [41.19, 118.27, 67.44, 61.25, 126.68, 147.7, 170.51, 84.77, 89.63, 28.7, 73.24, 78.09, 217.01, 107.7, 61.44, 79.99, 64.82, 86.18, 62.66, 36.31, 137.64, 104.46, 113.18]}
{'stock_no': [], 'deal_power': []}
timer600틱 끝 timer1 재시작
timer600틱 시작 timer1 중지
-----
10분에 한번씩 클럭 발생::체결강도 전송 실행시간 : 10:20:00
계좌평가잔고내역요청 전송
000120;000810;001040;002380;002790;003670;004800;004990;005380;006280;008560;009540;017670;018880;024110;034730;035250;035420;069960;078340;097950;139480;316140;
23
{'stock_no': ['000120', '000810', '001040', '002380', '002790', '003670', '004800', '004990', '005380', '006280', '008560', '009540', '017670', '018880', '024110', '034730', '035250', '035420', '069960', '078340', '097950', '139480', '316140'], 'stock_name': ['CJ대한통운', '삼성화재', 'CJ', 'KCC', '아모레G', '포스코케미칼', '효성', '롯데지주', '현대차', '녹십자', '메리츠종금증권', '한국조선해양', 'SK텔레콤', '한온시스템', '기업은행', 'SK', '강원랜드', 'NAVER', '현대백화점', '컴투스', 'CJ제일제당', '이마트', '우리금융지주'], 'market_in_price': [134500, 272500, 103000, 278500, 66700, 55600, 75500, 44750, 142500, 127000, 5600, 123500, 262000, 11750, 14150, 239000, 31050, 120500, 81500, 104800, 301000, 144500, 14100], 'myhave_cnt': [8, 5, 14, 4, 17, 21, 15, 33, 10, 9, 266, 12, 5, 100, 84, 6, 48, 9, 14, 14, 4, 8, 84], 'run_price': [131000, 261000, 96000, 262500, 62700, 51900, 72800, 40850, 137500, 116000, 5230, 114000, 258500, 11300, 13650, 220000, 29300, 117500, 79100, 94800, 286000, 139500, 13650], 'sell_price': [131000, 261000, 96000, 263000, 62800, 52000, 72900, 40850, 137500, 116500, 5230, 114000, 258500, 11350, 13650, 220500, 29350, 117500, 79100, 94900, 286500, 139500, 13700], 'sell_cnt': [1330, 443, 294, 179, 1482, 1945, 356, 742, 4011, 1486, 3429, 6783, 2033, 24627, 68341, 1649, 2386, 7498, 153, 198, 222, 783, 68923], 'buy_price': [130500, 260500, 95900, 262500, 62700, 51900, 72800, 40800, 137000, 116000, 5220, 113500, 258000, 11300, 13600, 220000, 29300, 117000, 79000, 94800, 286000, 139000, 13650], 'buy_cnt': [1398, 2783, 412, 315, 730, 785, 215, 374, 22971, 2397, 15747, 6996, 3811, 39073, 8122, 4334, 5632, 5206, 176, 355, 115, 2960, 74755], 'vol_cnt': [9032, 9053, 18396, 1923, 20428, 95183, 4760, 34068, 163669, 8629, 360131, 19553, 37156, 131015, 151344, 20363, 279027, 79451, 9831, 9467, 1943, 11748, 104057], 'deal_power': [43.19, 125.21, 70.34, 58.39, 121.7, 143.25, 164.53, 83.51, 91.85, 28.73, 78.68, 79.51, 217.56, 113.26, 60.2, 79.41, 66.73, 84.88, 63.76, 41.92, 136.11, 119.93, 103.37]}
{'stock_no': [], 'deal_power': []}
timer600틱 끝 timer1 재시작
timer600틱 시작 timer1 중지
-----
10분에 한번씩 클럭 발생::체결강도 전송 실행시간 : 10:30:00
계좌평가잔고내역요청 전송
000120;000810;001040;002380;002790;003670;004800;004990;005380;006280;008560;009540;017670;018880;024110;034730;035250;035420;069960;078340;097950;139480;316140;
23
{'stock_no': ['000120', '000810', '001040', '002380', '002790', '003670', '004800', '004990', '005380', '006280', '008560', '009540', '017670', '018880', '024110', '034730', '035250', '035420', '069960', '078340', '097950', '139480', '316140'], 'stock_name': ['CJ대한통운', '삼성화재', 'CJ', 'KCC', '아모레G', '포스코케미칼', '효성', '롯데지주', '현대차', '녹십자', '메리츠종금증권', '한국조선해양', 'SK텔레콤', '한온시스템', '기업은행', 'SK', '강원랜드', 'NAVER', '현대백화점', '컴투스', 'CJ제일제당', '이마트', '우리금융지주'], 'market_in_price': [134500, 272500, 103000, 278500, 66700, 55600, 75500, 44750, 142500, 127000, 5600, 123500, 262000, 11750, 14150, 239000, 31050, 120500, 81500, 104800, 301000, 144500, 14100], 'myhave_cnt': [8, 5, 14, 4, 17, 21, 15, 33, 10, 9, 266, 12, 5, 100, 84, 6, 48, 9, 14, 14, 4, 8, 84], 'run_price': [130500, 260500, 95900, 262000, 62500, 51800, 72700, 40800, 136500, 116000, 5220, 113500, 258500, 11350, 13600, 220000, 29400, 117000, 78900, 94900, 284000, 139500, 13650], 'sell_price': [131000, 261000, 96000, 262500, 62600, 51800, 72800, 40800, 137000, 116500, 5230, 114000, 258500, 11350, 13600, 220500, 29400, 117500, 79000, 95000, 284500, 139500, 13700], 'sell_cnt': [2225, 289, 265, 179, 2600, 1476, 323, 764, 3715, 2001, 2341, 5096, 1483, 29453, 25471, 1924, 4097, 7167, 258, 145, 202, 2137, 60703], 'buy_price': [130500, 260500, 95900, 262000, 62500, 51700, 72700, 40750, 136500, 116000, 5220, 113500, 258000, 11300, 13550, 220000, 29350, 117000, 78900, 94900, 284000, 139000, 13650], 'buy_cnt': [1602, 2744, 51, 595, 1716, 205, 698, 594, 27512, 2118, 21059, 417, 4604, 37783, 81439, 3313, 4483, 6220, 800, 381, 214, 2543, 80084], 'vol_cnt': [9163, 9612, 19968, 2381, 23659, 100459, 5337, 35541, 184991, 9070, 370854, 27103, 39278, 134965, 178265, 21490, 292762, 81720, 10977, 10093, 2196, 11978, 110904], 'deal_power': [44.62, 138.98, 73.13, 50.92, 104.93, 129.59, 147.76, 82.49, 86.4, 28.07, 81.82, 77.86, 224.84, 116.66, 65.85, 77.1, 71.28, 81.82, 64.35, 46.94, 116.85, 118.87, 93.6]}
{'stock_no': [], 'deal_power': []}
timer600틱 끝 timer1 재시작
timer600틱 시작 timer1 중지
-----
10분에 한번씩 클럭 발생::체결강도 전송 실행시간 : 10:40:00
계좌평가잔고내역요청 전송
000120;000810;001040;002380;002790;003670;004800;004990;005380;006280;008560;009540;017670;018880;024110;034730;035250;035420;069960;078340;097950;139480;316140;
23
{'stock_no': ['000120', '000810', '001040', '002380', '002790', '003670', '004800', '004990', '005380', '006280', '008560', '009540', '017670', '018880', '024110', '034730', '035250', '035420', '069960', '078340', '097950', '139480', '316140'], 'stock_name': ['CJ대한통운', '삼성화재', 'CJ', 'KCC', '아모레G', '포스코케미칼', '효성', '롯데지주', '현대차', '녹십자', '메리츠종금증권', '한국조선해양', 'SK텔레콤', '한온시스템', '기업은행', 'SK', '강원랜드', 'NAVER', '현대백화점', '컴투스', 'CJ제일제당', '이마트', '우리금융지주'], 'market_in_price': [134500, 272500, 103000, 278500, 66700, 55600, 75500, 44750, 142500, 127000, 5600, 123500, 262000, 11750, 14150, 239000, 31050, 120500, 81500, 104800, 301000, 144500, 14100], 'myhave_cnt': [8, 5, 14, 4, 17, 21, 15, 33, 10, 9, 266, 12, 5, 100, 84, 6, 48, 9, 14, 14, 4, 8, 84], 'run_price': [130500, 261500, 96200, 262000, 62400, 51700, 72800, 40750, 136500, 115500, 5220, 113500, 258500, 11200, 13600, 219500, 29350, 116500, 78900, 95300, 283500, 138500, 13650], 'sell_price': [130500, 261500, 96200, 262500, 62400, 51800, 72800, 40750, 136500, 115500, 5230, 114000, 258500, 11250, 13600, 220000, 29400, 117000, 78900, 95400, 284000, 139000, 13700], 'sell_cnt': [467, 1085, 170, 119, 78, 692, 482, 1595, 6957, 885, 12076, 5738, 3009, 31124, 12688, 565, 6200, 7560, 17, 41, 334, 1307, 68063], 'buy_price': [130000, 261000, 96100, 262000, 62300, 51700, 72700, 40700, 136000, 115000, 5220, 113500, 258000, 11200, 13550, 219500, 29350, 116500, 78800, 95300, 283500, 138500, 13650], 'buy_cnt': [1761, 960, 657, 699, 1603, 133, 606, 1057, 22525, 2545, 10472, 468, 2894, 4297, 89329, 4362, 6839, 3208, 307, 22, 228, 7292, 79929], 'vol_cnt': [10473, 10665, 21462, 2853, 30226, 107672, 5696, 37494, 210827, 13934, 402111, 29126, 41006, 198898, 193652, 23719, 313105, 88871, 12353, 10837, 2486, 14183, 126894], 'deal_power': [36.96, 158.04, 82.2, 58.03, 121.74, 126.59, 146.21, 80.55, 73.0, 21.13, 71.61, 80.04, 222.07, 64.24, 76.0, 76.45, 71.98, 72.16, 59.33, 47.52, 100.58, 88.72, 106.1]}
{'stock_no': [], 'deal_power': []}
timer600틱 끝 timer1 재시작
timer600틱 시작 timer1 중지
-----
10분에 한번씩 클럭 발생::체결강도 전송 실행시간 : 10:50:00
계좌평가잔고내역요청 전송
000120;000810;001040;002380;002790;003670;004800;004990;005380;006280;008560;009540;017670;018880;024110;034730;035250;035420;069960;078340;097950;139480;316140;
23
{'stock_no': ['000120', '000810', '001040', '002380', '002790', '003670', '004800', '004990', '005380', '006280', '008560', '009540', '017670', '018880', '024110', '034730', '035250', '035420', '069960', '078340', '097950', '139480', '316140'], 'stock_name': ['CJ대한통운', '삼성화재', 'CJ', 'KCC', '아모레G', '포스코케미칼', '효성', '롯데지주', '현대차', '녹십자', '메리츠종금증권', '한국조선해양', 'SK텔레콤', '한온시스템', '기업은행', 'SK', '강원랜드', 'NAVER', '현대백화점', '컴투스', 'CJ제일제당', '이마트', '우리금융지주'], 'market_in_price': [134500, 272500, 103000, 278500, 66700, 55600, 75500, 44750, 142500, 127000, 5600, 123500, 262000, 11750, 14150, 239000, 31050, 120500, 81500, 104800, 301000, 144500, 14100], 'myhave_cnt': [8, 5, 14, 4, 17, 21, 15, 33, 10, 9, 266, 12, 5, 100, 84, 6, 48, 9, 14, 14, 4, 8, 84], 'run_price': [130000, 261500, 95600, 262500, 62400, 51600, 72800, 40550, 136500, 115000, 5220, 113000, 258000, 11250, 13600, 219500, 29400, 116000, 79000, 95600, 283500, 138500, 13650], 'sell_price': [130500, 261500, 95700, 262500, 62500, 51700, 72800, 40600, 136500, 115500, 5230, 113500, 258500, 11300, 13600, 220000, 29400, 116500, 79000, 95600, 284000, 139000, 13700], 'sell_cnt': [1006, 921, 460, 152, 2563, 3424, 603, 2481, 9168, 1542, 16573, 2175, 4279, 41131, 10686, 1934, 12327, 7758, 144, 116, 440, 1906, 72098], 'buy_price': [130000, 261000, 95600, 262000, 62400, 51600, 72700, 40550, 136000, 115000, 5220, 113000, 258000, 11250, 13550, 219500, 29350, 116000, 78900, 95500, 283500, 138500, 13650], 'buy_cnt': [2105, 2415, 75, 599, 159, 2226, 593, 249, 9378, 836, 23066, 5426, 4158, 6202, 102033, 3529, 20502, 5956, 64, 13, 259, 7343, 80076], 'vol_cnt': [10637, 11356, 23476, 3132, 32020, 109622, 6111, 47483, 221304, 15549, 409208, 30399, 42632, 234746, 205474, 25088, 322753, 95145, 13317, 11538, 2620, 16686, 132823], 'deal_power': [38.82, 168.56, 72.76, 61.35, 125.25, 122.41, 151.88, 61.74, 68.27, 21.67, 70.84, 76.67, 215.86, 83.38, 78.84, 72.89, 73.34, 66.37, 60.24, 48.11, 103.72, 90.2, 98.1]}
{'stock_no': [], 'deal_power': []}
timer600틱 끝 timer1 재시작
timer600틱 시작 timer1 중지
-----
10분에 한번씩 클럭 발생::체결강도 전송 실행시간 : 11:00:00
계좌평가잔고내역요청 전송
000120;000810;001040;002380;002790;003670;004800;004990;005380;006280;008560;009540;017670;018880;024110;034730;035250;035420;069960;078340;097950;139480;316140;
23
{'stock_no': ['000120', '000810', '001040', '002380', '002790', '003670', '004800', '004990', '005380', '006280', '008560', '009540', '017670', '018880', '024110', '034730', '035250', '035420', '069960', '078340', '097950', '139480', '316140'], 'stock_name': ['CJ대한통운', '삼성화재', 'CJ', 'KCC', '아모레G', '포스코케미칼', '효성', '롯데지주', '현대차', '녹십자', '메리츠종금증권', '한국조선해양', 'SK텔레콤', '한온시스템', '기업은행', 'SK', '강원랜드', 'NAVER', '현대백화점', '컴투스', 'CJ제일제당', '이마트', '우리금융지주'], 'market_in_price': [134500, 272500, 103000, 278500, 66700, 55600, 75500, 44750, 142500, 127000, 5600, 123500, 262000, 11750, 14150, 239000, 31050, 120500, 81500, 104800, 301000, 144500, 14100], 'myhave_cnt': [8, 5, 14, 4, 17, 21, 15, 33, 10, 9, 266, 12, 5, 100, 84, 6, 48, 9, 14, 14, 4, 8, 84], 'run_price': [130000, 260500, 95600, 262000, 62400, 51500, 72600, 40600, 136500, 115000, 5220, 113000, 258500, 11250, 13650, 219500, 29350, 116000, 78900, 95500, 283500, 138500, 13650], 'sell_price': [130500, 261000, 95600, 262500, 62500, 51600, 72700, 40600, 137000, 115500, 5230, 113500, 258500, 11300, 13650, 220000, 29400, 116500, 78900, 95600, 284000, 139000, 13700], 'sell_cnt': [1908, 520, 361, 171, 3620, 1959, 653, 1729, 8783, 1714, 16345, 1415, 4173, 49667, 45506, 1962, 10638, 1249, 19, 123, 515, 2115, 75882], 'buy_price': [130000, 260500, 95500, 262000, 62400, 51500, 72600, 40550, 136500, 115000, 5220, 113000, 258000, 11250, 13600, 219500, 29350, 116000, 78800, 95500, 283500, 138500, 13650], 'buy_cnt': [1973, 2996, 280, 480, 602, 2307, 853, 2243, 5900, 2088, 22939, 6277, 2859, 17663, 22556, 1736, 23825, 4364, 72, 8, 233, 6670, 77108], 'vol_cnt': [10895, 14352, 23933, 3340, 32821, 114646, 7019, 49901, 231115, 15776, 421805, 32112, 44384, 238495, 263076, 26293, 333292, 109910, 14270, 11882, 2696, 16931, 138707], 'deal_power': [37.64, 111.07, 72.45, 58.92, 126.67, 111.83, 116.06, 65.28, 72.25, 21.98, 69.86, 82.94, 214.19, 84.44, 99.92, 69.42, 73.62, 69.35, 58.1, 48.93, 100.68, 88.33, 90.5]}
{'stock_no': [], 'deal_power': []}
timer600틱 끝 timer1 재시작
timer600틱 시작 timer1 중지
-----
10분에 한번씩 클럭 발생::체결강도 전송 실행시간 : 11:10:00
계좌평가잔고내역요청 전송
000120;000810;001040;002380;002790;003670;004800;004990;005380;006280;008560;009540;017670;018880;024110;034730;035250;035420;069960;078340;097950;139480;316140;
23
{'stock_no': ['000120', '000810', '001040', '002380', '002790', '003670', '004800', '004990', '005380', '006280', '008560', '009540', '017670', '018880', '024110', '034730', '035250', '035420', '069960', '078340', '097950', '139480', '316140'], 'stock_name': ['CJ대한통운', '삼성화재', 'CJ', 'KCC', '아모레G', '포스코케미칼', '효성', '롯데지주', '현대차', '녹십자', '메리츠종금증권', '한국조선해양', 'SK텔레콤', '한온시스템', '기업은행', 'SK', '강원랜드', 'NAVER', '현대백화점', '컴투스', 'CJ제일제당', '이마트', '우리금융지주'], 'market_in_price': [134500, 272500, 103000, 278500, 66700, 55600, 75500, 44750, 142500, 127000, 5600, 123500, 262000, 11750, 14150, 239000, 31050, 120500, 81500, 104800, 301000, 144500, 14100], 'myhave_cnt': [8, 5, 14, 4, 17, 21, 15, 33, 10, 9, 266, 12, 5, 100, 84, 6, 48, 9, 14, 14, 4, 8, 84], 'run_price': [130500, 260500, 95600, 262500, 62300, 51200, 72600, 40550, 135500, 115000, 5220, 112500, 256000, 11250, 13600, 219500, 29450, 116000, 78900, 95600, 283500, 138500, 13700], 'sell_price': [130500, 261000, 95600, 262500, 62400, 51300, 72600, 40550, 136000, 115500, 5230, 113000, 256500, 11300, 13650, 220000, 29500, 116500, 78900, 95700, 284000, 139000, 13700], 'sell_cnt': [2007, 1397, 272, 78, 4049, 5744, 423, 2108, 3953, 1900, 20102, 1497, 831, 52819, 39581, 1589, 4582, 2550, 27, 64, 428, 1285, 77639], 'buy_price': [130000, 260500, 95500, 262000, 62300, 51200, 72500, 40500, 135500, 115000, 5220, 112500, 256000, 11250, 13600, 219500, 29450, 116000, 78800, 95600, 283500, 138500, 13650], 'buy_cnt': [1205, 3001, 289, 352, 2479, 2120, 1099, 1956, 28515, 1288, 25557, 5744, 1423, 16191, 27015, 3128, 7536, 5845, 124, 54, 66, 6633, 74060], 'vol_cnt': [11573, 14753, 24549, 3643, 33721, 122142, 8117, 52584, 254834, 16896, 431120, 38536, 49468, 245389, 267332, 27625, 363442, 111687, 14813, 12997, 2955, 17659, 146770], 'deal_power': [35.31, 114.09, 72.27, 61.93, 119.08, 98.44, 90.2, 63.02, 64.91, 20.99, 69.88, 62.19, 173.29, 84.13, 100.4, 70.1, 85.03, 69.14, 59.34, 51.75, 90.44, 91.21, 87.48]}
{'stock_no': [], 'deal_power': []}
timer600틱 끝 timer1 재시작
timer600틱 시작 timer1 중지
-----
10분에 한번씩 클럭 발생::체결강도 전송 실행시간 : 11:20:00
계좌평가잔고내역요청 전송
000120;000810;001040;002380;002790;003670;004800;004990;005380;006280;008560;009540;017670;018880;024110;034730;035250;035420;069960;078340;097950;139480;316140;
23
{'stock_no': ['000120', '000810', '001040', '002380', '002790', '003670', '004800', '004990', '005380', '006280', '008560', '009540', '017670', '018880', '024110', '034730', '035250', '035420', '069960', '078340', '097950', '139480', '316140'], 'stock_name': ['CJ대한통운', '삼성화재', 'CJ', 'KCC', '아모레G', '포스코케미칼', '효성', '롯데지주', '현대차', '녹십자', '메리츠종금증권', '한국조선해양', 'SK텔레콤', '한온시스템', '기업은행', 'SK', '강원랜드', 'NAVER', '현대백화점', '컴투스', 'CJ제일제당', '이마트', '우리금융지주'], 'market_in_price': [134500, 272500, 103000, 278500, 66700, 55600, 75500, 44750, 142500, 127000, 5600, 123500, 262000, 11750, 14150, 239000, 31050, 120500, 81500, 104800, 301000, 144500, 14100], 'myhave_cnt': [8, 5, 14, 4, 17, 21, 15, 33, 10, 9, 266, 12, 5, 100, 84, 6, 48, 9, 14, 14, 4, 8, 84], 'run_price': [130000, 261000, 95400, 262000, 62200, 51300, 72500, 40500, 136500, 114500, 5230, 112000, 256500, 11250, 13600, 219500, 29550, 116000, 78900, 95500, 283000, 138500, 13650], 'sell_price': [130500, 261000, 95400, 262500, 62300, 51300, 72600, 40550, 136500, 115000, 5230, 112500, 256500, 11300, 13650, 220000, 29600, 116500, 78900, 95500, 283500, 139000, 13700], 'sell_cnt': [2185, 1299, 740, 257, 6012, 2862, 489, 3185, 18120, 1993, 22643, 4537, 2557, 54827, 58580, 2807, 6412, 4926, 60, 18, 297, 1515, 86973], 'buy_price': [130000, 260500, 95300, 262000, 62200, 51200, 72500, 40500, 136000, 114500, 5220, 112000, 256000, 11250, 13600, 219500, 29550, 116000, 78800, 95400, 283000, 138500, 13650], 'buy_cnt': [1331, 2946, 290, 234, 1061, 2551, 358, 1786, 15670, 287, 28162, 2656, 3309, 6995, 7095, 1951, 34146, 7769, 943, 51, 373, 6439, 65076], 'vol_cnt': [11737, 17610, 25618, 3844, 37691, 129807, 9466, 53650, 262179, 20517, 439670, 44920, 50855, 259233, 277776, 28888, 385074, 114883, 15478, 13615, 3289, 18157, 166679], 'deal_power': [35.66, 117.71, 71.39, 59.2, 95.4, 97.86, 79.68, 63.02, 67.69, 17.03, 69.71, 50.52, 173.07, 78.81, 95.66, 69.45, 89.81, 68.66, 60.79, 50.55, 89.37, 89.84, 74.65]}
{'stock_no': [], 'deal_power': []}
timer600틱 끝 timer1 재시작
timer600틱 시작 timer1 중지
-----
10분에 한번씩 클럭 발생::체결강도 전송 실행시간 : 11:30:00
계좌평가잔고내역요청 전송
000120;000810;001040;002380;002790;003670;004800;004990;005380;006280;008560;009540;017670;018880;024110;034730;035250;035420;069960;078340;097950;139480;316140;
23
{'stock_no': ['000120', '000810', '001040', '002380', '002790', '003670', '004800', '004990', '005380', '006280', '008560', '009540', '017670', '018880', '024110', '034730', '035250', '035420', '069960', '078340', '097950', '139480', '316140'], 'stock_name': ['CJ대한통운', '삼성화재', 'CJ', 'KCC', '아모레G', '포스코케미칼', '효성', '롯데지주', '현대차', '녹십자', '메리츠종금증권', '한국조선해양', 'SK텔레콤', '한온시스템', '기업은행', 'SK', '강원랜드', 'NAVER', '현대백화점', '컴투스', 'CJ제일제당', '이마트', '우리금융지주'], 'market_in_price': [134500, 272500, 103000, 278500, 66700, 55600, 75500, 44750, 142500, 127000, 5600, 123500, 262000, 11750, 14150, 239000, 31050, 120500, 81500, 104800, 301000, 144500, 14100], 'myhave_cnt': [8, 5, 14, 4, 17, 21, 15, 33, 10, 9, 266, 12, 5, 100, 84, 6, 48, 9, 14, 14, 4, 8, 84], 'run_price': [130500, 261000, 95700, 262000, 62500, 51400, 72500, 40500, 136500, 115500, 5260, 113000, 258000, 11250, 13650, 220000, 29750, 117000, 78900, 95300, 286000, 139000, 13650], 'sell_price': [130500, 261500, 95700, 262500, 62600, 51400, 72600, 40550, 137000, 115500, 5260, 113000, 258000, 11300, 13650, 220500, 29800, 117000, 79000, 95400, 286500, 139000, 13700], 'sell_cnt': [2290, 2303, 148, 289, 3051, 911, 602, 1152, 13708, 1109, 18910, 3872, 1114, 52610, 64004, 1460, 3194, 1342, 252, 14, 211, 1277, 97082], 'buy_price': [130000, 261000, 95600, 262000, 62500, 51300, 72500, 40500, 136500, 115000, 5250, 112500, 257500, 11250, 13600, 220000, 29750, 116500, 78900, 95300, 286000, 138500, 13650], 'buy_cnt': [1237, 549, 299, 359, 324, 738, 629, 795, 10167, 814, 24789, 3117, 2091, 24950, 13394, 1547, 3680, 10103, 133, 34, 120, 7824, 116380], 'vol_cnt': [12215, 20082, 27717, 4022, 48004, 136867, 9771, 63247, 272784, 22163, 485732, 49168, 55576, 264903, 284612, 33468, 413015, 124813, 16761, 14039, 4289, 18918, 175463], 'deal_power': [35.3, 116.32, 77.1, 56.41, 122.55, 100.82, 79.61, 68.66, 72.09, 23.72, 81.82, 58.16, 191.56, 79.91, 94.94, 85.07, 97.76, 78.44, 61.68, 51.38, 124.21, 92.63, 73.95]}
{'stock_no': [], 'deal_power': []}
timer600틱 끝 timer1 재시작
timer600틱 시작 timer1 중지
-----
10분에 한번씩 클럭 발생::체결강도 전송 실행시간 : 11:40:00
계좌평가잔고내역요청 전송
000120;000810;001040;002380;002790;003670;004800;004990;005380;006280;008560;009540;017670;018880;024110;034730;035250;035420;069960;078340;097950;139480;316140;
23
{'stock_no': ['000120', '000810', '001040', '002380', '002790', '003670', '004800', '004990', '005380', '006280', '008560', '009540', '017670', '018880', '024110', '034730', '035250', '035420', '069960', '078340', '097950', '139480', '316140'], 'stock_name': ['CJ대한통운', '삼성화재', 'CJ', 'KCC', '아모레G', '포스코케미칼', '효성', '롯데지주', '현대차', '녹십자', '메리츠종금증권', '한국조선해양', 'SK텔레콤', '한온시스템', '기업은행', 'SK', '강원랜드', 'NAVER', '현대백화점', '컴투스', 'CJ제일제당', '이마트', '우리금융지주'], 'market_in_price': [134500, 272500, 103000, 278500, 66700, 55600, 75500, 44750, 142500, 127000, 5600, 123500, 262000, 11750, 14150, 239000, 31050, 120500, 81500, 104800, 301000, 144500, 14100], 'myhave_cnt': [8, 5, 14, 4, 17, 21, 15, 33, 10, 9, 266, 12, 5, 100, 84, 6, 48, 9, 14, 14, 4, 8, 84], 'run_price': [130000, 260500, 95400, 260500, 62400, 51400, 72500, 40400, 136500, 115000, 5220, 112500, 258000, 11250, 13600, 219500, 29750, 116000, 78900, 95400, 284000, 139000, 13650], 'sell_price': [130000, 261000, 95500, 261000, 62500, 51500, 72600, 40450, 136500, 115500, 5230, 113000, 258000, 11300, 13650, 220000, 29800, 116500, 79000, 95500, 284500, 139000, 13700], 'sell_cnt': [1331, 836, 558, 187, 3050, 94, 746, 1896, 10512, 856, 10642, 4713, 2233, 62036, 69510, 2, 2225, 8649, 57, 33, 111, 4512, 109769], 'buy_price': [129500, 260500, 95400, 260500, 62400, 51400, 72500, 40400, 136000, 115000, 5220, 112500, 257500, 11250, 13600, 219500, 29750, 116000, 78900, 95400, 284000, 138500, 13650], 'buy_cnt': [2277, 3050, 254, 108, 1719, 2970, 518, 889, 16390, 143, 4308, 5149, 2538, 20090, 8612, 4349, 3427, 364, 24, 87, 188, 3626, 107406], 'vol_cnt': [13453, 21438, 28499, 4464, 48564, 140928, 10158, 66824, 292537, 23112, 536916, 50274, 57074, 274691, 295800, 35305, 428214, 135491, 17644, 14169, 4625, 21677, 189396], 'deal_power': [31.46, 108.98, 76.72, 49.1, 120.46, 101.82, 79.56, 64.17, 66.81, 22.59, 69.13, 58.15, 192.45, 79.47, 90.65, 78.99, 97.83, 69.4, 60.7, 52.09, 113.63, 83.71, 76.08]}
{'stock_no': [], 'deal_power': []}
timer600틱 끝 timer1 재시작
timer600틱 시작 timer1 중지
-----
10분에 한번씩 클럭 발생::체결강도 전송 실행시간 : 11:50:00
계좌평가잔고내역요청 전송
000120;000810;001040;002380;002790;003670;004800;004990;005380;006280;008560;009540;017670;018880;024110;034730;035250;035420;069960;078340;097950;139480;316140;
23
{'stock_no': ['000120', '000810', '001040', '002380', '002790', '003670', '004800', '004990', '005380', '006280', '008560', '009540', '017670', '018880', '024110', '034730', '035250', '035420', '069960', '078340', '097950', '139480', '316140'], 'stock_name': ['CJ대한통운', '삼성화재', 'CJ', 'KCC', '아모레G', '포스코케미칼', '효성', '롯데지주', '현대차', '녹십자', '메리츠종금증권', '한국조선해양', 'SK텔레콤', '한온시스템', '기업은행', 'SK', '강원랜드', 'NAVER', '현대백화점', '컴투스', 'CJ제일제당', '이마트', '우리금융지주'], 'market_in_price': [134500, 272500, 103000, 278500, 66700, 55600, 75500, 44750, 142500, 127000, 5600, 123500, 262000, 11750, 14150, 239000, 31050, 120500, 81500, 104800, 301000, 144500, 14100], 'myhave_cnt': [8, 5, 14, 4, 17, 21, 15, 33, 10, 9, 266, 12, 5, 100, 84, 6, 48, 9, 14, 14, 4, 8, 84], 'run_price': [130500, 260500, 95500, 260500, 62500, 51400, 72500, 40400, 136000, 115000, 5230, 112500, 258000, 11250, 13650, 220000, 29800, 116500, 79100, 95800, 284500, 139000, 13650], 'sell_price': [130500, 261000, 95600, 261000, 62500, 51500, 72600, 40450, 136500, 115500, 5230, 113000, 258000, 11300, 13650, 220500, 29850, 117000, 79200, 95800, 284500, 139000, 13700], 'sell_cnt': [892, 594, 199, 231, 3253, 331, 722, 2160, 10667, 1368, 16665, 5236, 1325, 61294, 67361, 1408, 1896, 3228, 292, 81, 152, 3864, 108543], 'buy_price': [130000, 260500, 95500, 260500, 62400, 51400, 72500, 40400, 136000, 115000, 5220, 112500, 257500, 11250, 13600, 220000, 29800, 116500, 79100, 95700, 284000, 138500, 13650], 'buy_cnt': [857, 3084, 301, 123, 2038, 2946, 585, 1724, 19519, 43, 10227, 5940, 3331, 40620, 8524, 1690, 4986, 2851, 29, 20, 68, 4694, 109303], 'vol_cnt': [15005, 22120, 28940, 4603, 49014, 142430, 10677, 69233, 296495, 23395, 542732, 51487, 59072, 278677, 304270, 36066, 443812, 141148, 18120, 14452, 4813, 21957, 195219], 'deal_power': [46.2, 113.76, 78.21, 46.88, 120.1, 101.55, 84.56, 65.4, 66.99, 22.27, 68.26, 60.75, 191.63, 80.06, 88.41, 76.96, 98.68, 73.83, 61.75, 52.33, 108.58, 85.23, 75.26]}
{'stock_no': [], 'deal_power': []}
timer600틱 끝 timer1 재시작
timer600틱 시작 timer1 중지
-----
10분에 한번씩 클럭 발생::체결강도 전송 실행시간 : 12:00:00
계좌평가잔고내역요청 전송
000120;000810;001040;002380;002790;003670;004800;004990;005380;006280;008560;009540;017670;018880;024110;034730;035250;035420;069960;078340;097950;139480;316140;
23
{'stock_no': ['000120', '000810', '001040', '002380', '002790', '003670', '004800', '004990', '005380', '006280', '008560', '009540', '017670', '018880', '024110', '034730', '035250', '035420', '069960', '078340', '097950', '139480', '316140'], 'stock_name': ['CJ대한통운', '삼성화재', 'CJ', 'KCC', '아모레G', '포스코케미칼', '효성', '롯데지주', '현대차', '녹십자', '메리츠종금증권', '한국조선해양', 'SK텔레콤', '한온시스템', '기업은행', 'SK', '강원랜드', 'NAVER', '현대백화점', '컴투스', 'CJ제일제당', '이마트', '우리금융지주'], 'market_in_price': [134500, 272500, 103000, 278500, 66700, 55600, 75500, 44750, 142500, 127000, 5600, 123500, 262000, 11750, 14150, 239000, 31050, 120500, 81500, 104800, 301000, 144500, 14100], 'myhave_cnt': [8, 5, 14, 4, 17, 21, 15, 33, 10, 9, 266, 12, 5, 100, 84, 6, 48, 9, 14, 14, 4, 8, 84], 'run_price': [130500, 261000, 95500, 260000, 62500, 51400, 72500, 40400, 136000, 115500, 5220, 113000, 258000, 11250, 13600, 220000, 29700, 116500, 79000, 95800, 284500, 138500, 13650], 'sell_price': [130500, 261000, 95500, 260500, 62600, 51500, 72600, 40450, 136500, 115500, 5220, 113000, 258000, 11300, 13650, 220500, 29750, 117000, 79000, 95800, 284500, 139000, 13700], 'sell_cnt': [1163, 34, 324, 144, 1401, 489, 649, 3184, 13040, 1237, 19421, 4475, 1640, 72748, 72222, 1307, 3435, 3542, 29, 58, 188, 4419, 107484], 'buy_price': [130000, 260500, 95400, 260000, 62500, 51400, 72500, 40400, 136000, 115000, 5210, 112500, 257500, 11250, 13600, 220000, 29700, 116500, 78900, 95700, 284000, 138500, 13650], 'buy_cnt': [1487, 3114, 319, 364, 2233, 2505, 622, 2332, 21483, 39, 7149, 4898, 3598, 41623, 6352, 1594, 4255, 3325, 18, 29, 106, 4870, 108197], 'vol_cnt': [15118, 22851, 29798, 4854, 52995, 143662, 11121, 69942, 301501, 23946, 562104, 52757, 60343, 282927, 310911, 36891, 458869, 142432, 18591, 14816, 4852, 22283, 199988], 'deal_power': [47.06, 119.62, 76.73, 45.46, 137.07, 100.66, 85.14, 65.67, 66.86, 24.15, 65.41, 63.35, 193.39, 80.68, 87.19, 75.05, 94.1, 73.15, 61.92, 54.01, 108.01, 85.88, 75.91]}
{'stock_no': [], 'deal_power': []}
timer600틱 끝 timer1 재시작
timer600틱 시작 timer1 중지
-----
10분에 한번씩 클럭 발생::체결강도 전송 실행시간 : 12:10:00
계좌평가잔고내역요청 전송
000120;000810;001040;002380;002790;003670;004800;004990;005380;006280;008560;009540;017670;018880;024110;034730;035250;035420;069960;078340;097950;139480;316140;
23
{'stock_no': ['000120', '000810', '001040', '002380', '002790', '003670', '004800', '004990', '005380', '006280', '008560', '009540', '017670', '018880', '024110', '034730', '035250', '035420', '069960', '078340', '097950', '139480', '316140'], 'stock_name': ['CJ대한통운', '삼성화재', 'CJ', 'KCC', '아모레G', '포스코케미칼', '효성', '롯데지주', '현대차', '녹십자', '메리츠종금증권', '한국조선해양', 'SK텔레콤', '한온시스템', '기업은행', 'SK', '강원랜드', 'NAVER', '현대백화점', '컴투스', 'CJ제일제당', '이마트', '우리금융지주'], 'market_in_price': [134500, 272500, 103000, 278500, 66700, 55600, 75500, 44750, 142500, 127000, 5600, 123500, 262000, 11750, 14150, 239000, 31050, 120500, 81500, 104800, 301000, 144500, 14100], 'myhave_cnt': [8, 5, 14, 4, 17, 21, 15, 33, 10, 9, 266, 12, 5, 100, 84, 6, 48, 9, 14, 14, 4, 8, 84], 'run_price': [130500, 261500, 95500, 260000, 62600, 51500, 72500, 40500, 136000, 115000, 5220, 112500, 258000, 11250, 13550, 219500, 29700, 116500, 79000, 95900, 284500, 138500, 13650], 'sell_price': [130500, 261500, 95500, 260500, 62600, 51500, 72600, 40500, 136500, 115500, 5220, 113000, 258000, 11300, 13600, 220000, 29750, 117000, 79000, 95900, 284500, 139000, 13700], 'sell_cnt': [1280, 1482, 321, 210, 1918, 250, 634, 648, 11211, 1274, 19460, 4109, 3241, 66746, 8541, 676, 2748, 5598, 94, 163, 271, 4397, 106569], 'buy_price': [130000, 261000, 95400, 260000, 62500, 51400, 72500, 40450, 136000, 115000, 5210, 112500, 257500, 11250, 13550, 219500, 29700, 116500, 78900, 95800, 284000, 138500, 13650], 'buy_cnt': [1868, 818, 537, 285, 1767, 2386, 522, 1118, 23213, 265, 11596, 7893, 4005, 43485, 78200, 3641, 7910, 4171, 101, 257, 146, 5472, 114866], 'vol_cnt': [15227, 23325, 30058, 5010, 54623, 146560, 11520, 74211, 305520, 24171, 567606, 54229, 61713, 286893, 329856, 39903, 466113, 143756, 19051, 15263, 4896, 22448, 205104], 'deal_power': [47.15, 123.73, 77.87, 44.04, 139.35, 100.8, 87.66, 75.29, 67.35, 23.92, 65.15, 65.44, 198.67, 81.39, 91.22, 71.88, 95.37, 72.65, 63.21, 54.24, 107.4, 85.36, 77.84]}
{'stock_no': [], 'deal_power': []}
timer600틱 끝 timer1 재시작
timer600틱 시작 timer1 중지
-----
10분에 한번씩 클럭 발생::체결강도 전송 실행시간 : 12:20:00
계좌평가잔고내역요청 전송
000120;000810;001040;002380;002790;003670;004800;004990;005380;006280;008560;009540;017670;018880;024110;034730;035250;035420;069960;078340;097950;139480;316140;
23
{'stock_no': ['000120', '000810', '001040', '002380', '002790', '003670', '004800', '004990', '005380', '006280', '008560', '009540', '017670', '018880', '024110', '034730', '035250', '035420', '069960', '078340', '097950', '139480', '316140'], 'stock_name': ['CJ대한통운', '삼성화재', 'CJ', 'KCC', '아모레G', '포스코케미칼', '효성', '롯데지주', '현대차', '녹십자', '메리츠종금증권', '한국조선해양', 'SK텔레콤', '한온시스템', '기업은행', 'SK', '강원랜드', 'NAVER', '현대백화점', '컴투스', 'CJ제일제당', '이마트', '우리금융지주'], 'market_in_price': [134500, 272500, 103000, 278500, 66700, 55600, 75500, 44750, 142500, 127000, 5600, 123500, 262000, 11750, 14150, 239000, 31050, 120500, 81500, 104800, 301000, 144500, 14100], 'myhave_cnt': [8, 5, 14, 4, 17, 21, 15, 33, 10, 9, 266, 12, 5, 100, 84, 6, 48, 9, 14, 14, 4, 8, 84], 'run_price': [130000, 261500, 95500, 260000, 62500, 51500, 72500, 40450, 136500, 115000, 5210, 112500, 258000, 11250, 13550, 219500, 29700, 116000, 79000, 95900, 284000, 138500, 13650], 'sell_price': [130500, 261500, 95600, 260500, 62600, 51500, 72600, 40500, 137000, 115500, 5220, 113000, 258000, 11300, 13600, 220000, 29750, 116500, 79000, 95900, 284500, 139000, 13700], 'sell_cnt': [1406, 1134, 184, 248, 3185, 824, 709, 2425, 15745, 1220, 21696, 3139, 3306, 71259, 12092, 846, 1987, 3926, 26, 230, 339, 4648, 106098], 'buy_price': [130000, 261000, 95500, 260000, 62500, 51400, 72500, 40450, 136500, 115000, 5210, 112500, 257500, 11250, 13550, 219500, 29700, 116000, 78900, 95800, 284000, 138500, 13650], 'buy_cnt': [1916, 1894, 72, 280, 1793, 1739, 469, 1537, 10862, 950, 17409, 7955, 3939, 51820, 78084, 4226, 6621, 5256, 142, 82, 150, 6428, 152243], 'vol_cnt': [15347, 23753, 30695, 5174, 54766, 148150, 11791, 75199, 320426, 24514, 574340, 56077, 62623, 291304, 334168, 40756, 478032, 148512, 19548, 15759, 4940, 22714, 217935], 'deal_power': [47.58, 127.21, 80.39, 43.13, 139.33, 100.56, 88.25, 77.03, 74.0, 24.7, 65.53, 69.76, 201.58, 82.51, 91.87, 70.82, 95.78, 69.31, 64.91, 57.27, 106.72, 86.78, 75.28]}
{'stock_no': [], 'deal_power': []}
timer600틱 끝 timer1 재시작
timer600틱 시작 timer1 중지
-----
10분에 한번씩 클럭 발생::체결강도 전송 실행시간 : 12:30:00
계좌평가잔고내역요청 전송
000120;000810;001040;002380;002790;003670;004800;004990;005380;006280;008560;009540;017670;018880;024110;034730;035250;035420;069960;078340;097950;139480;316140;
23
{'stock_no': ['000120', '000810', '001040', '002380', '002790', '003670', '004800', '004990', '005380', '006280', '008560', '009540', '017670', '018880', '024110', '034730', '035250', '035420', '069960', '078340', '097950', '139480', '316140'], 'stock_name': ['CJ대한통운', '삼성화재', 'CJ', 'KCC', '아모레G', '포스코케미칼', '효성', '롯데지주', '현대차', '녹십자', '메리츠종금증권', '한국조선해양', 'SK텔레콤', '한온시스템', '기업은행', 'SK', '강원랜드', 'NAVER', '현대백화점', '컴투스', 'CJ제일제당', '이마트', '우리금융지주'], 'market_in_price': [134500, 272500, 103000, 278500, 66700, 55600, 75500, 44750, 142500, 127000, 5600, 123500, 262000, 11750, 14150, 239000, 31050, 120500, 81500, 104800, 301000, 144500, 14100], 'myhave_cnt': [8, 5, 14, 4, 17, 21, 15, 33, 10, 9, 266, 12, 5, 100, 84, 6, 48, 9, 14, 14, 4, 8, 84], 'run_price': [130500, 261000, 95600, 260000, 62500, 51400, 72500, 40500, 137000, 115500, 5220, 112500, 258000, 11300, 13600, 219500, 29650, 116000, 79000, 95900, 284000, 139000, 13650], 'sell_price': [130500, 261500, 95600, 260500, 62600, 51500, 72600, 40500, 137000, 115500, 5220, 113000, 258000, 11300, 13600, 220000, 29700, 116500, 79100, 96000, 284000, 139000, 13700], 'sell_cnt': [1515, 1429, 509, 402, 4354, 1426, 828, 2549, 21552, 1304, 22412, 2893, 3465, 74757, 8377, 774, 3511, 5742, 277, 163, 300, 4663, 93370], 'buy_price': [130000, 261000, 95400, 260000, 62500, 51400, 72500, 40450, 136500, 115000, 5210, 112500, 257500, 11250, 13550, 219500, 29650, 116000, 79000, 95900, 283500, 138500, 13650], 'buy_cnt': [1968, 2203, 533, 215, 1576, 1195, 537, 2243, 24276, 985, 20988, 8492, 4042, 52263, 86942, 3968, 709, 4678, 6, 125, 300, 6638, 137119], 'vol_cnt': [15503, 24108, 31134, 5340, 55092, 150246, 11963, 76777, 325158, 24626, 580801, 57402, 63412, 295692, 357267, 41824, 492382, 150331, 20021, 16286, 5173, 23751, 235540], 'deal_power': [47.76, 129.72, 81.76, 42.06, 138.07, 100.26, 88.44, 78.49, 74.1, 24.65, 65.41, 71.73, 203.8, 83.52, 99.76, 70.09, 91.82, 68.35, 65.6, 59.58, 101.57, 83.79, 86.42]}
{'stock_no': [], 'deal_power': []}
timer600틱 끝 timer1 재시작
timer600틱 시작 timer1 중지
-----
10분에 한번씩 클럭 발생::체결강도 전송 실행시간 : 12:40:00
계좌평가잔고내역요청 전송
000120;000810;001040;002380;002790;003670;004800;004990;005380;006280;008560;009540;017670;018880;024110;034730;035250;035420;069960;078340;097950;139480;316140;
23
{'stock_no': ['000120', '000810', '001040', '002380', '002790', '003670', '004800', '004990', '005380', '006280', '008560', '009540', '017670', '018880', '024110', '034730', '035250', '035420', '069960', '078340', '097950', '139480', '316140'], 'stock_name': ['CJ대한통운', '삼성화재', 'CJ', 'KCC', '아모레G', '포스코케미칼', '효성', '롯데지주', '현대차', '녹십자', '메리츠종금증권', '한국조선해양', 'SK텔레콤', '한온시스템', '기업은행', 'SK', '강원랜드', 'NAVER', '현대백화점', '컴투스', 'CJ제일제당', '이마트', '우리금융지주'], 'market_in_price': [134500, 272500, 103000, 278500, 66700, 55600, 75500, 44750, 142500, 127000, 5600, 123500, 262000, 11750, 14150, 239000, 31050, 120500, 81500, 104800, 301000, 144500, 14100], 'myhave_cnt': [8, 5, 14, 4, 17, 21, 15, 33, 10, 9, 266, 12, 5, 100, 84, 6, 48, 9, 14, 14, 4, 8, 84], 'run_price': [130500, 262000, 95700, 259500, 62500, 51400, 72500, 40500, 137000, 115000, 5220, 113000, 258000, 11250, 13600, 219500, 29650, 117000, 79000, 95900, 285000, 139000, 13650], 'sell_price': [131000, 262000, 95700, 260000, 62600, 51500, 72600, 40500, 137000, 115500, 5220, 113500, 258000, 11300, 13600, 220000, 29700, 117000, 79000, 96000, 285500, 139000, 13700], 'sell_cnt': [1493, 3343, 77, 346, 5691, 1797, 953, 2280, 31378, 1210, 24923, 5427, 4396, 79617, 9455, 2884, 5595, 7547, 317, 84, 313, 2229, 88079], 'buy_price': [130500, 261500, 95600, 259500, 62500, 51400, 72500, 40450, 136500, 115000, 5210, 113000, 257500, 11250, 13550, 219500, 29650, 116500, 78900, 95900, 285000, 138500, 13650], 'buy_cnt': [1213, 1389, 574, 305, 2485, 610, 712, 2695, 21297, 1511, 31926, 2554, 5334, 59402, 104610, 3408, 5122, 3537, 153, 49, 123, 7092, 149595], 'vol_cnt': [17161, 26645, 32186, 5762, 55421, 152035, 12388, 78673, 328684, 25090, 589477, 62377, 64180, 300780, 365216, 42897, 499877, 158170, 20582, 16617, 5664, 25658, 247857], 'deal_power': [64.24, 143.52, 82.77, 38.44, 137.41, 98.63, 88.72, 82.31, 74.66, 25.92, 65.53, 81.83, 205.02, 84.59, 103.68, 69.73, 92.45, 74.06, 65.53, 60.83, 115.96, 96.04, 93.0]}
{'stock_no': [], 'deal_power': []}
timer600틱 끝 timer1 재시작
timer600틱 시작 timer1 중지
-----
10분에 한번씩 클럭 발생::체결강도 전송 실행시간 : 12:50:00
계좌평가잔고내역요청 전송
000120;000810;001040;002380;002790;003670;004800;004990;005380;006280;008560;009540;017670;018880;024110;034730;035250;035420;069960;078340;097950;139480;316140;
23
{'stock_no': ['000120', '000810', '001040', '002380', '002790', '003670', '004800', '004990', '005380', '006280', '008560', '009540', '017670', '018880', '024110', '034730', '035250', '035420', '069960', '078340', '097950', '139480', '316140'], 'stock_name': ['CJ대한통운', '삼성화재', 'CJ', 'KCC', '아모레G', '포스코케미칼', '효성', '롯데지주', '현대차', '녹십자', '메리츠종금증권', '한국조선해양', 'SK텔레콤', '한온시스템', '기업은행', 'SK', '강원랜드', 'NAVER', '현대백화점', '컴투스', 'CJ제일제당', '이마트', '우리금융지주'], 'market_in_price': [134500, 272500, 103000, 278500, 66700, 55600, 75500, 44750, 142500, 127000, 5600, 123500, 262000, 11750, 14150, 239000, 31050, 120500, 81500, 104800, 301000, 144500, 14100], 'myhave_cnt': [8, 5, 14, 4, 17, 21, 15, 33, 10, 9, 266, 12, 5, 100, 84, 6, 48, 9, 14, 14, 4, 8, 84], 'run_price': [131000, 262000, 95600, 259500, 62500, 51400, 72500, 40400, 136000, 115000, 5210, 113000, 258000, 11250, 13600, 219500, 29700, 116500, 78900, 96100, 284000, 139000, 13650], 'sell_price': [131000, 262000, 95700, 260000, 62600, 51500, 72600, 40450, 136500, 115500, 5220, 113500, 258000, 11300, 13600, 220000, 29700, 117000, 78900, 96100, 284500, 139000, 13700], 'sell_cnt': [1745, 4080, 884, 369, 6961, 2694, 985, 4147, 10733, 1243, 25023, 5146, 5591, 69925, 23053, 3224, 8487, 10341, 45, 64, 213, 549, 91875], 'buy_price': [130500, 261500, 95600, 259500, 62500, 51400, 72500, 40400, 136000, 115000, 5210, 113000, 257500, 11250, 13550, 219500, 29650, 116500, 78800, 96000, 284000, 138500, 13650], 'buy_cnt': [1371, 2041, 164, 337, 2257, 365, 675, 3099, 14338, 1389, 36307, 6072, 5871, 65108, 96707, 3064, 6275, 3288, 1372, 113, 139, 5831, 126635], 'vol_cnt': [17303, 27019, 32544, 6015, 55689, 154264, 12923, 81994, 354427, 25262, 600950, 63709, 64801, 332863, 369797, 44179, 503712, 159957, 21732, 16888, 5896, 29208, 254658], 'deal_power': [64.6, 145.88, 82.56, 37.03, 136.66, 97.1, 90.93, 77.78, 67.7, 26.08, 66.03, 84.39, 204.74, 103.46, 105.24, 67.44, 92.29, 73.47, 67.72, 62.64, 109.87, 119.11, 94.3]}
{'stock_no': [], 'deal_power': []}
timer600틱 끝 timer1 재시작
timer600틱 시작 timer1 중지
-----
10분에 한번씩 클럭 발생::체결강도 전송 실행시간 : 13:00:00
계좌평가잔고내역요청 전송
000120;000810;001040;002380;002790;003670;004800;004990;005380;006280;008560;009540;017670;018880;024110;034730;035250;035420;069960;078340;097950;139480;316140;
23
{'stock_no': ['000120', '000810', '001040', '002380', '002790', '003670', '004800', '004990', '005380', '006280', '008560', '009540', '017670', '018880', '024110', '034730', '035250', '035420', '069960', '078340', '097950', '139480', '316140'], 'stock_name': ['CJ대한통운', '삼성화재', 'CJ', 'KCC', '아모레G', '포스코케미칼', '효성', '롯데지주', '현대차', '녹십자', '메리츠종금증권', '한국조선해양', 'SK텔레콤', '한온시스템', '기업은행', 'SK', '강원랜드', 'NAVER', '현대백화점', '컴투스', 'CJ제일제당', '이마트', '우리금융지주'], 'market_in_price': [134500, 272500, 103000, 278500, 66700, 55600, 75500, 44750, 142500, 127000, 5600, 123500, 262000, 11750, 14150, 239000, 31050, 120500, 81500, 104800, 301000, 144500, 14100], 'myhave_cnt': [8, 5, 14, 4, 17, 21, 15, 33, 10, 9, 266, 12, 5, 100, 84, 6, 48, 9, 14, 14, 4, 8, 84], 'run_price': [130500, 261500, 95600, 258500, 62600, 51300, 72600, 40400, 136000, 115500, 5210, 113500, 258000, 11250, 13600, 219500, 29700, 116000, 78900, 96300, 285000, 139000, 13700], 'sell_price': [131000, 262000, 95700, 259000, 62600, 51400, 72600, 40450, 136500, 115500, 5220, 113500, 258000, 11300, 13600, 220000, 29700, 116500, 78900, 96300, 285500, 139000, 13700], 'sell_cnt': [1644, 3564, 165, 348, 7513, 2962, 1015, 3094, 10624, 1246, 17812, 4227, 6238, 75013, 25330, 3268, 9245, 5113, 6, 332, 207, 1360, 97881], 'buy_price': [130500, 261500, 95600, 258500, 62500, 51300, 72500, 40400, 136000, 115000, 5210, 113000, 257500, 11250, 13550, 219500, 29650, 116000, 78800, 96200, 285000, 138500, 13650], 'buy_cnt': [1603, 1771, 121, 638, 3314, 2525, 639, 564, 14166, 1655, 33205, 5892, 5960, 64666, 97490, 1270, 12733, 8739, 1381, 113, 15, 6132, 111242], 'vol_cnt': [17531, 27729, 32969, 6775, 56075, 156092, 13299, 89109, 361685, 25593, 617898, 65038, 65401, 336813, 375211, 45233, 508653, 166785, 22062, 17500, 6329, 29404, 266868], 'deal_power': [65.9, 144.1, 82.78, 33.72, 136.25, 95.24, 89.88, 76.09, 67.59, 25.86, 65.4, 87.01, 205.07, 103.91, 106.51, 66.1, 92.5, 68.99, 69.32, 63.95, 115.36, 119.45, 87.87]}
{'stock_no': [], 'deal_power': []}
timer600틱 끝 timer1 재시작
timer600틱 시작 timer1 중지
-----
10분에 한번씩 클럭 발생::체결강도 전송 실행시간 : 13:10:00
계좌평가잔고내역요청 전송
000120;000810;001040;002380;002790;003670;004800;004990;005380;006280;008560;009540;017670;018880;024110;034730;035250;035420;069960;078340;097950;139480;316140;
23
{'stock_no': ['000120', '000810', '001040', '002380', '002790', '003670', '004800', '004990', '005380', '006280', '008560', '009540', '017670', '018880', '024110', '034730', '035250', '035420', '069960', '078340', '097950', '139480', '316140'], 'stock_name': ['CJ대한통운', '삼성화재', 'CJ', 'KCC', '아모레G', '포스코케미칼', '효성', '롯데지주', '현대차', '녹십자', '메리츠종금증권', '한국조선해양', 'SK텔레콤', '한온시스템', '기업은행', 'SK', '강원랜드', 'NAVER', '현대백화점', '컴투스', 'CJ제일제당', '이마트', '우리금융지주'], 'market_in_price': [134500, 272500, 103000, 278500, 66700, 55600, 75500, 44750, 142500, 127000, 5600, 123500, 262000, 11750, 14150, 239000, 31050, 120500, 81500, 104800, 301000, 144500, 14100], 'myhave_cnt': [8, 5, 14, 4, 17, 21, 15, 33, 10, 9, 266, 12, 5, 100, 84, 6, 48, 9, 14, 14, 4, 8, 84], 'run_price': [130500, 261000, 95600, 259000, 62500, 51300, 72500, 40400, 136500, 115500, 5220, 113000, 258000, 11250, 13550, 219500, 29600, 116500, 79000, 95900, 285000, 138500, 13650], 'sell_price': [131000, 261500, 95700, 259500, 62600, 51400, 72600, 40450, 137000, 115500, 5230, 113500, 258000, 11300, 13600, 220000, 29650, 116500, 79100, 96000, 285500, 139000, 13700], 'sell_cnt': [1699, 2745, 185, 328, 4983, 3791, 972, 4052, 22374, 1229, 12201, 2643, 6404, 70950, 24915, 2794, 6449, 6065, 96, 69, 240, 1343, 96295], 'buy_price': [130500, 261000, 95600, 259000, 62500, 51300, 72500, 40400, 136500, 115000, 5220, 113000, 257500, 11250, 13550, 219500, 29600, 116000, 79000, 95900, 285000, 138500, 13650], 'buy_cnt': [1563, 1086, 479, 188, 3311, 2505, 501, 739, 22098, 2069, 26037, 6261, 5609, 67939, 120373, 3882, 16362, 7668, 34, 42, 9, 6340, 113825], 'vol_cnt': [17765, 29727, 33139, 7304, 56305, 158832, 13749, 89902, 374228, 26148, 647938, 66797, 66197, 346987, 379053, 46746, 521624, 168978, 22481, 18076, 6388, 29576, 274565], 'deal_power': [66.8, 127.61, 83.29, 41.74, 136.61, 93.96, 90.79, 75.89, 72.52, 27.51, 70.83, 90.82, 206.98, 108.36, 107.16, 67.89, 89.65, 67.92, 70.27, 62.28, 114.44, 119.01, 86.43]}
{'stock_no': [], 'deal_power': []}
timer600틱 끝 timer1 재시작
timer600틱 시작 timer1 중지
-----
10분에 한번씩 클럭 발생::체결강도 전송 실행시간 : 13:20:00
계좌평가잔고내역요청 전송
000120;000810;001040;002380;002790;003670;004800;004990;005380;006280;008560;009540;017670;018880;024110;034730;035250;035420;069960;078340;097950;139480;316140;
23
{'stock_no': ['000120', '000810', '001040', '002380', '002790', '003670', '004800', '004990', '005380', '006280', '008560', '009540', '017670', '018880', '024110', '034730', '035250', '035420', '069960', '078340', '097950', '139480', '316140'], 'stock_name': ['CJ대한통운', '삼성화재', 'CJ', 'KCC', '아모레G', '포스코케미칼', '효성', '롯데지주', '현대차', '녹십자', '메리츠종금증권', '한국조선해양', 'SK텔레콤', '한온시스템', '기업은행', 'SK', '강원랜드', 'NAVER', '현대백화점', '컴투스', 'CJ제일제당', '이마트', '우리금융지주'], 'market_in_price': [134500, 272500, 103000, 278500, 66700, 55600, 75500, 44750, 142500, 127000, 5600, 123500, 262000, 11750, 14150, 239000, 31050, 120500, 81500, 104800, 301000, 144500, 14100], 'myhave_cnt': [8, 5, 14, 4, 17, 21, 15, 33, 10, 9, 266, 12, 5, 100, 84, 6, 48, 9, 14, 14, 4, 8, 84], 'run_price': [131000, 260500, 95700, 259000, 62500, 51300, 72600, 40400, 136500, 115000, 5240, 114000, 258000, 11300, 13600, 220000, 29600, 116000, 79000, 96000, 284500, 138500, 13650], 'sell_price': [131000, 261000, 95800, 259500, 62600, 51400, 72600, 40450, 137000, 115500, 5240, 114000, 258000, 11350, 13600, 220500, 29650, 116500, 79000, 96100, 285000, 139000, 13700], 'sell_cnt': [1842, 1217, 343, 737, 5395, 6169, 301, 5357, 25832, 1152, 23337, 9067, 6422, 37131, 23471, 1316, 2985, 6661, 95, 10, 338, 1099, 97593], 'buy_price': [130500, 260500, 95700, 259000, 62500, 51300, 72500, 40400, 136500, 115000, 5230, 113500, 257500, 11300, 13550, 220000, 29600, 116000, 78900, 96000, 284500, 138500, 13650], 'buy_cnt': [1649, 3736, 201, 114, 3217, 3380, 400, 711, 17861, 2199, 33204, 2150, 5324, 53472, 109615, 1813, 6073, 5278, 445, 15, 294, 6060, 110407], 'vol_cnt': [18044, 31508, 33710, 7486, 56716, 162224, 15876, 91405, 381752, 26452, 666750, 70552, 67118, 431984, 383176, 51346, 532647, 172038, 22838, 18304, 6442, 30067, 279324], 'deal_power': [67.62, 120.95, 85.15, 41.09, 136.55, 92.73, 97.59, 75.8, 70.86, 28.01, 73.99, 100.02, 207.57, 154.4, 107.85, 79.56, 92.24, 67.26, 71.3, 62.71, 114.02, 120.61, 84.67]}
{'stock_no': [], 'deal_power': []}
timer600틱 끝 timer1 재시작
timer600틱 시작 timer1 중지
-----
10분에 한번씩 클럭 발생::체결강도 전송 실행시간 : 13:30:00
계좌평가잔고내역요청 전송
000120;000810;001040;002380;002790;003670;004800;004990;005380;006280;008560;009540;017670;018880;024110;034730;035250;035420;069960;078340;097950;139480;316140;
23
{'stock_no': ['000120', '000810', '001040', '002380', '002790', '003670', '004800', '004990', '005380', '006280', '008560', '009540', '017670', '018880', '024110', '034730', '035250', '035420', '069960', '078340', '097950', '139480', '316140'], 'stock_name': ['CJ대한통운', '삼성화재', 'CJ', 'KCC', '아모레G', '포스코케미칼', '효성', '롯데지주', '현대차', '녹십자', '메리츠종금증권', '한국조선해양', 'SK텔레콤', '한온시스템', '기업은행', 'SK', '강원랜드', 'NAVER', '현대백화점', '컴투스', 'CJ제일제당', '이마트', '우리금융지주'], 'market_in_price': [134500, 272500, 103000, 278500, 66700, 55600, 75500, 44750, 142500, 127000, 5600, 123500, 262000, 11750, 14150, 239000, 31050, 120500, 81500, 104800, 301000, 144500, 14100], 'myhave_cnt': [8, 5, 14, 4, 17, 21, 15, 33, 10, 9, 266, 12, 5, 100, 84, 6, 48, 9, 14, 14, 4, 8, 84], 'run_price': [131000, 261000, 95800, 259000, 62500, 51300, 72600, 40450, 136500, 115500, 5240, 114000, 258000, 11300, 13550, 220000, 29600, 116000, 78900, 97000, 285000, 139000, 13650], 'sell_price': [131000, 261000, 95900, 259500, 62600, 51400, 72600, 40450, 137000, 115500, 5240, 114000, 258000, 11350, 13600, 220500, 29650, 116500, 79000, 97100, 285000, 139000, 13700], 'sell_cnt': [1803, 1469, 301, 798, 5167, 3698, 407, 6189, 29911, 1816, 17944, 8382, 5446, 38198, 22267, 388, 5466, 8201, 27, 124, 175, 1351, 106287], 'buy_price': [130500, 260500, 95800, 259000, 62500, 51300, 72500, 40400, 136500, 115000, 5230, 113500, 257500, 11300, 13550, 220000, 29600, 116000, 78900, 97000, 284500, 138500, 13650], 'buy_cnt': [1132, 3901, 362, 334, 3796, 3653, 738, 4439, 18695, 2137, 37743, 2939, 5300, 59134, 114989, 7659, 13278, 5660, 405, 82, 330, 5368, 109837], 'vol_cnt': [18517, 32171, 34498, 7657, 57946, 167824, 17185, 92704, 385426, 26688, 699933, 72230, 70451, 437752, 391925, 53790, 539024, 174745, 23392, 19850, 6614, 30400, 292440], 'deal_power': [67.97, 124.3, 87.35, 40.09, 140.46, 96.75, 101.57, 76.14, 70.97, 27.82, 81.09, 100.98, 207.21, 155.01, 109.97, 83.64, 92.42, 67.09, 72.94, 75.37, 117.67, 121.14, 78.04]}
{'stock_no': [], 'deal_power': []}
timer600틱 끝 timer1 재시작
timer600틱 시작 timer1 중지
-----
10분에 한번씩 클럭 발생::체결강도 전송 실행시간 : 13:40:00
계좌평가잔고내역요청 전송
000120;000810;001040;002380;002790;003670;004800;004990;005380;006280;008560;009540;017670;018880;024110;034730;035250;035420;069960;078340;097950;139480;316140;
23
{'stock_no': ['000120', '000810', '001040', '002380', '002790', '003670', '004800', '004990', '005380', '006280', '008560', '009540', '017670', '018880', '024110', '034730', '035250', '035420', '069960', '078340', '097950', '139480', '316140'], 'stock_name': ['CJ대한통운', '삼성화재', 'CJ', 'KCC', '아모레G', '포스코케미칼', '효성', '롯데지주', '현대차', '녹십자', '메리츠종금증권', '한국조선해양', 'SK텔레콤', '한온시스템', '기업은행', 'SK', '강원랜드', 'NAVER', '현대백화점', '컴투스', 'CJ제일제당', '이마트', '우리금융지주'], 'market_in_price': [134500, 272500, 103000, 278500, 66700, 55600, 75500, 44750, 142500, 127000, 5600, 123500, 262000, 11750, 14150, 239000, 31050, 120500, 81500, 104800, 301000, 144500, 14100], 'myhave_cnt': [8, 5, 14, 4, 17, 21, 15, 33, 10, 9, 266, 12, 5, 100, 84, 6, 48, 9, 14, 14, 4, 8, 84], 'run_price': [131000, 261000, 95700, 259000, 62800, 51300, 72500, 40450, 137000, 115500, 5240, 114000, 256000, 11300, 13600, 220000, 29600, 116000, 78900, 97100, 284500, 138500, 13650], 'sell_price': [131000, 261000, 95700, 259000, 62900, 51400, 72600, 40450, 137000, 115500, 5240, 114000, 256000, 11350, 13600, 220500, 29650, 116500, 79000, 97100, 285000, 139000, 13700], 'sell_cnt': [2239, 1953, 494, 614, 1010, 5981, 492, 6624, 32787, 1843, 9121, 7816, 1383, 40965, 22835, 1769, 5000, 10902, 177, 59, 332, 2349, 120307], 'buy_price': [130500, 260500, 95500, 258500, 62800, 51300, 72500, 40400, 136500, 115000, 5230, 113500, 255500, 11300, 13550, 220000, 29600, 116000, 78900, 97000, 284500, 138500, 13650], 'buy_cnt': [780, 3885, 524, 533, 1509, 2581, 247, 5356, 20233, 1765, 36309, 969, 2799, 59246, 112881, 12596, 29236, 4407, 565, 57, 245, 5864, 128286], 'vol_cnt': [18877, 32658, 35295, 8077, 67360, 170586, 18225, 94301, 389277, 27018, 719685, 75108, 80071, 445320, 399677, 54657, 546744, 178314, 24103, 20588, 6797, 30662, 301813], 'deal_power': [68.46, 125.55, 85.71, 37.98, 178.87, 94.3, 97.46, 75.58, 71.24, 28.3, 84.35, 98.33, 156.73, 154.27, 110.28, 83.45, 93.52, 67.06, 73.6, 73.08, 116.48, 120.94, 75.49]}
{'stock_no': [], 'deal_power': []}
timer600틱 끝 timer1 재시작
timer600틱 시작 timer1 중지
-----
10분에 한번씩 클럭 발생::체결강도 전송 실행시간 : 13:50:00
계좌평가잔고내역요청 전송
000120;000810;001040;002380;002790;003670;004800;004990;005380;006280;008560;009540;017670;018880;024110;034730;035250;035420;069960;078340;097950;139480;316140;
23
{'stock_no': ['000120', '000810', '001040', '002380', '002790', '003670', '004800', '004990', '005380', '006280', '008560', '009540', '017670', '018880', '024110', '034730', '035250', '035420', '069960', '078340', '097950', '139480', '316140'], 'stock_name': ['CJ대한통운', '삼성화재', 'CJ', 'KCC', '아모레G', '포스코케미칼', '효성', '롯데지주', '현대차', '녹십자', '메리츠종금증권', '한국조선해양', 'SK텔레콤', '한온시스템', '기업은행', 'SK', '강원랜드', 'NAVER', '현대백화점', '컴투스', 'CJ제일제당', '이마트', '우리금융지주'], 'market_in_price': [134500, 272500, 103000, 278500, 66700, 55600, 75500, 44750, 142500, 127000, 5600, 123500, 262000, 11750, 14150, 239000, 31050, 120500, 81500, 104800, 301000, 144500, 14100], 'myhave_cnt': [8, 5, 14, 4, 17, 21, 15, 33, 10, 9, 266, 12, 5, 100, 84, 6, 48, 9, 14, 14, 4, 8, 84], 'run_price': [131000, 261000, 95700, 259000, 62900, 51400, 72500, 40350, 137000, 115000, 5240, 114000, 256000, 11350, 13600, 220000, 29600, 116500, 79100, 97900, 284000, 138500, 13700], 'sell_price': [131500, 261000, 95700, 259500, 62900, 51400, 72600, 40400, 137000, 115500, 5240, 114000, 256000, 11350, 13600, 220500, 29650, 116500, 79100, 97900, 284500, 139000, 13700], 'sell_cnt': [1428, 1958, 72, 264, 1130, 2550, 310, 6718, 29717, 1818, 69, 7355, 1880, 41133, 31232, 1161, 3752, 10491, 293, 287, 345, 3029, 118925], 'buy_price': [131000, 260500, 95600, 259000, 62800, 51300, 72500, 40350, 136500, 115000, 5230, 113500, 255500, 11300, 13550, 220000, 29600, 116000, 79000, 97800, 284000, 138500, 13650], 'buy_cnt': [970, 3800, 81, 214, 2295, 4286, 403, 1598, 32005, 1811, 31013, 2400, 3887, 58976, 110388, 12441, 30413, 3217, 138, 154, 89, 5791, 109380], 'vol_cnt': [21015, 33313, 35862, 8862, 68095, 181036, 20521, 103096, 394015, 27297, 742509, 77029, 81555, 460897, 407829, 55955, 553303, 182339, 24713, 21848, 7122, 31452, 310360], 'deal_power': [87.49, 126.82, 87.94, 48.43, 181.4, 100.5, 97.95, 68.02, 71.42, 28.72, 88.66, 100.1, 151.24, 151.38, 110.25, 84.34, 94.48, 66.95, 75.48, 77.83, 108.83, 124.45, 75.22]}
{'stock_no': [], 'deal_power': []}
timer600틱 끝 timer1 재시작
timer600틱 시작 timer1 중지
-----
10분에 한번씩 클럭 발생::체결강도 전송 실행시간 : 14:00:00
계좌평가잔고내역요청 전송
000120;000810;001040;002380;002790;003670;004800;004990;005380;006280;008560;009540;017670;018880;024110;034730;035250;035420;069960;078340;097950;139480;316140;
23
{'stock_no': ['000120', '000810', '001040', '002380', '002790', '003670', '004800', '004990', '005380', '006280', '008560', '009540', '017670', '018880', '024110', '034730', '035250', '035420', '069960', '078340', '097950', '139480', '316140'], 'stock_name': ['CJ대한통운', '삼성화재', 'CJ', 'KCC', '아모레G', '포스코케미칼', '효성', '롯데지주', '현대차', '녹십자', '메리츠종금증권', '한국조선해양', 'SK텔레콤', '한온시스템', '기업은행', 'SK', '강원랜드', 'NAVER', '현대백화점', '컴투스', 'CJ제일제당', '이마트', '우리금융지주'], 'market_in_price': [134500, 272500, 103000, 278500, 66700, 55600, 75500, 44750, 142500, 127000, 5600, 123500, 262000, 11750, 14150, 239000, 31050, 120500, 81500, 104800, 301000, 144500, 14100], 'myhave_cnt': [8, 5, 14, 4, 17, 21, 15, 33, 10, 9, 266, 12, 5, 100, 84, 6, 48, 9, 14, 14, 4, 8, 84], 'run_price': [131000, 260500, 95800, 260000, 62800, 51200, 72500, 40300, 137000, 116000, 5240, 114000, 256000, 11350, 13550, 220000, 29600, 116500, 79000, 97600, 284500, 138500, 13650], 'sell_price': [131500, 261000, 95800, 260000, 62900, 51300, 72600, 40300, 137500, 116000, 5250, 114000, 256500, 11350, 13600, 220500, 29650, 116500, 79000, 97600, 284500, 139000, 13700], 'sell_cnt': [1471, 2618, 109, 556, 2029, 5167, 644, 7230, 15614, 1414, 18792, 7134, 2116, 43347, 29734, 2975, 10277, 6268, 97, 29, 422, 3056, 117475], 'buy_price': [131000, 260500, 95700, 259500, 62800, 51200, 72500, 40250, 137000, 115500, 5240, 113500, 256000, 11300, 13550, 220000, 29600, 116000, 78900, 97500, 284000, 138500, 13650], 'buy_cnt': [959, 3306, 620, 200, 2139, 3365, 433, 172, 33097, 468, 28051, 2339, 1369, 60707, 111326, 9231, 19505, 176, 359, 64, 148, 5771, 109079], 'vol_cnt': [21333, 33940, 36457, 9200, 68675, 190716, 20799, 111961, 414522, 28940, 754648, 78683, 85223, 469431, 415779, 57764, 559241, 191200, 25312, 22668, 7284, 32100, 320487], 'deal_power': [89.01, 127.74, 89.42, 50.65, 180.19, 91.58, 99.12, 60.62, 79.0, 34.95, 89.92, 101.4, 152.59, 151.62, 112.14, 85.02, 95.11, 66.76, 76.3, 76.92, 107.84, 127.82, 73.07]}
{'stock_no': [], 'deal_power': []}
timer600틱 끝 timer1 재시작
timer600틱 시작 timer1 중지
-----
10분에 한번씩 클럭 발생::체결강도 전송 실행시간 : 14:10:00
계좌평가잔고내역요청 전송
000120;000810;001040;002380;002790;003670;004800;004990;005380;006280;008560;009540;017670;018880;024110;034730;035250;035420;069960;078340;097950;139480;316140;
23
{'stock_no': ['000120', '000810', '001040', '002380', '002790', '003670', '004800', '004990', '005380', '006280', '008560', '009540', '017670', '018880', '024110', '034730', '035250', '035420', '069960', '078340', '097950', '139480', '316140'], 'stock_name': ['CJ대한통운', '삼성화재', 'CJ', 'KCC', '아모레G', '포스코케미칼', '효성', '롯데지주', '현대차', '녹십자', '메리츠종금증권', '한국조선해양', 'SK텔레콤', '한온시스템', '기업은행', 'SK', '강원랜드', 'NAVER', '현대백화점', '컴투스', 'CJ제일제당', '이마트', '우리금융지주'], 'market_in_price': [134500, 272500, 103000, 278500, 66700, 55600, 75500, 44750, 142500, 127000, 5600, 123500, 262000, 11750, 14150, 239000, 31050, 120500, 81500, 104800, 301000, 144500, 14100], 'myhave_cnt': [8, 5, 14, 4, 17, 21, 15, 33, 10, 9, 266, 12, 5, 100, 84, 6, 48, 9, 14, 14, 4, 8, 84], 'run_price': [131000, 260500, 95600, 259000, 62600, 51100, 72500, 40250, 137500, 115500, 5250, 114000, 255500, 11300, 13600, 219500, 29550, 116000, 78900, 97800, 284000, 139000, 13650], 'sell_price': [131500, 261000, 95700, 259500, 62700, 51100, 72600, 40250, 137500, 116000, 5250, 114000, 255500, 11350, 13600, 220000, 29600, 116500, 79000, 97800, 284000, 139000, 13700], 'sell_cnt': [1298, 2960, 584, 232, 2813, 12495, 699, 7056, 21843, 1805, 11618, 6199, 1142, 41007, 34652, 2053, 5881, 8123, 148, 176, 618, 2985, 124621], 'buy_price': [131000, 260500, 95600, 259000, 62600, 51000, 72500, 40200, 137000, 115500, 5240, 113500, 255000, 11300, 13550, 219500, 29550, 116000, 78900, 97700, 283500, 138500, 13650], 'buy_cnt': [927, 3723, 3, 140, 917, 7373, 352, 4128, 33744, 826, 28746, 223, 1881, 62615, 109049, 5785, 7075, 4667, 24, 234, 505, 5168, 116368], 'vol_cnt': [21915, 34885, 37383, 9638, 71722, 205695, 21169, 115900, 419938, 29140, 776915, 80552, 95088, 484936, 421964, 67817, 577051, 194339, 26067, 23245, 7579, 33332, 328455], 'deal_power': [91.22, 127.31, 87.17, 51.76, 161.67, 81.83, 100.12, 59.57, 80.33, 34.93, 93.92, 99.14, 131.66, 156.03, 112.33, 65.72, 93.29, 68.09, 76.62, 78.67, 105.79, 132.55, 72.73]}
{'stock_no': [], 'deal_power': []}
timer600틱 끝 timer1 재시작
timer600틱 시작 timer1 중지
-----
10분에 한번씩 클럭 발생::체결강도 전송 실행시간 : 14:20:00
계좌평가잔고내역요청 전송
000120;000810;001040;002380;002790;003670;004800;004990;005380;006280;008560;009540;017670;018880;024110;034730;035250;035420;069960;078340;097950;139480;316140;
23
{'stock_no': ['000120', '000810', '001040', '002380', '002790', '003670', '004800', '004990', '005380', '006280', '008560', '009540', '017670', '018880', '024110', '034730', '035250', '035420', '069960', '078340', '097950', '139480', '316140'], 'stock_name': ['CJ대한통운', '삼성화재', 'CJ', 'KCC', '아모레G', '포스코케미칼', '효성', '롯데지주', '현대차', '녹십자', '메리츠종금증권', '한국조선해양', 'SK텔레콤', '한온시스템', '기업은행', 'SK', '강원랜드', 'NAVER', '현대백화점', '컴투스', 'CJ제일제당', '이마트', '우리금융지주'], 'market_in_price': [134500, 272500, 103000, 278500, 66700, 55600, 75500, 44750, 142500, 127000, 5600, 123500, 262000, 11750, 14150, 239000, 31050, 120500, 81500, 104800, 301000, 144500, 14100], 'myhave_cnt': [8, 5, 14, 4, 17, 21, 15, 33, 10, 9, 266, 12, 5, 100, 84, 6, 48, 9, 14, 14, 4, 8, 84], 'run_price': [131000, 261000, 95700, 259000, 62600, 51200, 72500, 40250, 137000, 115500, 5240, 113500, 255500, 11300, 13550, 220000, 29600, 116500, 78900, 97700, 284000, 139000, 13650], 'sell_price': [131500, 261000, 95800, 259500, 62700, 51200, 72600, 40250, 137000, 116000, 5250, 114000, 255500, 11350, 13600, 220000, 29650, 116500, 79000, 97700, 284000, 139000, 13700], 'sell_cnt': [1570, 2552, 362, 470, 2741, 1030, 493, 5537, 17593, 1825, 20938, 6848, 1744, 44863, 32317, 26, 4037, 7958, 76, 122, 684, 3122, 132248], 'buy_price': [131000, 260500, 95700, 259000, 62600, 51100, 72500, 40200, 136500, 115500, 5240, 113500, 255000, 11300, 13550, 219500, 29600, 116000, 78900, 97600, 283500, 138500, 13650], 'buy_cnt': [161, 3586, 111, 224, 1233, 934, 554, 5238, 27520, 1057, 24784, 1906, 2424, 60899, 109663, 7241, 3484, 1006, 423, 240, 431, 4847, 133220], 'vol_cnt': [22858, 35781, 38080, 10034, 72264, 237930, 21724, 122794, 460124, 29331, 792699, 81318, 96932, 495619, 430019, 70813, 592692, 199740, 26731, 24173, 7875, 33918, 336801], 'deal_power': [85.56, 129.24, 88.4, 53.89, 160.03, 89.05, 103.34, 64.34, 70.55, 34.91, 93.85, 98.33, 128.47, 157.57, 113.57, 68.77, 95.93, 67.01, 79.4, 77.46, 102.01, 134.62, 70.06]}
{'stock_no': [], 'deal_power': []}
timer600틱 끝 timer1 재시작
timer600틱 시작 timer1 중지
-----
10분에 한번씩 클럭 발생::체결강도 전송 실행시간 : 14:30:00
계좌평가잔고내역요청 전송
000120;000810;001040;002380;002790;003670;004800;004990;005380;006280;008560;009540;017670;018880;024110;034730;035250;035420;069960;078340;097950;139480;316140;
23
{'stock_no': ['000120', '000810', '001040', '002380', '002790', '003670', '004800', '004990', '005380', '006280', '008560', '009540', '017670', '018880', '024110', '034730', '035250', '035420', '069960', '078340', '097950', '139480', '316140'], 'stock_name': ['CJ대한통운', '삼성화재', 'CJ', 'KCC', '아모레G', '포스코케미칼', '효성', '롯데지주', '현대차', '녹십자', '메리츠종금증권', '한국조선해양', 'SK텔레콤', '한온시스템', '기업은행', 'SK', '강원랜드', 'NAVER', '현대백화점', '컴투스', 'CJ제일제당', '이마트', '우리금융지주'], 'market_in_price': [134500, 272500, 103000, 278500, 66700, 55600, 75500, 44750, 142500, 127000, 5600, 123500, 262000, 11750, 14150, 239000, 31050, 120500, 81500, 104800, 301000, 144500, 14100], 'myhave_cnt': [8, 5, 14, 4, 17, 21, 15, 33, 10, 9, 266, 12, 5, 100, 84, 6, 48, 9, 14, 14, 4, 8, 84], 'run_price': [130500, 261000, 95700, 259000, 62600, 51200, 72500, 40200, 136500, 115500, 5240, 113500, 256000, 11300, 13600, 220000, 29750, 116500, 79000, 97800, 283500, 139000, 13650], 'sell_price': [131000, 261000, 95800, 259500, 62700, 51300, 72600, 40250, 137000, 116000, 5250, 114000, 256000, 11350, 13600, 220500, 29750, 116500, 79100, 97800, 284000, 139000, 13700], 'sell_cnt': [753, 2534, 708, 22, 3515, 1109, 372, 5442, 26305, 1815, 20723, 6200, 4407, 45562, 30433, 1658, 7277, 8906, 261, 189, 501, 2542, 110835], 'buy_price': [130500, 260500, 95700, 259000, 62600, 51200, 72500, 40200, 136500, 115500, 5240, 113500, 255500, 11300, 13550, 220000, 29700, 116000, 79000, 97700, 283500, 138500, 13650], 'buy_cnt': [1936, 3255, 198, 327, 1092, 532, 628, 3493, 25363, 2185, 34311, 3406, 4550, 59927, 105081, 2089, 2268, 2329, 90, 219, 635, 5967, 90598], 'vol_cnt': [23546, 36959, 38410, 10456, 73263, 244288, 22232, 126737, 465708, 29563, 809441, 82059, 100627, 508792, 440485, 72551, 605268, 202700, 28227, 24702, 8163, 35806, 368235], 'deal_power': [83.34, 127.5, 88.98, 57.14, 159.65, 89.03, 105.99, 63.75, 70.0, 35.02, 94.27, 98.04, 127.1, 160.16, 115.24, 69.33, 98.79, 67.19, 81.46, 80.51, 104.74, 134.8, 63.82]}
{'stock_no': [], 'deal_power': []}
timer600틱 끝 timer1 재시작
timer600틱 시작 timer1 중지
-----
10분에 한번씩 클럭 발생::체결강도 전송 실행시간 : 14:40:00
계좌평가잔고내역요청 전송
000120;000810;001040;002380;002790;003670;004800;004990;005380;006280;008560;009540;017670;018880;024110;034730;035250;035420;069960;078340;097950;139480;316140;
23
{'stock_no': ['000120', '000810', '001040', '002380', '002790', '003670', '004800', '004990', '005380', '006280', '008560', '009540', '017670', '018880', '024110', '034730', '035250', '035420', '069960', '078340', '097950', '139480', '316140'], 'stock_name': ['CJ대한통운', '삼성화재', 'CJ', 'KCC', '아모레G', '포스코케미칼', '효성', '롯데지주', '현대차', '녹십자', '메리츠종금증권', '한국조선해양', 'SK텔레콤', '한온시스템', '기업은행', 'SK', '강원랜드', 'NAVER', '현대백화점', '컴투스', 'CJ제일제당', '이마트', '우리금융지주'], 'market_in_price': [134500, 272500, 103000, 278500, 66700, 55600, 75500, 44750, 142500, 127000, 5600, 123500, 262000, 11750, 14150, 239000, 31050, 120500, 81500, 104800, 301000, 144500, 14100], 'myhave_cnt': [8, 5, 14, 4, 17, 21, 15, 33, 10, 9, 266, 12, 5, 100, 84, 6, 48, 9, 14, 14, 4, 8, 84], 'run_price': [130500, 261000, 95700, 260500, 62700, 51300, 72600, 40400, 137000, 116000, 5250, 114000, 255500, 11350, 13600, 220000, 29750, 116500, 79200, 97700, 284000, 138500, 13700], 'sell_price': [131000, 261000, 95700, 261000, 62700, 51300, 72600, 40400, 137000, 116000, 5250, 114000, 255500, 11400, 13600, 220500, 29800, 116500, 79200, 97800, 284000, 139000, 13700], 'sell_cnt': [879, 2465, 6, 228, 5194, 304, 447, 671, 19936, 1463, 7508, 7073, 958, 28798, 38701, 1527, 5273, 7631, 173, 45, 677, 633, 100800], 'buy_price': [130500, 260500, 95600, 260500, 62600, 51200, 72500, 40350, 136500, 115500, 5240, 113500, 255000, 11350, 13550, 220000, 29750, 116000, 79100, 97600, 283500, 138500, 13650], 'buy_cnt': [2187, 2718, 388, 37, 1733, 1201, 565, 246, 26205, 2433, 30136, 2070, 1875, 42295, 97467, 2021, 986, 4437, 164, 52, 585, 5994, 108843], 'vol_cnt': [24048, 37894, 39910, 10789, 74417, 249997, 22590, 138742, 470088, 30080, 832789, 83244, 103788, 621206, 461329, 74245, 629000, 211851, 29298, 26540, 8325, 38270, 382054], 'deal_power': [82.13, 127.39, 88.17, 58.76, 161.97, 90.0, 107.72, 76.03, 70.34, 36.4, 96.5, 96.88, 120.78, 203.97, 109.7, 71.08, 101.02, 68.93, 84.97, 80.43, 104.9, 149.72, 63.82]}
{'stock_no': [], 'deal_power': []}
timer600틱 끝 timer1 재시작
timer600틱 시작 timer1 중지
-----
10분에 한번씩 클럭 발생::체결강도 전송 실행시간 : 14:50:00
계좌평가잔고내역요청 전송
000120;000810;001040;002380;002790;003670;004800;004990;005380;006280;008560;009540;017670;018880;024110;034730;035250;035420;069960;078340;097950;139480;316140;
23
{'stock_no': ['000120', '000810', '001040', '002380', '002790', '003670', '004800', '004990', '005380', '006280', '008560', '009540', '017670', '018880', '024110', '034730', '035250', '035420', '069960', '078340', '097950', '139480', '316140'], 'stock_name': ['CJ대한통운', '삼성화재', 'CJ', 'KCC', '아모레G', '포스코케미칼', '효성', '롯데지주', '현대차', '녹십자', '메리츠종금증권', '한국조선해양', 'SK텔레콤', '한온시스템', '기업은행', 'SK', '강원랜드', 'NAVER', '현대백화점', '컴투스', 'CJ제일제당', '이마트', '우리금융지주'], 'market_in_price': [134500, 272500, 103000, 278500, 66700, 55600, 75500, 44750, 142500, 127000, 5600, 123500, 262000, 11750, 14150, 239000, 31050, 120500, 81500, 104800, 301000, 144500, 14100], 'myhave_cnt': [8, 5, 14, 4, 17, 21, 15, 33, 10, 9, 266, 12, 5, 100, 84, 6, 48, 9, 14, 14, 4, 8, 84], 'run_price': [130500, 260500, 95600, 260000, 62600, 51300, 72600, 40300, 137000, 115500, 5260, 113500, 254500, 11400, 13550, 220000, 29800, 116500, 79200, 97500, 284000, 138500, 13650], 'sell_price': [131000, 261000, 95700, 260500, 62600, 51400, 72600, 40300, 137500, 116000, 5260, 114000, 255000, 11400, 13600, 220500, 29850, 116500, 79200, 97600, 284000, 139000, 13700], 'sell_cnt': [1351, 2351, 522, 34, 3474, 1270, 428, 2715, 21122, 1372, 9072, 7985, 197, 38329, 34851, 1470, 1582, 8722, 190, 90, 763, 1142, 98565], 'buy_price': [130500, 260500, 95600, 260000, 62500, 51300, 72500, 40250, 137000, 115500, 5250, 113500, 254500, 11350, 13550, 220000, 29800, 116000, 79100, 97500, 283500, 138500, 13650], 'buy_cnt': [1979, 2141, 215, 338, 3039, 1210, 717, 4399, 15819, 2592, 35939, 2012, 5609, 40273, 93705, 2320, 3948, 3354, 33, 31, 574, 5571, 125428], 'vol_cnt': [24570, 39189, 40337, 11098, 80128, 253296, 22965, 142296, 488064, 30354, 853761, 85228, 107673, 642343, 473928, 76213, 642884, 215284, 30665, 27619, 8549, 39681, 394482], 'deal_power': [81.58, 124.14, 88.05, 60.52, 160.76, 90.97, 109.21, 75.95, 75.74, 36.63, 100.59, 93.86, 116.32, 196.53, 108.5, 73.15, 103.9, 68.93, 85.88, 79.93, 103.54, 149.85, 63.26]}
{'stock_no': [], 'deal_power': []}
timer600틱 끝 timer1 재시작
timer600틱 시작 timer1 중지
-----
10분에 한번씩 클럭 발생::체결강도 전송 실행시간 : 15:00:00
계좌평가잔고내역요청 전송
000120;000810;001040;002380;002790;003670;004800;004990;005380;006280;008560;009540;017670;018880;024110;034730;035250;035420;069960;078340;097950;139480;316140;
23
{'stock_no': ['000120', '000810', '001040', '002380', '002790', '003670', '004800', '004990', '005380', '006280', '008560', '009540', '017670', '018880', '024110', '034730', '035250', '035420', '069960', '078340', '097950', '139480', '316140'], 'stock_name': ['CJ대한통운', '삼성화재', 'CJ', 'KCC', '아모레G', '포스코케미칼', '효성', '롯데지주', '현대차', '녹십자', '메리츠종금증권', '한국조선해양', 'SK텔레콤', '한온시스템', '기업은행', 'SK', '강원랜드', 'NAVER', '현대백화점', '컴투스', 'CJ제일제당', '이마트', '우리금융지주'], 'market_in_price': [134500, 272500, 103000, 278500, 66700, 55600, 75500, 44750, 142500, 127000, 5600, 123500, 262000, 11750, 14150, 239000, 31050, 120500, 81500, 104800, 301000, 144500, 14100], 'myhave_cnt': [8, 5, 14, 4, 17, 21, 15, 33, 10, 9, 266, 12, 5, 100, 84, 6, 48, 9, 14, 14, 4, 8, 84], 'run_price': [130500, 261000, 95600, 261500, 62700, 51200, 72700, 40250, 136500, 115500, 5270, 113500, 255000, 11350, 13550, 220000, 29800, 116000, 79200, 96100, 284000, 138500, 13650], 'sell_price': [131000, 261500, 95600, 262000, 62800, 51300, 72800, 40300, 137000, 116000, 5270, 114000, 255500, 11400, 13600, 220500, 29850, 116500, 79200, 96200, 284000, 139000, 13700], 'sell_cnt': [1265, 1422, 329, 272, 991, 1671, 181, 2989, 8965, 2053, 18768, 8621, 668, 42506, 27526, 1353, 5514, 8229, 55, 108, 695, 1985, 100506], 'buy_price': [130500, 261000, 95500, 261500, 62600, 51200, 72700, 40250, 136500, 115500, 5260, 113500, 255000, 11350, 13550, 220000, 29800, 116000, 79100, 96000, 283500, 138500, 13650], 'buy_cnt': [1801, 1745, 52, 185, 454, 244, 172, 563, 23798, 2937, 25576, 946, 6889, 25417, 84747, 1791, 5944, 2052, 293, 159, 653, 5569, 84292], 'vol_cnt': [25194, 44912, 41720, 11686, 86785, 258284, 24275, 149390, 510527, 30658, 878140, 87567, 110477, 670671, 489518, 78607, 659092, 221348, 32016, 29100, 8901, 40787, 406760], 'deal_power': [83.4, 127.02, 89.99, 65.92, 178.42, 89.32, 114.23, 78.27, 71.64, 36.84, 103.73, 92.06, 113.97, 186.57, 110.02, 75.42, 107.97, 67.44, 88.62, 76.73, 104.81, 151.1, 61.38]}
{'stock_no': [], 'deal_power': []}
timer600틱 끝 timer1 재시작
timer600틱 시작 timer1 중지
-----
10분에 한번씩 클럭 발생::체결강도 전송 실행시간 : 15:10:00
계좌평가잔고내역요청 전송
000120;000810;001040;002380;002790;003670;004800;004990;005380;006280;008560;009540;017670;018880;024110;034730;035250;035420;069960;078340;097950;139480;316140;
23
{'stock_no': ['000120', '000810', '001040', '002380', '002790', '003670', '004800', '004990', '005380', '006280', '008560', '009540', '017670', '018880', '024110', '034730', '035250', '035420', '069960', '078340', '097950', '139480', '316140'], 'stock_name': ['CJ대한통운', '삼성화재', 'CJ', 'KCC', '아모레G', '포스코케미칼', '효성', '롯데지주', '현대차', '녹십자', '메리츠종금증권', '한국조선해양', 'SK텔레콤', '한온시스템', '기업은행', 'SK', '강원랜드', 'NAVER', '현대백화점', '컴투스', 'CJ제일제당', '이마트', '우리금융지주'], 'market_in_price': [134500, 272500, 103000, 278500, 66700, 55600, 75500, 44750, 142500, 127000, 5600, 123500, 262000, 11750, 14150, 239000, 31050, 120500, 81500, 104800, 301000, 144500, 14100], 'myhave_cnt': [8, 5, 14, 4, 17, 21, 15, 33, 10, 9, 266, 12, 5, 100, 84, 6, 48, 9, 14, 14, 4, 8, 84], 'run_price': [131000, 261000, 95500, 261500, 62700, 51300, 72500, 40300, 136500, 115500, 5260, 113500, 255000, 11350, 13600, 220000, 29850, 116000, 79100, 95600, 284000, 138500, 13650], 'sell_price': [131000, 261500, 95600, 261500, 62700, 51300, 72600, 40300, 137000, 116000, 5260, 114000, 255500, 11400, 13600, 220500, 29850, 116000, 79100, 95700, 284000, 139000, 13700], 'sell_cnt': [1410, 1368, 256, 311, 504, 3640, 478, 3914, 10039, 2165, 18883, 7938, 2639, 31953, 24925, 1058, 9708, 7227, 31, 45, 474, 2157, 78057], 'buy_price': [130500, 261000, 95500, 261000, 62600, 51200, 72500, 40250, 136500, 115500, 5250, 113500, 255000, 11350, 13550, 220000, 29800, 115500, 79000, 95600, 283500, 138500, 13650], 'buy_cnt': [1287, 1719, 74, 73, 1048, 2498, 377, 1779, 27240, 2026, 13750, 320, 1601, 20671, 81940, 1508, 6091, 7766, 47, 254, 466, 5474, 75790], 'vol_cnt': [26174, 49334, 44090, 12185, 88912, 261039, 24885, 151327, 513818, 31061, 934771, 90068, 112331, 692191, 502021, 80915, 671857, 228205, 33388, 31261, 9558, 41734, 425922], 'deal_power': [80.86, 132.63, 86.75, 66.56, 182.71, 89.54, 111.28, 77.85, 72.05, 37.33, 99.42, 88.47, 110.81, 186.19, 111.62, 78.9, 109.55, 67.63, 88.33, 74.93, 109.59, 155.8, 61.11]}
{'stock_no': [], 'deal_power': []}
timer600틱 끝 timer1 재시작
timer600틱 시작 timer1 중지
-----
10분에 한번씩 클럭 발생::체결강도 전송 실행시간 : 15:20:00
계좌평가잔고내역요청 전송
000120;000810;001040;002380;002790;003670;004800;004990;005380;006280;008560;009540;017670;018880;024110;034730;035250;035420;069960;078340;097950;139480;316140;
23
{'stock_no': ['000120', '000810', '001040', '002380', '002790', '003670', '004800', '004990', '005380', '006280', '008560', '009540', '017670', '018880', '024110', '034730', '035250', '035420', '069960', '078340', '097950', '139480', '316140'], 'stock_name': ['CJ대한통운', '삼성화재', 'CJ', 'KCC', '아모레G', '포스코케미칼', '효성', '롯데지주', '현대차', '녹십자', '메리츠종금증권', '한국조선해양', 'SK텔레콤', '한온시스템', '기업은행', 'SK', '강원랜드', 'NAVER', '현대백화점', '컴투스', 'CJ제일제당', '이마트', '우리금융지주'], 'market_in_price': [134500, 272500, 103000, 278500, 66700, 55600, 75500, 44750, 142500, 127000, 5600, 123500, 262000, 11750, 14150, 239000, 31050, 120500, 81500, 104800, 301000, 144500, 14100], 'myhave_cnt': [8, 5, 14, 4, 17, 21, 15, 33, 10, 9, 266, 12, 5, 100, 84, 6, 48, 9, 14, 14, 4, 8, 84], 'run_price': [131500, 261000, 95500, 260000, 62600, 51200, 72600, 40300, 136500, 115500, 5250, 113000, 254500, 11300, 13600, 220000, 29750, 116500, 79100, 95100, 284500, 138500, 13700], 'sell_price': [131500, 261500, 95600, 260000, 62600, 51200, 72600, 40300, 137000, 116000, 5250, 113500, 255000, 11350, 13600, 220000, 29750, 116500, 79100, 95500, 284500, 139000, 13700], 'sell_cnt': [1448, 591, 27, 14, 331, 3510, 330, 886, 7138, 2761, 7598, 3872, 371, 25817, 21168, 249, 844, 2068, 489, 44, 47, 2029, 76195], 'buy_price': [131000, 261000, 95500, 259500, 62500, 51100, 72500, 40250, 136500, 115500, 5240, 113000, 254500, 11300, 13550, 219500, 29700, 116000, 78900, 95100, 284000, 138500, 13650], 'buy_cnt': [89, 573, 184, 463, 1041, 2522, 634, 2991, 21166, 1030, 3318, 11375, 1715, 36286, 81360, 8539, 3193, 786, 2186, 237, 308, 4930, 29359], 'vol_cnt': [28100, 52625, 49091, 12758, 91609, 268759, 25389, 157912, 524951, 32231, 967372, 98600, 116493, 721557, 537106, 86091, 687095, 242757, 35407, 34215, 10571, 43184, 486358], 'deal_power': [89.82, 137.09, 89.45, 66.03, 181.48, 86.55, 111.64, 84.7, 74.36, 35.72, 101.23, 99.74, 111.27, 170.81, 115.58, 74.99, 110.18, 73.76, 93.91, 71.27, 125.89, 161.14, 61.18]}
{'stock_no': [], 'deal_power': []}
timer600틱 끝 timer1 재시작
4
장종료 알림 4, 8
8
장종료 알림 4, 8
9
장마감 알림 9
