계좌평가잔고내역요청 전송
000120;000810;001040;002380;002790;003670;004800;004990;005380;006280;008560;009540;017670;018880;024110;034730;035250;035420;069960;078340;097950;139480;316140;
23
{'stock_no': ['000120', '000810', '001040', '002380', '002790', '003670', '004800', '004990', '005380', '006280', '008560', '009540', '017670', '018880', '024110', '034730', '035250', '035420', '069960', '078340', '097950', '139480', '316140'], 'stock_name': ['CJ대한통운', '삼성화재', 'CJ', 'KCC', '아모레G', '포스코케미칼', '효성', '롯데지주', '현대차', '녹십자', '메리츠종금증권', '한국조선해양', 'SK텔레콤', '한온시스템', '기업은행', 'SK', '강원랜드', 'NAVER', '현대백화점', '컴투스', 'CJ제일제당', '이마트', '우리금융지주'], 'market_in_price': [134500, 272500, 103000, 278500, 66700, 55600, 75500, 44750, 142500, 127000, 5600, 123500, 262000, 11750, 14150, 239000, 31050, 120500, 81500, 104800, 301000, 144500, 14100], 'myhave_cnt': [8, 5, 14, 4, 17, 21, 15, 33, 10, 9, 266, 12, 5, 100, 84, 6, 48, 9, 14, 14, 4, 8, 84], 'run_price': [133500, 259000, 100000, 272000, 66600, 55800, 75500, 44350, 141500, 122000, 5310, 118000, 262500, 11550, 13850, 231500, 30850, 121000, 80900, 98100, 294000, 143000, 14050], 'sell_price': [134500, 261000, 100500, 272000, 63300, 56500, 75600, 44350, 141500, 123000, 5360, 118000, 262500, 11700, 13850, 232500, 31100, 122500, 81300, 98800, 296000, 143000, 14050], 'sell_cnt': [1, 20, 91, 1, 2, 359, 50, 70, 321, 23, 19313, 1, 593, 1404, 300, 90, 46, 11483, 96, 1, 5, 2, 4828], 'buy_price': [133500, 260000, 100000, 271000, 63100, 56000, 75500, 44300, 141000, 122000, 5350, 117000, 262000, 11550, 13800, 231500, 30850, 122000, 80900, 98000, 294000, 142500, 14000], 'buy_cnt': [6, 19, 147, 3, 323, 2, 368, 212, 245, 118, 41, 218, 8, 27, 17452, 4, 1, 836, 11, 124, 5, 202, 503], 'vol_cnt': [0, 0, 10, 0, 20, 1, 5, 0, 0, 0, 0, 0, 0, 0, 0, 0, 0, 10, 0, 0, 0, 0, 0], 'deal_power': [0.0, 0.0, 500.0, 0.0, 0.0, 500.0, 500.0, 0.0, 0.0, 0.0, 0.0, 0.0, 0.0, 0.0, 0.0, 0.0, 0.0, 500.0, 0.0, 0.0, 0.0, 0.0, 0.0]}
-----
자동주문 버튼 True 실행시간 : 08:43:27
자동주문 클릭시 timer1 시작
자동주문 클릭시 timer600 시작
3
장시작 알림 3
장시작 알림 3 timer1 재시작
장시작 알림 3 timer600 재시작
timer600틱 시작 timer1 중지
-----
10분에 한번씩 클럭 발생::체결강도 전송 실행시간 : 09:10:00
계좌평가잔고내역요청 전송
000120;000810;001040;002380;002790;003670;004800;004990;005380;006280;008560;009540;017670;018880;024110;034730;035250;035420;069960;078340;097950;139480;316140;
23
{'stock_no': ['000120', '000810', '001040', '002380', '002790', '003670', '004800', '004990', '005380', '006280', '008560', '009540', '017670', '018880', '024110', '034730', '035250', '035420', '069960', '078340', '097950', '139480', '316140'], 'stock_name': ['CJ대한통운', '삼성화재', 'CJ', 'KCC', '아모레G', '포스코케미칼', '효성', '롯데지주', '현대차', '녹십자', '메리츠종금증권', '한국조선해양', 'SK텔레콤', '한온시스템', '기업은행', 'SK', '강원랜드', 'NAVER', '현대백화점', '컴투스', 'CJ제일제당', '이마트', '우리금융지주'], 'market_in_price': [134500, 272500, 103000, 278500, 66700, 55600, 75500, 44750, 142500, 127000, 5600, 123500, 262000, 11750, 14150, 239000, 31050, 120500, 81500, 104800, 301000, 144500, 14100], 'myhave_cnt': [8, 5, 14, 4, 17, 21, 15, 33, 10, 9, 266, 12, 5, 100, 84, 6, 48, 9, 14, 14, 4, 8, 84], 'run_price': [133000, 261000, 100000, 270000, 65600, 54500, 74800, 44050, 141000, 121500, 5260, 117500, 262000, 11650, 13850, 229000, 30550, 120000, 81200, 98200, 292500, 141000, 13950], 'sell_price': [133500, 261000, 100000, 270000, 65700, 54500, 74900, 44050, 141000, 122000, 5270, 118000, 262000, 11650, 13850, 229500, 30600, 120000, 81200, 98400, 293000, 141000, 14000], 'sell_cnt': [332, 677, 519, 27, 217, 384, 39, 34, 1820, 203, 3181, 148, 345, 7872, 30104, 234, 1047, 6352, 205, 60, 35, 808, 5760], 'buy_price': [133000, 260500, 99700, 269500, 65600, 54400, 74800, 44000, 140500, 121500, 5260, 117500, 261000, 11600, 13800, 229000, 30550, 119500, 81100, 98300, 292500, 140500, 13950], 'buy_cnt': [284, 886, 290, 19, 123, 114, 75, 229, 6003, 30, 2721, 1325, 911, 193, 895, 52, 128, 6815, 181, 9, 83, 1385, 1334], 'vol_cnt': [1011, 3321, 2031, 262, 7377, 30640, 1434, 4201, 16435, 685, 22482, 4207, 4903, 19543, 28000, 4342, 9771, 14936, 639, 961, 392, 6292, 23043], 'deal_power': [45.17, 500.0, 65.82, 20.1, 86.39, 41.64, 36.9, 77.47, 199.55, 25.31, 56.9, 23.84, 74.35, 83.16, 21.41, 86.41, 49.19, 28.21, 317.36, 106.57, 142.76, 37.06, 141.53]}
{'stock_no': ['114800', '007310', '069960'], 'deal_power': [389.33, 333.33, 317.36]}
buy_able_money < market_in_pro
0
buy_able_money < market_in_pro
0
timer600틱 끝 timer1 재시작
timer600틱 시작 timer1 중지
-----
10분에 한번씩 클럭 발생::체결강도 전송 실행시간 : 09:20:00
계좌평가잔고내역요청 전송
000120;000810;001040;002380;002790;003670;004800;004990;005380;006280;008560;009540;017670;018880;024110;034730;035250;035420;069960;078340;097950;139480;316140;
23
{'stock_no': ['000120', '000810', '001040', '002380', '002790', '003670', '004800', '004990', '005380', '006280', '008560', '009540', '017670', '018880', '024110', '034730', '035250', '035420', '069960', '078340', '097950', '139480', '316140'], 'stock_name': ['CJ대한통운', '삼성화재', 'CJ', 'KCC', '아모레G', '포스코케미칼', '효성', '롯데지주', '현대차', '녹십자', '메리츠종금증권', '한국조선해양', 'SK텔레콤', '한온시스템', '기업은행', 'SK', '강원랜드', 'NAVER', '현대백화점', '컴투스', 'CJ제일제당', '이마트', '우리금융지주'], 'market_in_price': [134500, 272500, 103000, 278500, 66700, 55600, 75500, 44750, 142500, 127000, 5600, 123500, 262000, 11750, 14150, 239000, 31050, 120500, 81500, 104800, 301000, 144500, 14100], 'myhave_cnt': [8, 5, 14, 4, 17, 21, 15, 33, 10, 9, 266, 12, 5, 100, 84, 6, 48, 9, 14, 14, 4, 8, 84], 'run_price': [132000, 260500, 99800, 270000, 65300, 53500, 74300, 43900, 141000, 121000, 5240, 117000, 261000, 11500, 13800, 228000, 30650, 120500, 80700, 98200, 292000, 140500, 13950], 'sell_price': [132500, 260500, 99900, 270000, 65400, 53600, 74500, 43900, 141000, 121500, 5250, 117500, 261500, 11500, 13800, 228500, 30650, 120500, 80800, 98200, 292500, 140500, 13950], 'sell_cnt': [402, 866, 243, 73, 199, 577, 207, 261, 2390, 142, 9599, 361, 131, 7514, 29656, 616, 1149, 2733, 49, 6, 17, 1329, 7993], 'buy_price': [132000, 260000, 99800, 269500, 65300, 53500, 74300, 43850, 140500, 121000, 5240, 117000, 261000, 11450, 13750, 228000, 30600, 120000, 80700, 98100, 292000, 140000, 13900], 'buy_cnt': [1063, 1649, 540, 107, 84, 2257, 30, 134, 3828, 188, 1644, 2435, 1084, 32711, 51937, 533, 939, 4056, 234, 137, 14, 2986, 20736], 'vol_cnt': [2073, 5583, 2688, 608, 11037, 65306, 3288, 7086, 37174, 886, 65427, 7031, 7743, 40719, 36164, 5634, 15606, 25177, 2718, 2434, 643, 11948, 27652], 'deal_power': [31.48, 137.19, 64.64, 30.11, 99.1, 36.49, 23.58, 85.31, 112.75, 20.92, 53.12, 28.39, 115.44, 75.34, 50.56, 57.16, 117.91, 124.43, 39.07, 31.36, 125.84, 34.26, 111.22]}
{'stock_no': [], 'deal_power': []}
timer600틱 끝 timer1 재시작
timer600틱 시작 timer1 중지
-----
10분에 한번씩 클럭 발생::체결강도 전송 실행시간 : 09:30:00
계좌평가잔고내역요청 전송
000120;000810;001040;002380;002790;003670;004800;004990;005380;006280;008560;009540;017670;018880;024110;034730;035250;035420;069960;078340;097950;139480;316140;
23
{'stock_no': ['000120', '000810', '001040', '002380', '002790', '003670', '004800', '004990', '005380', '006280', '008560', '009540', '017670', '018880', '024110', '034730', '035250', '035420', '069960', '078340', '097950', '139480', '316140'], 'stock_name': ['CJ대한통운', '삼성화재', 'CJ', 'KCC', '아모레G', '포스코케미칼', '효성', '롯데지주', '현대차', '녹십자', '메리츠종금증권', '한국조선해양', 'SK텔레콤', '한온시스템', '기업은행', 'SK', '강원랜드', 'NAVER', '현대백화점', '컴투스', 'CJ제일제당', '이마트', '우리금융지주'], 'market_in_price': [134500, 272500, 103000, 278500, 66700, 55600, 75500, 44750, 142500, 127000, 5600, 123500, 262000, 11750, 14150, 239000, 31050, 120500, 81500, 104800, 301000, 144500, 14100], 'myhave_cnt': [8, 5, 14, 4, 17, 21, 15, 33, 10, 9, 266, 12, 5, 100, 84, 6, 48, 9, 14, 14, 4, 8, 84], 'run_price': [133000, 260500, 99900, 271000, 65600, 53800, 74600, 44100, 141000, 121500, 5280, 117000, 261500, 11500, 13800, 228000, 30550, 120500, 80900, 97800, 292500, 140500, 13900], 'sell_price': [133500, 260500, 99900, 271000, 65600, 53800, 74600, 44100, 141500, 121500, 5280, 117500, 262000, 11550, 13800, 228500, 30600, 120500, 80900, 97900, 292500, 140500, 13950], 'sell_cnt': [467, 729, 305, 54, 110, 171, 202, 187, 3632, 146, 9924, 393, 657, 5681, 33758, 731, 1106, 3693, 88, 87, 30, 3733, 24671], 'buy_price': [133000, 260000, 99800, 270500, 65500, 53700, 74500, 44050, 141000, 121000, 5270, 117000, 261500, 11500, 13750, 228000, 30550, 120000, 80800, 97800, 292000, 140000, 13900], 'buy_cnt': [492, 1647, 552, 166, 561, 89, 106, 31, 3935, 1223, 1536, 2555, 19, 8409, 57576, 500, 741, 6107, 35, 21, 28, 914, 15475], 'vol_cnt': [2770, 10388, 3545, 886, 13498, 89091, 4189, 10649, 49863, 1067, 90445, 10080, 9115, 55020, 40645, 6397, 25916, 28515, 4278, 3373, 814, 19991, 37399], 'deal_power': [78.28, 107.63, 98.99, 84.7, 132.27, 43.62, 35.46, 125.37, 130.57, 29.39, 82.4, 50.7, 112.58, 115.05, 49.15, 59.75, 147.45, 150.58, 56.73, 25.49, 103.15, 36.94, 79.17]}
{'stock_no': [], 'deal_power': []}
timer600틱 끝 timer1 재시작
timer600틱 시작 timer1 중지
-----
10분에 한번씩 클럭 발생::체결강도 전송 실행시간 : 09:40:00
계좌평가잔고내역요청 전송
000120;000810;001040;002380;002790;003670;004800;004990;005380;006280;008560;009540;017670;018880;024110;034730;035250;035420;069960;078340;097950;139480;316140;
23
{'stock_no': ['000120', '000810', '001040', '002380', '002790', '003670', '004800', '004990', '005380', '006280', '008560', '009540', '017670', '018880', '024110', '034730', '035250', '035420', '069960', '078340', '097950', '139480', '316140'], 'stock_name': ['CJ대한통운', '삼성화재', 'CJ', 'KCC', '아모레G', '포스코케미칼', '효성', '롯데지주', '현대차', '녹십자', '메리츠종금증권', '한국조선해양', 'SK텔레콤', '한온시스템', '기업은행', 'SK', '강원랜드', 'NAVER', '현대백화점', '컴투스', 'CJ제일제당', '이마트', '우리금융지주'], 'market_in_price': [134500, 272500, 103000, 278500, 66700, 55600, 75500, 44750, 142500, 127000, 5600, 123500, 262000, 11750, 14150, 239000, 31050, 120500, 81500, 104800, 301000, 144500, 14100], 'myhave_cnt': [8, 5, 14, 4, 17, 21, 15, 33, 10, 9, 266, 12, 5, 100, 84, 6, 48, 9, 14, 14, 4, 8, 84], 'run_price': [134000, 259500, 99600, 272000, 65600, 53900, 74600, 43950, 141500, 121500, 5280, 117000, 261500, 11600, 13750, 226500, 30600, 120500, 80800, 98500, 293000, 140000, 13950], 'sell_price': [134000, 259500, 99600, 272000, 65600, 53900, 74600, 43950, 141500, 121500, 5280, 117500, 262000, 11600, 13800, 227000, 30600, 120500, 80900, 98500, 293500, 140000, 13950], 'sell_cnt': [1059, 874, 164, 169, 106, 134, 150, 1081, 4983, 579, 24388, 2753, 563, 648, 57041, 1, 1491, 1791, 350, 209, 89, 901, 29120], 'buy_price': [133500, 259000, 99500, 271500, 65500, 53800, 74500, 43900, 141000, 121000, 5270, 117000, 261500, 11550, 13750, 226500, 30550, 120000, 80800, 98400, 293000, 139500, 13900], 'buy_cnt': [727, 426, 7, 11, 889, 645, 202, 1396, 8798, 1364, 4106, 3056, 189, 5857, 64995, 1051, 97, 8005, 378, 34, 2, 3016, 27456], 'vol_cnt': [3599, 14771, 5846, 1267, 14676, 99553, 4775, 11364, 53938, 1186, 108288, 11205, 10896, 63784, 44464, 9651, 30455, 35353, 6276, 4199, 1215, 23953, 39946], 'deal_power': [104.31, 80.5, 90.48, 87.58, 142.71, 54.49, 48.28, 120.49, 124.58, 44.89, 71.29, 56.03, 138.17, 131.33, 48.13, 44.21, 171.42, 197.05, 74.04, 46.11, 78.84, 48.2, 80.62]}
{'stock_no': [], 'deal_power': []}
timer600틱 끝 timer1 재시작
timer600틱 시작 timer1 중지
-----
10분에 한번씩 클럭 발생::체결강도 전송 실행시간 : 09:50:00
계좌평가잔고내역요청 전송
000120;000810;001040;002380;002790;003670;004800;004990;005380;006280;008560;009540;017670;018880;024110;034730;035250;035420;069960;078340;097950;139480;316140;
23
{'stock_no': ['000120', '000810', '001040', '002380', '002790', '003670', '004800', '004990', '005380', '006280', '008560', '009540', '017670', '018880', '024110', '034730', '035250', '035420', '069960', '078340', '097950', '139480', '316140'], 'stock_name': ['CJ대한통운', '삼성화재', 'CJ', 'KCC', '아모레G', '포스코케미칼', '효성', '롯데지주', '현대차', '녹십자', '메리츠종금증권', '한국조선해양', 'SK텔레콤', '한온시스템', '기업은행', 'SK', '강원랜드', 'NAVER', '현대백화점', '컴투스', 'CJ제일제당', '이마트', '우리금융지주'], 'market_in_price': [134500, 272500, 103000, 278500, 66700, 55600, 75500, 44750, 142500, 127000, 5600, 123500, 262000, 11750, 14150, 239000, 31050, 120500, 81500, 104800, 301000, 144500, 14100], 'myhave_cnt': [8, 5, 14, 4, 17, 21, 15, 33, 10, 9, 266, 12, 5, 100, 84, 6, 48, 9, 14, 14, 4, 8, 84], 'run_price': [132500, 259500, 99500, 271500, 65500, 53500, 74600, 43650, 141500, 121000, 5280, 117000, 262000, 11550, 13800, 228000, 30600, 120500, 80600, 98600, 291500, 140000, 13900], 'sell_price': [133000, 260000, 99600, 271500, 65500, 53600, 74600, 43700, 141500, 121500, 5280, 117000, 262000, 11550, 13800, 228000, 30600, 121000, 80700, 98700, 291500, 140000, 13950], 'sell_cnt': [221, 660, 184, 115, 436, 423, 123, 1774, 5509, 787, 28177, 1097, 636, 685, 71769, 643, 1025, 15261, 179, 157, 18, 1466, 39523], 'buy_price': [132500, 259500, 99500, 271000, 65400, 53500, 74500, 43650, 141000, 121000, 5270, 116500, 261500, 11500, 13750, 227500, 30550, 120500, 80600, 98600, 291000, 139500, 13900], 'buy_cnt': [747, 636, 181, 171, 325, 10, 86, 316, 5777, 783, 8256, 3748, 1880, 9357, 23101, 375, 1772, 2037, 391, 89, 144, 3484, 21898], 'vol_cnt': [4399, 16912, 6506, 1351, 16313, 112944, 5233, 14396, 62905, 1925, 118631, 16242, 12984, 96250, 69427, 10712, 32846, 45357, 7043, 5260, 1715, 24350, 52240], 'deal_power': [72.99, 93.88, 106.62, 87.52, 147.11, 51.22, 53.72, 78.48, 138.94, 23.02, 70.62, 42.21, 145.88, 83.61, 31.34, 54.15, 187.67, 186.7, 63.99, 63.85, 53.95, 50.27, 51.22]}
{'stock_no': [], 'deal_power': []}
timer600틱 끝 timer1 재시작
timer600틱 시작 timer1 중지
-----
10분에 한번씩 클럭 발생::체결강도 전송 실행시간 : 10:00:00
계좌평가잔고내역요청 전송
000120;000810;001040;002380;002790;003670;004800;004990;005380;006280;008560;009540;017670;018880;024110;034730;035250;035420;069960;078340;097950;139480;316140;
23
{'stock_no': ['000120', '000810', '001040', '002380', '002790', '003670', '004800', '004990', '005380', '006280', '008560', '009540', '017670', '018880', '024110', '034730', '035250', '035420', '069960', '078340', '097950', '139480', '316140'], 'stock_name': ['CJ대한통운', '삼성화재', 'CJ', 'KCC', '아모레G', '포스코케미칼', '효성', '롯데지주', '현대차', '녹십자', '메리츠종금증권', '한국조선해양', 'SK텔레콤', '한온시스템', '기업은행', 'SK', '강원랜드', 'NAVER', '현대백화점', '컴투스', 'CJ제일제당', '이마트', '우리금융지주'], 'market_in_price': [134500, 272500, 103000, 278500, 66700, 55600, 75500, 44750, 142500, 127000, 5600, 123500, 262000, 11750, 14150, 239000, 31050, 120500, 81500, 104800, 301000, 144500, 14100], 'myhave_cnt': [8, 5, 14, 4, 17, 21, 15, 33, 10, 9, 266, 12, 5, 100, 84, 6, 48, 9, 14, 14, 4, 8, 84], 'run_price': [133000, 260500, 99400, 272500, 66000, 53700, 74700, 43550, 141000, 121000, 5310, 116500, 262500, 11550, 13750, 227500, 30800, 121000, 80800, 97900, 293000, 140000, 13900], 'sell_price': [133000, 261000, 99500, 272500, 66100, 53700, 74700, 43600, 141500, 121000, 5320, 117000, 262500, 11600, 13800, 228000, 30850, 121000, 80800, 98100, 293000, 140000, 13900], 'sell_cnt': [1832, 767, 634, 89, 103, 402, 81, 2432, 5598, 633, 10467, 2036, 1780, 11233, 64687, 295, 1309, 17582, 58, 83, 222, 1759, 21034], 'buy_price': [132500, 260500, 99400, 272000, 66000, 53600, 74600, 43550, 141000, 120500, 5310, 116500, 262000, 11550, 13750, 227500, 30800, 120500, 80700, 97900, 292500, 139500, 13850], 'buy_cnt': [264, 921, 331, 119, 266, 173, 83, 568, 6780, 503, 1371, 3927, 235, 7288, 42608, 869, 3, 7408, 207, 13, 188, 3725, 60444], 'vol_cnt': [4594, 17861, 7205, 1885, 19851, 124251, 5728, 18102, 68505, 2877, 223078, 18210, 14698, 101834, 85827, 11584, 39802, 48607, 11762, 6045, 2401, 25184, 78338], 'deal_power': [69.19, 103.77, 88.46, 109.01, 180.2, 51.89, 58.15, 69.74, 146.31, 16.92, 86.19, 51.16, 170.33, 89.13, 32.34, 53.31, 246.13, 181.63, 77.72, 54.54, 84.45, 52.4, 33.55]}
{'stock_no': [], 'deal_power': []}
timer600틱 끝 timer1 재시작
timer600틱 시작 timer1 중지
-----
10분에 한번씩 클럭 발생::체결강도 전송 실행시간 : 10:10:00
계좌평가잔고내역요청 전송
000120;000810;001040;002380;002790;003670;004800;004990;005380;006280;008560;009540;017670;018880;024110;034730;035250;035420;069960;078340;097950;139480;316140;
23
{'stock_no': ['000120', '000810', '001040', '002380', '002790', '003670', '004800', '004990', '005380', '006280', '008560', '009540', '017670', '018880', '024110', '034730', '035250', '035420', '069960', '078340', '097950', '139480', '316140'], 'stock_name': ['CJ대한통운', '삼성화재', 'CJ', 'KCC', '아모레G', '포스코케미칼', '효성', '롯데지주', '현대차', '녹십자', '메리츠종금증권', '한국조선해양', 'SK텔레콤', '한온시스템', '기업은행', 'SK', '강원랜드', 'NAVER', '현대백화점', '컴투스', 'CJ제일제당', '이마트', '우리금융지주'], 'market_in_price': [134500, 272500, 103000, 278500, 66700, 55600, 75500, 44750, 142500, 127000, 5600, 123500, 262000, 11750, 14150, 239000, 31050, 120500, 81500, 104800, 301000, 144500, 14100], 'myhave_cnt': [8, 5, 14, 4, 17, 21, 15, 33, 10, 9, 266, 12, 5, 100, 84, 6, 48, 9, 14, 14, 4, 8, 84], 'run_price': [132500, 260500, 98800, 271000, 65400, 53500, 74700, 43500, 141000, 121000, 5310, 117000, 261500, 11600, 13750, 228000, 30700, 121000, 80600, 98000, 293500, 140000, 13900], 'sell_price': [133000, 260500, 98900, 271000, 65400, 53600, 74700, 43550, 141500, 121000, 5310, 117000, 262000, 11600, 13800, 228500, 30700, 121000, 80600, 98000, 293500, 140000, 13950], 'sell_cnt': [1883, 1211, 296, 120, 141, 309, 89, 2669, 2568, 1208, 12071, 804, 703, 12603, 67027, 1305, 2043, 19729, 114, 6, 97, 3127, 28082], 'buy_price': [132500, 260000, 98700, 270500, 65300, 53500, 74600, 43500, 141000, 120500, 5300, 116500, 261500, 11550, 13750, 228000, 30650, 120500, 80500, 97900, 293000, 139500, 13900], 'buy_cnt': [625, 461, 60, 53, 396, 602, 117, 1460, 8237, 531, 4084, 4724, 615, 7195, 38158, 921, 1433, 6997, 82, 29, 69, 3237, 14219], 'vol_cnt': [4796, 19702, 9346, 2159, 23890, 130701, 5994, 20762, 82759, 3415, 250831, 20682, 15520, 106929, 89923, 12502, 45994, 51256, 13443, 6248, 2899, 27096, 89826], 'deal_power': [69.83, 101.54, 58.92, 86.68, 157.78, 54.15, 63.04, 57.46, 133.66, 15.04, 85.53, 66.39, 163.45, 96.56, 32.9, 64.44, 208.44, 174.68, 78.33, 55.98, 97.31, 56.43, 53.21]}
{'stock_no': [], 'deal_power': []}
timer600틱 끝 timer1 재시작
timer600틱 시작 timer1 중지
-----
10분에 한번씩 클럭 발생::체결강도 전송 실행시간 : 10:20:00
계좌평가잔고내역요청 전송
000120;000810;001040;002380;002790;003670;004800;004990;005380;006280;008560;009540;017670;018880;024110;034730;035250;035420;069960;078340;097950;139480;316140;
23
{'stock_no': ['000120', '000810', '001040', '002380', '002790', '003670', '004800', '004990', '005380', '006280', '008560', '009540', '017670', '018880', '024110', '034730', '035250', '035420', '069960', '078340', '097950', '139480', '316140'], 'stock_name': ['CJ대한통운', '삼성화재', 'CJ', 'KCC', '아모레G', '포스코케미칼', '효성', '롯데지주', '현대차', '녹십자', '메리츠종금증권', '한국조선해양', 'SK텔레콤', '한온시스템', '기업은행', 'SK', '강원랜드', 'NAVER', '현대백화점', '컴투스', 'CJ제일제당', '이마트', '우리금융지주'], 'market_in_price': [134500, 272500, 103000, 278500, 66700, 55600, 75500, 44750, 142500, 127000, 5600, 123500, 262000, 11750, 14150, 239000, 31050, 120500, 81500, 104800, 301000, 144500, 14100], 'myhave_cnt': [8, 5, 14, 4, 17, 21, 15, 33, 10, 9, 266, 12, 5, 100, 84, 6, 48, 9, 14, 14, 4, 8, 84], 'run_price': [133000, 260500, 98800, 270500, 65000, 53100, 74500, 43550, 141000, 120500, 5310, 117000, 263000, 11550, 13800, 228000, 30800, 120500, 79900, 97600, 293000, 139500, 13950], 'sell_price': [133000, 261000, 98800, 271000, 65100, 53200, 74500, 43550, 141000, 120500, 5310, 117000, 263500, 11550, 13800, 228000, 30800, 120500, 80000, 97600, 293000, 140000, 13950], 'sell_cnt': [658, 664, 598, 98, 1079, 1884, 370, 4157, 7939, 758, 14441, 430, 1021, 10547, 64869, 728, 2468, 8281, 1071, 69, 191, 2026, 27877], 'buy_price': [132500, 260500, 98700, 270500, 65000, 53100, 74400, 43500, 140500, 120000, 5300, 116500, 263000, 11500, 13750, 227500, 30750, 120000, 79900, 97500, 292500, 139500, 13900], 'buy_cnt': [603, 684, 106, 40, 543, 4292, 399, 793, 6389, 1225, 5732, 4720, 112, 8466, 56532, 604, 2930, 7449, 854, 43, 54, 91, 13633], 'vol_cnt': [4895, 20886, 10354, 2368, 26852, 153954, 6440, 21921, 91884, 3980, 259927, 21911, 20781, 144206, 96561, 13650, 52032, 59941, 24341, 6691, 3175, 34379, 97149], 'deal_power': [69.85, 109.76, 61.66, 84.76, 136.94, 48.54, 60.86, 52.97, 115.33, 14.33, 85.59, 76.2, 245.44, 73.6, 35.35, 58.41, 238.5, 129.65, 46.86, 51.5, 88.86, 56.65, 58.07]}
{'stock_no': [], 'deal_power': []}
timer600틱 끝 timer1 재시작
timer600틱 시작 timer1 중지
-----
10분에 한번씩 클럭 발생::체결강도 전송 실행시간 : 10:30:00
계좌평가잔고내역요청 전송
000120;000810;001040;002380;002790;003670;004800;004990;005380;006280;008560;009540;017670;018880;024110;034730;035250;035420;069960;078340;097950;139480;316140;
23
{'stock_no': ['000120', '000810', '001040', '002380', '002790', '003670', '004800', '004990', '005380', '006280', '008560', '009540', '017670', '018880', '024110', '034730', '035250', '035420', '069960', '078340', '097950', '139480', '316140'], 'stock_name': ['CJ대한통운', '삼성화재', 'CJ', 'KCC', '아모레G', '포스코케미칼', '효성', '롯데지주', '현대차', '녹십자', '메리츠종금증권', '한국조선해양', 'SK텔레콤', '한온시스템', '기업은행', 'SK', '강원랜드', 'NAVER', '현대백화점', '컴투스', 'CJ제일제당', '이마트', '우리금융지주'], 'market_in_price': [134500, 272500, 103000, 278500, 66700, 55600, 75500, 44750, 142500, 127000, 5600, 123500, 262000, 11750, 14150, 239000, 31050, 120500, 81500, 104800, 301000, 144500, 14100], 'myhave_cnt': [8, 5, 14, 4, 17, 21, 15, 33, 10, 9, 266, 12, 5, 100, 84, 6, 48, 9, 14, 14, 4, 8, 84], 'run_price': [132500, 260500, 98700, 271000, 64800, 53100, 74400, 43250, 140500, 120500, 5280, 116000, 263000, 11500, 13800, 228500, 30950, 119500, 80000, 97800, 294000, 140000, 13950], 'sell_price': [133000, 260500, 98700, 271000, 64900, 53200, 74500, 43250, 141000, 120500, 5280, 116500, 263000, 11550, 13800, 228500, 30950, 119500, 80000, 97900, 294000, 140000, 13950], 'sell_cnt': [1194, 762, 461, 42, 754, 926, 240, 175, 4751, 1031, 15181, 1826, 2654, 10861, 66210, 729, 1959, 4126, 2797, 116, 226, 2310, 29682], 'buy_price': [132500, 260000, 98600, 270500, 64800, 53100, 74400, 43200, 140500, 120000, 5270, 116000, 262500, 11500, 13750, 228000, 30900, 119000, 79900, 97800, 293500, 139500, 13900], 'buy_cnt': [576, 910, 865, 126, 477, 247, 41, 986, 12858, 1080, 5020, 4793, 216, 444, 61360, 805, 2183, 9750, 1247, 37, 59, 267, 18095], 'vol_cnt': [5217, 22749, 11340, 2516, 29485, 183329, 7251, 31278, 95460, 4452, 291286, 26980, 22812, 162111, 98965, 14150, 59101, 77495, 29021, 7546, 3605, 35429, 100465], 'deal_power': [66.4, 97.97, 73.73, 79.05, 124.5, 47.21, 57.8, 36.65, 117.21, 13.67, 80.51, 60.82, 227.45, 74.56, 35.32, 63.31, 246.35, 78.19, 53.92, 51.14, 91.56, 57.46, 60.6]}
{'stock_no': [], 'deal_power': []}
timer600틱 끝 timer1 재시작
timer600틱 시작 timer1 중지
-----
10분에 한번씩 클럭 발생::체결강도 전송 실행시간 : 10:40:00
계좌평가잔고내역요청 전송
000120;000810;001040;002380;002790;003670;004800;004990;005380;006280;008560;009540;017670;018880;024110;034730;035250;035420;069960;078340;097950;139480;316140;
23
{'stock_no': ['000120', '000810', '001040', '002380', '002790', '003670', '004800', '004990', '005380', '006280', '008560', '009540', '017670', '018880', '024110', '034730', '035250', '035420', '069960', '078340', '097950', '139480', '316140'], 'stock_name': ['CJ대한통운', '삼성화재', 'CJ', 'KCC', '아모레G', '포스코케미칼', '효성', '롯데지주', '현대차', '녹십자', '메리츠종금증권', '한국조선해양', 'SK텔레콤', '한온시스템', '기업은행', 'SK', '강원랜드', 'NAVER', '현대백화점', '컴투스', 'CJ제일제당', '이마트', '우리금융지주'], 'market_in_price': [134500, 272500, 103000, 278500, 66700, 55600, 75500, 44750, 142500, 127000, 5600, 123500, 262000, 11750, 14150, 239000, 31050, 120500, 81500, 104800, 301000, 144500, 14100], 'myhave_cnt': [8, 5, 14, 4, 17, 21, 15, 33, 10, 9, 266, 12, 5, 100, 84, 6, 48, 9, 14, 14, 4, 8, 84], 'run_price': [133000, 260500, 98700, 269500, 64200, 53100, 74200, 43150, 140500, 120500, 5260, 116000, 261500, 11500, 13800, 228500, 30800, 119500, 80100, 97100, 294000, 140000, 13950], 'sell_price': [133000, 260500, 98700, 270000, 64300, 53100, 74200, 43150, 141000, 120500, 5270, 116500, 262000, 11500, 13800, 228500, 30800, 119500, 80100, 97200, 294500, 140000, 13950], 'sell_cnt': [1602, 744, 1040, 125, 773, 1671, 195, 2347, 5571, 1994, 6553, 781, 1127, 8837, 72948, 1658, 969, 7839, 83, 87, 86, 1995, 41440], 'buy_price': [132500, 260000, 98600, 269500, 64200, 53000, 74100, 43100, 140500, 120000, 5260, 116000, 261500, 11450, 13750, 228000, 30750, 119000, 80000, 97000, 294000, 139500, 13900], 'buy_cnt': [235, 1649, 802, 150, 141, 388, 890, 1057, 8663, 248, 13439, 5420, 411, 38737, 43169, 634, 1058, 10750, 95, 88, 26, 1881, 16423], 'vol_cnt': [5674, 23714, 12321, 2835, 34001, 193088, 8306, 34274, 106279, 5322, 314309, 28710, 26180, 169693, 101716, 14557, 65192, 79558, 32895, 8438, 4345, 36840, 107660], 'deal_power': [61.39, 101.17, 78.43, 69.65, 112.37, 46.85, 52.09, 32.73, 124.73, 12.92, 75.91, 67.95, 182.47, 77.33, 35.34, 63.66, 218.48, 76.79, 66.78, 46.06, 103.55, 58.28, 61.25]}
{'stock_no': [], 'deal_power': []}
timer600틱 끝 timer1 재시작
timer600틱 시작 timer1 중지
-----
10분에 한번씩 클럭 발생::체결강도 전송 실행시간 : 10:50:00
계좌평가잔고내역요청 전송
000120;000810;001040;002380;002790;003670;004800;004990;005380;006280;008560;009540;017670;018880;024110;034730;035250;035420;069960;078340;097950;139480;316140;
23
{'stock_no': ['000120', '000810', '001040', '002380', '002790', '003670', '004800', '004990', '005380', '006280', '008560', '009540', '017670', '018880', '024110', '034730', '035250', '035420', '069960', '078340', '097950', '139480', '316140'], 'stock_name': ['CJ대한통운', '삼성화재', 'CJ', 'KCC', '아모레G', '포스코케미칼', '효성', '롯데지주', '현대차', '녹십자', '메리츠종금증권', '한국조선해양', 'SK텔레콤', '한온시스템', '기업은행', 'SK', '강원랜드', 'NAVER', '현대백화점', '컴투스', 'CJ제일제당', '이마트', '우리금융지주'], 'market_in_price': [134500, 272500, 103000, 278500, 66700, 55600, 75500, 44750, 142500, 127000, 5600, 123500, 262000, 11750, 14150, 239000, 31050, 120500, 81500, 104800, 301000, 144500, 14100], 'myhave_cnt': [8, 5, 14, 4, 17, 21, 15, 33, 10, 9, 266, 12, 5, 100, 84, 6, 48, 9, 14, 14, 4, 8, 84], 'run_price': [132500, 261000, 98600, 269500, 64500, 53300, 73800, 43150, 140500, 120000, 5290, 117000, 261000, 11550, 13750, 227000, 30850, 119500, 79800, 97800, 294000, 140000, 13950], 'sell_price': [132500, 261000, 98600, 270000, 64700, 53300, 73800, 43150, 141000, 120500, 5300, 117000, 261500, 11550, 13800, 227500, 30850, 120000, 79800, 97900, 294000, 140000, 13950], 'sell_cnt': [1865, 436, 1274, 240, 1274, 998, 198, 312, 7456, 2044, 35307, 3550, 151, 11062, 74445, 1409, 3477, 4591, 1802, 104, 303, 1369, 41458], 'buy_price': [132000, 260500, 98500, 269500, 64500, 53200, 73700, 43100, 140500, 120000, 5290, 116500, 261000, 11500, 13750, 227000, 30800, 119500, 79700, 97700, 293500, 139500, 13900], 'buy_cnt': [1687, 922, 2528, 233, 130, 330, 271, 354, 12168, 366, 14910, 3317, 1744, 6675, 39346, 756, 1353, 1303, 355, 3, 95, 3190, 36230], 'vol_cnt': [6257, 25105, 14875, 2888, 40424, 213093, 10643, 40710, 109013, 6078, 374888, 32111, 28317, 195161, 116864, 17070, 75905, 104946, 39809, 10642, 4813, 39924, 114514], 'deal_power': [55.1, 112.68, 74.35, 70.18, 130.78, 46.23, 41.94, 37.85, 126.99, 11.69, 89.92, 86.42, 161.99, 94.76, 34.97, 57.97, 216.5, 77.37, 52.98, 47.17, 100.88, 67.38, 70.32]}
{'stock_no': [], 'deal_power': []}
timer600틱 끝 timer1 재시작
timer600틱 시작 timer1 중지
-----
10분에 한번씩 클럭 발생::체결강도 전송 실행시간 : 11:00:00
계좌평가잔고내역요청 전송
000120;000810;001040;002380;002790;003670;004800;004990;005380;006280;008560;009540;017670;018880;024110;034730;035250;035420;069960;078340;097950;139480;316140;
23
{'stock_no': ['000120', '000810', '001040', '002380', '002790', '003670', '004800', '004990', '005380', '006280', '008560', '009540', '017670', '018880', '024110', '034730', '035250', '035420', '069960', '078340', '097950', '139480', '316140'], 'stock_name': ['CJ대한통운', '삼성화재', 'CJ', 'KCC', '아모레G', '포스코케미칼', '효성', '롯데지주', '현대차', '녹십자', '메리츠종금증권', '한국조선해양', 'SK텔레콤', '한온시스템', '기업은행', 'SK', '강원랜드', 'NAVER', '현대백화점', '컴투스', 'CJ제일제당', '이마트', '우리금융지주'], 'market_in_price': [134500, 272500, 103000, 278500, 66700, 55600, 75500, 44750, 142500, 127000, 5600, 123500, 262000, 11750, 14150, 239000, 31050, 120500, 81500, 104800, 301000, 144500, 14100], 'myhave_cnt': [8, 5, 14, 4, 17, 21, 15, 33, 10, 9, 266, 12, 5, 100, 84, 6, 48, 9, 14, 14, 4, 8, 84], 'run_price': [132500, 261000, 98500, 270000, 64300, 53100, 73900, 43050, 141000, 120500, 5280, 117000, 260500, 11500, 13750, 226500, 30850, 119000, 79900, 97300, 293000, 140500, 13900], 'sell_price': [132500, 261000, 98600, 270500, 64300, 53100, 73900, 43050, 141000, 120500, 5290, 117000, 261000, 11550, 13800, 227000, 30850, 119500, 79900, 97400, 293000, 140500, 13900], 'sell_cnt': [1788, 669, 1195, 151, 24, 2014, 422, 1312, 9882, 1479, 16146, 3561, 821, 12438, 70637, 1002, 2279, 2127, 127, 9, 3, 2744, 11867], 'buy_price': [132000, 260500, 98500, 270000, 64200, 53000, 73800, 43000, 140500, 120000, 5280, 116500, 260500, 11500, 13750, 226500, 30800, 119000, 79800, 97200, 292500, 140000, 13850], 'buy_cnt': [2069, 1437, 2499, 48, 2090, 3467, 446, 1346, 9518, 939, 7022, 4634, 1610, 1310, 31866, 650, 2402, 5940, 272, 29, 162, 1758, 76294], 'vol_cnt': [6625, 25555, 16676, 3039, 42365, 218149, 11296, 47967, 114520, 6994, 400776, 32994, 32068, 200427, 129900, 17909, 79386, 110078, 41140, 11646, 5217, 44145, 160284], 'deal_power': [52.9, 115.9, 76.65, 73.99, 131.73, 47.04, 48.89, 30.74, 125.11, 16.28, 84.64, 90.55, 145.45, 97.67, 35.78, 57.14, 226.58, 78.16, 52.97, 49.82, 93.03, 79.53, 48.55]}
{'stock_no': [], 'deal_power': []}
timer600틱 끝 timer1 재시작
timer600틱 시작 timer1 중지
-----
10분에 한번씩 클럭 발생::체결강도 전송 실행시간 : 11:10:00
계좌평가잔고내역요청 전송
000120;000810;001040;002380;002790;003670;004800;004990;005380;006280;008560;009540;017670;018880;024110;034730;035250;035420;069960;078340;097950;139480;316140;
23
{'stock_no': ['000120', '000810', '001040', '002380', '002790', '003670', '004800', '004990', '005380', '006280', '008560', '009540', '017670', '018880', '024110', '034730', '035250', '035420', '069960', '078340', '097950', '139480', '316140'], 'stock_name': ['CJ대한통운', '삼성화재', 'CJ', 'KCC', '아모레G', '포스코케미칼', '효성', '롯데지주', '현대차', '녹십자', '메리츠종금증권', '한국조선해양', 'SK텔레콤', '한온시스템', '기업은행', 'SK', '강원랜드', 'NAVER', '현대백화점', '컴투스', 'CJ제일제당', '이마트', '우리금융지주'], 'market_in_price': [134500, 272500, 103000, 278500, 66700, 55600, 75500, 44750, 142500, 127000, 5600, 123500, 262000, 11750, 14150, 239000, 31050, 120500, 81500, 104800, 301000, 144500, 14100], 'myhave_cnt': [8, 5, 14, 4, 17, 21, 15, 33, 10, 9, 266, 12, 5, 100, 84, 6, 48, 9, 14, 14, 4, 8, 84], 'run_price': [132500, 261000, 98600, 270000, 64700, 53000, 74100, 43150, 140500, 120500, 5290, 117000, 261000, 11450, 13800, 226500, 30800, 119000, 79800, 97700, 292000, 141000, 13900], 'sell_price': [132500, 261000, 98600, 270500, 64700, 53100, 74100, 43150, 141000, 120500, 5290, 117000, 261000, 11500, 13800, 227000, 30800, 119500, 79900, 97800, 292500, 141000, 13900], 'sell_cnt': [2299, 105, 343, 129, 54, 4956, 289, 1306, 14630, 856, 11344, 2976, 1792, 19182, 84977, 928, 684, 3728, 544, 46, 35, 1991, 12731], 'buy_price': [132000, 260500, 98500, 270000, 64600, 53000, 74000, 43100, 140500, 120000, 5280, 116500, 260500, 11450, 13750, 226500, 30750, 119000, 79800, 97600, 292000, 140500, 13850], 'buy_cnt': [1637, 1346, 1747, 213, 125, 2260, 102, 90, 10911, 2092, 13470, 7488, 210, 56550, 32021, 277, 1564, 7863, 289, 215, 205, 1419, 78800], 'vol_cnt': [6903, 27107, 18288, 3231, 44272, 220700, 12073, 50471, 117033, 7531, 423994, 33817, 34505, 208437, 136349, 19601, 94937, 111935, 42192, 12459, 5585, 49167, 167878], 'deal_power': [51.48, 128.83, 84.12, 77.2, 136.71, 48.1, 58.93, 37.01, 126.72, 25.55, 87.65, 92.76, 144.61, 102.25, 37.85, 59.13, 219.43, 79.5, 54.09, 51.23, 86.32, 94.38, 54.33]}
{'stock_no': [], 'deal_power': []}
timer600틱 끝 timer1 재시작
timer600틱 시작 timer1 중지
-----
10분에 한번씩 클럭 발생::체결강도 전송 실행시간 : 11:20:00
계좌평가잔고내역요청 전송
000120;000810;001040;002380;002790;003670;004800;004990;005380;006280;008560;009540;017670;018880;024110;034730;035250;035420;069960;078340;097950;139480;316140;
23
{'stock_no': ['000120', '000810', '001040', '002380', '002790', '003670', '004800', '004990', '005380', '006280', '008560', '009540', '017670', '018880', '024110', '034730', '035250', '035420', '069960', '078340', '097950', '139480', '316140'], 'stock_name': ['CJ대한통운', '삼성화재', 'CJ', 'KCC', '아모레G', '포스코케미칼', '효성', '롯데지주', '현대차', '녹십자', '메리츠종금증권', '한국조선해양', 'SK텔레콤', '한온시스템', '기업은행', 'SK', '강원랜드', 'NAVER', '현대백화점', '컴투스', 'CJ제일제당', '이마트', '우리금융지주'], 'market_in_price': [134500, 272500, 103000, 278500, 66700, 55600, 75500, 44750, 142500, 127000, 5600, 123500, 262000, 11750, 14150, 239000, 31050, 120500, 81500, 104800, 301000, 144500, 14100], 'myhave_cnt': [8, 5, 14, 4, 17, 21, 15, 33, 10, 9, 266, 12, 5, 100, 84, 6, 48, 9, 14, 14, 4, 8, 84], 'run_price': [132000, 261000, 98600, 270000, 64600, 52900, 74100, 43000, 140500, 120000, 5290, 117000, 260000, 11500, 13750, 226500, 30800, 119500, 79800, 97400, 292500, 141000, 13900], 'sell_price': [132500, 261000, 98600, 270500, 64700, 53000, 74100, 43000, 141000, 120500, 5290, 117000, 260000, 11500, 13800, 227000, 30800, 119500, 79900, 97500, 292500, 141000, 13900], 'sell_cnt': [2315, 423, 1488, 163, 524, 4793, 256, 57, 14524, 777, 29068, 9668, 709, 22114, 83044, 983, 1651, 4878, 492, 26, 195, 1710, 14618], 'buy_price': [132000, 260500, 98500, 270000, 64600, 52900, 74000, 42950, 140500, 120000, 5280, 116500, 259500, 11450, 13750, 226500, 30750, 119000, 79800, 97400, 292000, 140500, 13850], 'buy_cnt': [2582, 1389, 1385, 231, 386, 877, 291, 459, 9633, 1556, 4714, 7333, 1727, 57965, 46579, 51, 1623, 5310, 88, 4, 129, 2081, 80393], 'vol_cnt': [7098, 27589, 19467, 3312, 45812, 226892, 12377, 56543, 119801, 7977, 443909, 34497, 37896, 213724, 146842, 20417, 99090, 114260, 43732, 13230, 5803, 50099, 175120], 'deal_power': [54.65, 132.36, 83.42, 76.32, 136.62, 47.62, 61.07, 35.92, 127.32, 30.45, 89.18, 95.91, 124.71, 105.94, 39.35, 57.35, 229.61, 79.53, 55.52, 51.82, 85.07, 95.3, 60.62]}
{'stock_no': [], 'deal_power': []}
timer600틱 끝 timer1 재시작
timer600틱 시작 timer1 중지
-----
10분에 한번씩 클럭 발생::체결강도 전송 실행시간 : 11:30:00
계좌평가잔고내역요청 전송
000120;000810;001040;002380;002790;003670;004800;004990;005380;006280;008560;009540;017670;018880;024110;034730;035250;035420;069960;078340;097950;139480;316140;
23
{'stock_no': ['000120', '000810', '001040', '002380', '002790', '003670', '004800', '004990', '005380', '006280', '008560', '009540', '017670', '018880', '024110', '034730', '035250', '035420', '069960', '078340', '097950', '139480', '316140'], 'stock_name': ['CJ대한통운', '삼성화재', 'CJ', 'KCC', '아모레G', '포스코케미칼', '효성', '롯데지주', '현대차', '녹십자', '메리츠종금증권', '한국조선해양', 'SK텔레콤', '한온시스템', '기업은행', 'SK', '강원랜드', 'NAVER', '현대백화점', '컴투스', 'CJ제일제당', '이마트', '우리금융지주'], 'market_in_price': [134500, 272500, 103000, 278500, 66700, 55600, 75500, 44750, 142500, 127000, 5600, 123500, 262000, 11750, 14150, 239000, 31050, 120500, 81500, 104800, 301000, 144500, 14100], 'myhave_cnt': [8, 5, 14, 4, 17, 21, 15, 33, 10, 9, 266, 12, 5, 100, 84, 6, 48, 9, 14, 14, 4, 8, 84], 'run_price': [132000, 260000, 98600, 268000, 64500, 53000, 74100, 42700, 140500, 120500, 5290, 116500, 259500, 11450, 13750, 226000, 30800, 119000, 79600, 97600, 291000, 141000, 13900], 'sell_price': [132500, 260000, 98600, 268500, 64500, 53000, 74100, 42750, 141000, 120500, 5290, 117000, 259500, 11500, 13800, 226000, 30800, 119500, 79700, 97700, 291500, 141000, 13900], 'sell_cnt': [2769, 1417, 1844, 13, 192, 4749, 137, 1311, 19128, 1687, 36458, 9679, 205, 26296, 83452, 1459, 2661, 7341, 986, 30, 12, 1217, 16250], 'buy_price': [132000, 259500, 98500, 268000, 64400, 52900, 74000, 42700, 140500, 120000, 5280, 116500, 259000, 11450, 13750, 225500, 30750, 119000, 79600, 97500, 291000, 140500, 13850], 'buy_cnt': [1939, 33, 813, 152, 300, 4025, 241, 261, 5355, 1467, 7757, 8298, 1176, 58748, 47270, 967, 1753, 2883, 864, 42, 260, 2775, 81265], 'vol_cnt': [7230, 30805, 21452, 4372, 47453, 228679, 13056, 64800, 125678, 8018, 459318, 35273, 41890, 218819, 152888, 21502, 103147, 119052, 45839, 13737, 6254, 50926, 180811], 'deal_power': [56.07, 113.15, 87.42, 65.51, 135.49, 48.44, 66.28, 32.16, 120.14, 31.13, 90.81, 99.09, 118.61, 110.26, 42.34, 54.35, 242.13, 76.52, 56.1, 52.09, 79.86, 97.18, 65.71]}
{'stock_no': [], 'deal_power': []}
timer600틱 끝 timer1 재시작
timer600틱 시작 timer1 중지
-----
10분에 한번씩 클럭 발생::체결강도 전송 실행시간 : 11:40:00
계좌평가잔고내역요청 전송
000120;000810;001040;002380;002790;003670;004800;004990;005380;006280;008560;009540;017670;018880;024110;034730;035250;035420;069960;078340;097950;139480;316140;
23
{'stock_no': ['000120', '000810', '001040', '002380', '002790', '003670', '004800', '004990', '005380', '006280', '008560', '009540', '017670', '018880', '024110', '034730', '035250', '035420', '069960', '078340', '097950', '139480', '316140'], 'stock_name': ['CJ대한통운', '삼성화재', 'CJ', 'KCC', '아모레G', '포스코케미칼', '효성', '롯데지주', '현대차', '녹십자', '메리츠종금증권', '한국조선해양', 'SK텔레콤', '한온시스템', '기업은행', 'SK', '강원랜드', 'NAVER', '현대백화점', '컴투스', 'CJ제일제당', '이마트', '우리금융지주'], 'market_in_price': [134500, 272500, 103000, 278500, 66700, 55600, 75500, 44750, 142500, 127000, 5600, 123500, 262000, 11750, 14150, 239000, 31050, 120500, 81500, 104800, 301000, 144500, 14100], 'myhave_cnt': [8, 5, 14, 4, 17, 21, 15, 33, 10, 9, 266, 12, 5, 100, 84, 6, 48, 9, 14, 14, 4, 8, 84], 'run_price': [132500, 260500, 98300, 269000, 64400, 53000, 74000, 42750, 140500, 120000, 5290, 117000, 259500, 11500, 13800, 225000, 30800, 118500, 79400, 97600, 291500, 141000, 13850], 'sell_price': [132500, 260500, 98300, 269000, 64400, 53000, 74000, 42800, 141000, 120000, 5290, 117000, 259500, 11500, 13800, 225500, 30800, 119000, 79500, 97700, 291500, 141000, 13900], 'sell_cnt': [2805, 817, 625, 145, 98, 4199, 134, 765, 15395, 1462, 37967, 9769, 152, 26729, 80170, 526, 432, 6570, 407, 138, 207, 1704, 12457], 'buy_price': [132000, 260000, 98200, 268500, 64300, 52900, 73900, 42750, 140500, 119500, 5280, 116500, 259000, 11450, 13750, 225000, 30750, 118500, 79400, 97500, 291000, 140500, 13850], 'buy_cnt': [1886, 187, 581, 24, 1122, 3820, 813, 414, 4553, 2095, 8772, 6309, 1219, 60633, 50173, 1065, 2321, 12812, 303, 21, 105, 3903, 88759], 'vol_cnt': [7655, 32130, 25845, 4436, 48851, 230947, 14038, 70302, 133695, 9629, 471449, 38188, 44256, 225023, 159680, 23137, 109169, 125376, 48161, 14191, 6506, 52046, 187644], 'deal_power': [59.96, 117.77, 73.13, 66.49, 138.15, 49.75, 67.23, 36.04, 110.11, 24.98, 92.3, 90.56, 114.09, 114.97, 46.09, 57.63, 237.02, 72.78, 52.94, 51.94, 79.76, 98.6, 71.36]}
{'stock_no': [], 'deal_power': []}
timer600틱 끝 timer1 재시작
timer600틱 시작 timer1 중지
-----
10분에 한번씩 클럭 발생::체결강도 전송 실행시간 : 11:50:00
계좌평가잔고내역요청 전송
000120;000810;001040;002380;002790;003670;004800;004990;005380;006280;008560;009540;017670;018880;024110;034730;035250;035420;069960;078340;097950;139480;316140;
23
{'stock_no': ['000120', '000810', '001040', '002380', '002790', '003670', '004800', '004990', '005380', '006280', '008560', '009540', '017670', '018880', '024110', '034730', '035250', '035420', '069960', '078340', '097950', '139480', '316140'], 'stock_name': ['CJ대한통운', '삼성화재', 'CJ', 'KCC', '아모레G', '포스코케미칼', '효성', '롯데지주', '현대차', '녹십자', '메리츠종금증권', '한국조선해양', 'SK텔레콤', '한온시스템', '기업은행', 'SK', '강원랜드', 'NAVER', '현대백화점', '컴투스', 'CJ제일제당', '이마트', '우리금융지주'], 'market_in_price': [134500, 272500, 103000, 278500, 66700, 55600, 75500, 44750, 142500, 127000, 5600, 123500, 262000, 11750, 14150, 239000, 31050, 120500, 81500, 104800, 301000, 144500, 14100], 'myhave_cnt': [8, 5, 14, 4, 17, 21, 15, 33, 10, 9, 266, 12, 5, 100, 84, 6, 48, 9, 14, 14, 4, 8, 84], 'run_price': [132000, 260500, 98200, 268000, 64200, 53100, 73800, 42850, 140500, 120000, 5280, 117000, 259500, 11500, 13800, 225500, 30800, 118500, 79400, 97600, 291500, 141000, 13900], 'sell_price': [132000, 260500, 98200, 268500, 64300, 53200, 73800, 42850, 140500, 120000, 5290, 117000, 259500, 11500, 13800, 225500, 30800, 119000, 79500, 97700, 291500, 141000, 13900], 'sell_cnt': [1564, 390, 57, 33, 514, 259, 339, 2196, 8918, 1652, 48905, 10613, 1796, 31913, 83026, 1304, 3353, 9414, 270, 180, 122, 1628, 14599], 'buy_price': [131500, 260000, 98100, 268000, 64200, 53100, 73700, 42800, 140000, 119500, 5280, 116500, 259000, 11450, 13750, 225000, 30750, 118500, 79400, 97500, 291000, 140500, 13850], 'buy_cnt': [1598, 1306, 2380, 108, 925, 481, 245, 1505, 8717, 1896, 14103, 5555, 612, 50591, 38828, 1483, 1977, 8745, 570, 11, 111, 3140, 92934], 'vol_cnt': [9653, 32396, 27710, 4536, 50591, 238955, 15151, 71470, 140445, 9883, 479600, 39661, 44833, 242877, 172698, 23420, 114628, 130370, 49438, 14850, 7018, 53848, 192814], 'deal_power': [43.69, 119.22, 71.38, 65.46, 137.93, 54.1, 62.45, 38.05, 102.67, 25.58, 93.25, 88.13, 114.59, 114.67, 44.36, 57.98, 233.38, 68.92, 54.29, 53.53, 81.06, 104.2, 75.75]}
{'stock_no': [], 'deal_power': []}
timer600틱 끝 timer1 재시작
timer600틱 시작 timer1 중지
-----
10분에 한번씩 클럭 발생::체결강도 전송 실행시간 : 12:00:00
계좌평가잔고내역요청 전송
000120;000810;001040;002380;002790;003670;004800;004990;005380;006280;008560;009540;017670;018880;024110;034730;035250;035420;069960;078340;097950;139480;316140;
23
{'stock_no': ['000120', '000810', '001040', '002380', '002790', '003670', '004800', '004990', '005380', '006280', '008560', '009540', '017670', '018880', '024110', '034730', '035250', '035420', '069960', '078340', '097950', '139480', '316140'], 'stock_name': ['CJ대한통운', '삼성화재', 'CJ', 'KCC', '아모레G', '포스코케미칼', '효성', '롯데지주', '현대차', '녹십자', '메리츠종금증권', '한국조선해양', 'SK텔레콤', '한온시스템', '기업은행', 'SK', '강원랜드', 'NAVER', '현대백화점', '컴투스', 'CJ제일제당', '이마트', '우리금융지주'], 'market_in_price': [134500, 272500, 103000, 278500, 66700, 55600, 75500, 44750, 142500, 127000, 5600, 123500, 262000, 11750, 14150, 239000, 31050, 120500, 81500, 104800, 301000, 144500, 14100], 'myhave_cnt': [8, 5, 14, 4, 17, 21, 15, 33, 10, 9, 266, 12, 5, 100, 84, 6, 48, 9, 14, 14, 4, 8, 84], 'run_price': [132000, 261000, 98100, 268500, 64300, 53300, 73700, 42750, 140500, 120000, 5290, 117000, 258500, 11450, 13750, 225500, 30850, 118500, 79400, 97600, 291500, 140500, 13850], 'sell_price': [132000, 261000, 98200, 268500, 64300, 53300, 73800, 42750, 140500, 120000, 5290, 117000, 259000, 11500, 13750, 225500, 30850, 119000, 79500, 97600, 292000, 140500, 13900], 'sell_cnt': [1980, 1384, 777, 10, 616, 549, 184, 833, 11608, 1763, 50741, 10276, 666, 32298, 27926, 1283, 3676, 9218, 610, 9, 463, 763, 19861], 'buy_price': [131500, 260500, 98100, 268000, 64200, 53200, 73700, 42700, 140000, 119500, 5280, 116500, 258500, 11450, 13700, 225000, 30800, 118500, 79400, 97500, 291500, 140000, 13850], 'buy_cnt': [1551, 1177, 2290, 212, 574, 755, 139, 934, 7337, 2001, 15152, 5785, 1230, 48453, 95254, 1391, 518, 10087, 900, 49, 116, 4621, 91267], 'vol_cnt': [9843, 33374, 28246, 4648, 51456, 241490, 16401, 77633, 142409, 10011, 492717, 40462, 46796, 250825, 198312, 23980, 120292, 135610, 50945, 15317, 7311, 56502, 201104], 'deal_power': [44.17, 125.38, 71.2, 65.91, 138.48, 54.86, 64.97, 36.26, 103.13, 25.69, 94.35, 89.6, 114.07, 118.41, 40.32, 57.45, 240.16, 65.62, 54.57, 56.06, 81.32, 100.5, 81.81]}
{'stock_no': [], 'deal_power': []}
timer600틱 끝 timer1 재시작
timer600틱 시작 timer1 중지
-----
10분에 한번씩 클럭 발생::체결강도 전송 실행시간 : 12:10:00
계좌평가잔고내역요청 전송
000120;000810;001040;002380;002790;003670;004800;004990;005380;006280;008560;009540;017670;018880;024110;034730;035250;035420;069960;078340;097950;139480;316140;
23
{'stock_no': ['000120', '000810', '001040', '002380', '002790', '003670', '004800', '004990', '005380', '006280', '008560', '009540', '017670', '018880', '024110', '034730', '035250', '035420', '069960', '078340', '097950', '139480', '316140'], 'stock_name': ['CJ대한통운', '삼성화재', 'CJ', 'KCC', '아모레G', '포스코케미칼', '효성', '롯데지주', '현대차', '녹십자', '메리츠종금증권', '한국조선해양', 'SK텔레콤', '한온시스템', '기업은행', 'SK', '강원랜드', 'NAVER', '현대백화점', '컴투스', 'CJ제일제당', '이마트', '우리금융지주'], 'market_in_price': [134500, 272500, 103000, 278500, 66700, 55600, 75500, 44750, 142500, 127000, 5600, 123500, 262000, 11750, 14150, 239000, 31050, 120500, 81500, 104800, 301000, 144500, 14100], 'myhave_cnt': [8, 5, 14, 4, 17, 21, 15, 33, 10, 9, 266, 12, 5, 100, 84, 6, 48, 9, 14, 14, 4, 8, 84], 'run_price': [131500, 261000, 98200, 268500, 64300, 53200, 73900, 42750, 140500, 120000, 5280, 117000, 259500, 11500, 13750, 226000, 30900, 118500, 79600, 97400, 292000, 140500, 13850], 'sell_price': [132000, 261000, 98200, 268500, 64300, 53300, 73900, 42750, 140500, 120000, 5290, 117000, 260000, 11500, 13750, 226000, 30900, 119000, 79600, 97400, 292000, 140500, 13900], 'sell_cnt': [2614, 695, 2242, 65, 776, 754, 81, 2273, 10152, 2128, 49957, 10019, 1661, 30490, 16963, 1450, 6794, 10488, 878, 169, 484, 1980, 8317], 'buy_price': [131500, 260500, 98100, 268000, 64200, 53200, 73800, 42700, 140000, 119500, 5280, 116500, 259500, 11450, 13700, 225500, 30850, 118500, 79500, 97300, 291500, 140000, 13850], 'buy_cnt': [287, 1691, 2395, 215, 429, 761, 204, 1103, 7597, 2032, 19888, 6299, 457, 37848, 98687, 913, 798, 12687, 108, 51, 5, 27, 91895], 'vol_cnt': [11001, 34241, 29841, 4702, 53489, 244292, 16740, 79075, 145053, 10062, 501890, 41463, 48353, 257783, 204194, 26640, 124536, 137634, 51490, 15842, 7630, 61962, 208381], 'deal_power': [38.99, 130.87, 72.43, 66.83, 137.12, 55.08, 68.29, 35.56, 103.97, 26.33, 96.47, 91.41, 119.41, 122.88, 42.53, 68.84, 245.02, 66.0, 54.5, 54.17, 79.01, 93.04, 88.09]}
{'stock_no': [], 'deal_power': []}
timer600틱 끝 timer1 재시작
timer600틱 시작 timer1 중지
-----
10분에 한번씩 클럭 발생::체결강도 전송 실행시간 : 12:20:00
계좌평가잔고내역요청 전송
000120;000810;001040;002380;002790;003670;004800;004990;005380;006280;008560;009540;017670;018880;024110;034730;035250;035420;069960;078340;097950;139480;316140;
23
{'stock_no': ['000120', '000810', '001040', '002380', '002790', '003670', '004800', '004990', '005380', '006280', '008560', '009540', '017670', '018880', '024110', '034730', '035250', '035420', '069960', '078340', '097950', '139480', '316140'], 'stock_name': ['CJ대한통운', '삼성화재', 'CJ', 'KCC', '아모레G', '포스코케미칼', '효성', '롯데지주', '현대차', '녹십자', '메리츠종금증권', '한국조선해양', 'SK텔레콤', '한온시스템', '기업은행', 'SK', '강원랜드', 'NAVER', '현대백화점', '컴투스', 'CJ제일제당', '이마트', '우리금융지주'], 'market_in_price': [134500, 272500, 103000, 278500, 66700, 55600, 75500, 44750, 142500, 127000, 5600, 123500, 262000, 11750, 14150, 239000, 31050, 120500, 81500, 104800, 301000, 144500, 14100], 'myhave_cnt': [8, 5, 14, 4, 17, 21, 15, 33, 10, 9, 266, 12, 5, 100, 84, 6, 48, 9, 14, 14, 4, 8, 84], 'run_price': [131500, 261000, 98200, 268000, 64100, 53100, 73800, 42600, 140000, 120000, 5290, 116500, 259500, 11500, 13750, 225000, 30850, 118500, 79400, 97300, 291500, 139500, 13900], 'sell_price': [131500, 261000, 98200, 268000, 64100, 53200, 73800, 42600, 140500, 120000, 5290, 117000, 259500, 11500, 13750, 225500, 30850, 119000, 79400, 97400, 292000, 140000, 13900], 'sell_cnt': [2000, 1218, 2086, 60, 843, 770, 150, 1829, 10316, 2941, 50382, 9264, 743, 31656, 17060, 1454, 3059, 13677, 413, 98, 521, 370, 7916], 'buy_price': [131000, 260500, 98100, 267500, 64000, 53100, 73700, 42550, 140000, 119500, 5280, 116500, 259000, 11450, 13700, 225000, 30800, 118500, 79300, 97300, 291500, 139500, 13850], 'buy_cnt': [2401, 2159, 2372, 156, 1463, 701, 354, 842, 13817, 1917, 9866, 7317, 1676, 36652, 98707, 1575, 94, 12384, 235, 54, 175, 4707, 92129], 'vol_cnt': [11493, 35376, 30385, 4942, 55013, 247104, 17449, 90412, 148218, 10349, 535870, 42038, 50015, 265558, 213562, 28112, 130667, 138939, 53399, 16347, 8126, 63156, 219428], 'deal_power': [37.7, 133.05, 74.48, 65.53, 131.46, 54.95, 71.05, 34.74, 105.02, 27.19, 89.81, 93.17, 120.43, 126.62, 45.15, 64.13, 243.29, 66.18, 52.63, 53.45, 83.31, 95.93, 97.92]}
{'stock_no': [], 'deal_power': []}
timer600틱 끝 timer1 재시작
timer600틱 시작 timer1 중지
-----
10분에 한번씩 클럭 발생::체결강도 전송 실행시간 : 12:30:00
계좌평가잔고내역요청 전송
000120;000810;001040;002380;002790;003670;004800;004990;005380;006280;008560;009540;017670;018880;024110;034730;035250;035420;069960;078340;097950;139480;316140;
23
{'stock_no': ['000120', '000810', '001040', '002380', '002790', '003670', '004800', '004990', '005380', '006280', '008560', '009540', '017670', '018880', '024110', '034730', '035250', '035420', '069960', '078340', '097950', '139480', '316140'], 'stock_name': ['CJ대한통운', '삼성화재', 'CJ', 'KCC', '아모레G', '포스코케미칼', '효성', '롯데지주', '현대차', '녹십자', '메리츠종금증권', '한국조선해양', 'SK텔레콤', '한온시스템', '기업은행', 'SK', '강원랜드', 'NAVER', '현대백화점', '컴투스', 'CJ제일제당', '이마트', '우리금융지주'], 'market_in_price': [134500, 272500, 103000, 278500, 66700, 55600, 75500, 44750, 142500, 127000, 5600, 123500, 262000, 11750, 14150, 239000, 31050, 120500, 81500, 104800, 301000, 144500, 14100], 'myhave_cnt': [8, 5, 14, 4, 17, 21, 15, 33, 10, 9, 266, 12, 5, 100, 84, 6, 48, 9, 14, 14, 4, 8, 84], 'run_price': [131500, 260000, 98100, 267000, 64100, 53200, 73600, 42600, 140000, 120000, 5280, 116500, 260500, 11450, 13750, 225500, 30850, 118500, 79400, 97400, 291500, 140000, 13900], 'sell_price': [131500, 260000, 98100, 267500, 64100, 53200, 73600, 42600, 140500, 120000, 5290, 117000, 261000, 11500, 13750, 225500, 30850, 119000, 79400, 97500, 291500, 140500, 13900], 'sell_cnt': [2100, 172, 344, 240, 794, 486, 70, 164, 5099, 3361, 48886, 8359, 416, 29002, 15406, 1165, 363, 8786, 476, 27, 24, 1039, 5761], 'buy_price': [131000, 259500, 98000, 267000, 64000, 53100, 73500, 42550, 140000, 119500, 5280, 116500, 260500, 11450, 13700, 225000, 30800, 118500, 79300, 97400, 291000, 140000, 13850], 'buy_cnt': [2155, 1166, 2273, 347, 1015, 1238, 913, 1330, 13380, 1753, 13983, 7471, 447, 37227, 98121, 1346, 1550, 12247, 733, 18, 189, 2926, 94154], 'vol_cnt': [11772, 41102, 32975, 5193, 56114, 250661, 18704, 94322, 156096, 10656, 544680, 43190, 60741, 272924, 218199, 28716, 135041, 146801, 53993, 16991, 8418, 68902, 223558], 'deal_power': [37.99, 121.89, 66.03, 61.68, 132.37, 55.75, 71.9, 39.66, 113.79, 28.44, 91.46, 96.61, 143.21, 130.11, 46.47, 65.29, 253.9, 73.97, 52.89, 52.84, 81.54, 98.11, 100.92]}
{'stock_no': [], 'deal_power': []}
timer600틱 끝 timer1 재시작
timer600틱 시작 timer1 중지
-----
10분에 한번씩 클럭 발생::체결강도 전송 실행시간 : 12:40:00
계좌평가잔고내역요청 전송
000120;000810;001040;002380;002790;003670;004800;004990;005380;006280;008560;009540;017670;018880;024110;034730;035250;035420;069960;078340;097950;139480;316140;
23
{'stock_no': ['000120', '000810', '001040', '002380', '002790', '003670', '004800', '004990', '005380', '006280', '008560', '009540', '017670', '018880', '024110', '034730', '035250', '035420', '069960', '078340', '097950', '139480', '316140'], 'stock_name': ['CJ대한통운', '삼성화재', 'CJ', 'KCC', '아모레G', '포스코케미칼', '효성', '롯데지주', '현대차', '녹십자', '메리츠종금증권', '한국조선해양', 'SK텔레콤', '한온시스템', '기업은행', 'SK', '강원랜드', 'NAVER', '현대백화점', '컴투스', 'CJ제일제당', '이마트', '우리금융지주'], 'market_in_price': [134500, 272500, 103000, 278500, 66700, 55600, 75500, 44750, 142500, 127000, 5600, 123500, 262000, 11750, 14150, 239000, 31050, 120500, 81500, 104800, 301000, 144500, 14100], 'myhave_cnt': [8, 5, 14, 4, 17, 21, 15, 33, 10, 9, 266, 12, 5, 100, 84, 6, 48, 9, 14, 14, 4, 8, 84], 'run_price': [131500, 260500, 97900, 268000, 64100, 53200, 73700, 42650, 140000, 120000, 5270, 116500, 260500, 11450, 13750, 225000, 30850, 119000, 79400, 97700, 291500, 140500, 13900], 'sell_price': [131500, 260500, 98000, 268000, 64100, 53200, 73700, 42650, 140500, 120000, 5280, 117000, 261000, 11500, 13750, 225500, 30850, 119000, 79400, 97700, 292000, 140500, 13900], 'sell_cnt': [2037, 1004, 1240, 96, 1129, 400, 1399, 1930, 3983, 3375, 45840, 7723, 1082, 26733, 7520, 1922, 6643, 9758, 727, 140, 403, 1601, 22048], 'buy_price': [131000, 260000, 97900, 267500, 64000, 53100, 73600, 42600, 140000, 119500, 5270, 116500, 260500, 11450, 13700, 225000, 30800, 118500, 79300, 97600, 291500, 140000, 13850], 'buy_cnt': [2317, 363, 331, 36, 305, 1995, 125, 385, 14257, 1784, 9939, 7342, 1609, 37646, 91084, 1701, 916, 11860, 474, 135, 39, 2530, 95014], 'vol_cnt': [12297, 42464, 35762, 5480, 57772, 253624, 19402, 95147, 159823, 10775, 581439, 44777, 64256, 279658, 238759, 29105, 139649, 148450, 54929, 17338, 8667, 69678, 233065], 'deal_power': [43.87, 124.07, 58.3, 68.66, 130.54, 56.34, 72.41, 40.25, 116.73, 29.52, 86.86, 99.96, 143.95, 134.75, 57.65, 65.79, 259.82, 73.87, 51.93, 54.49, 81.16, 99.74, 108.76]}
{'stock_no': [], 'deal_power': []}
timer600틱 끝 timer1 재시작
timer600틱 시작 timer1 중지
-----
10분에 한번씩 클럭 발생::체결강도 전송 실행시간 : 12:50:00
계좌평가잔고내역요청 전송
000120;000810;001040;002380;002790;003670;004800;004990;005380;006280;008560;009540;017670;018880;024110;034730;035250;035420;069960;078340;097950;139480;316140;
23
{'stock_no': ['000120', '000810', '001040', '002380', '002790', '003670', '004800', '004990', '005380', '006280', '008560', '009540', '017670', '018880', '024110', '034730', '035250', '035420', '069960', '078340', '097950', '139480', '316140'], 'stock_name': ['CJ대한통운', '삼성화재', 'CJ', 'KCC', '아모레G', '포스코케미칼', '효성', '롯데지주', '현대차', '녹십자', '메리츠종금증권', '한국조선해양', 'SK텔레콤', '한온시스템', '기업은행', 'SK', '강원랜드', 'NAVER', '현대백화점', '컴투스', 'CJ제일제당', '이마트', '우리금융지주'], 'market_in_price': [134500, 272500, 103000, 278500, 66700, 55600, 75500, 44750, 142500, 127000, 5600, 123500, 262000, 11750, 14150, 239000, 31050, 120500, 81500, 104800, 301000, 144500, 14100], 'myhave_cnt': [8, 5, 14, 4, 17, 21, 15, 33, 10, 9, 266, 12, 5, 100, 84, 6, 48, 9, 14, 14, 4, 8, 84], 'run_price': [131500, 261000, 98200, 269000, 64100, 53400, 73700, 42600, 140000, 119500, 5290, 116500, 261000, 11500, 13750, 225500, 30850, 119500, 79500, 97900, 293000, 141000, 13900], 'sell_price': [132000, 261000, 98200, 269000, 64100, 53400, 73700, 42600, 140500, 120000, 5300, 117000, 261000, 11500, 13800, 225500, 30850, 119500, 79600, 97900, 293000, 141500, 13900], 'sell_cnt': [1265, 974, 393, 137, 997, 547, 1148, 2175, 2625, 4408, 55340, 6965, 2663, 24151, 71547, 2343, 5382, 3016, 1037, 20, 138, 3626, 1538], 'buy_price': [131500, 260500, 98100, 268500, 64000, 53300, 73600, 42550, 140000, 119500, 5290, 116500, 260500, 11450, 13750, 225000, 30800, 119000, 79500, 97800, 292500, 141000, 13850], 'buy_cnt': [44, 1387, 442, 90, 1217, 1080, 259, 1866, 13837, 1721, 26029, 9622, 2058, 38397, 25818, 2744, 5644, 12923, 77, 10, 99, 949, 97912], 'vol_cnt': [14746, 44139, 37675, 5622, 58549, 257272, 20089, 98644, 166625, 10983, 649604, 46221, 65901, 289131, 249983, 30804, 143089, 167821, 56336, 18011, 9446, 73413, 243827], 'deal_power': [67.14, 131.5, 66.13, 71.46, 131.15, 57.23, 71.15, 40.16, 124.67, 29.29, 108.26, 103.78, 144.69, 140.93, 61.61, 71.53, 266.72, 91.12, 53.98, 56.11, 89.29, 109.13, 118.22]}
{'stock_no': [], 'deal_power': []}
timer600틱 끝 timer1 재시작
timer600틱 시작 timer1 중지
-----
10분에 한번씩 클럭 발생::체결강도 전송 실행시간 : 13:00:00
계좌평가잔고내역요청 전송
000120;000810;001040;002380;002790;003670;004800;004990;005380;006280;008560;009540;017670;018880;024110;034730;035250;035420;069960;078340;097950;139480;316140;
23
{'stock_no': ['000120', '000810', '001040', '002380', '002790', '003670', '004800', '004990', '005380', '006280', '008560', '009540', '017670', '018880', '024110', '034730', '035250', '035420', '069960', '078340', '097950', '139480', '316140'], 'stock_name': ['CJ대한통운', '삼성화재', 'CJ', 'KCC', '아모레G', '포스코케미칼', '효성', '롯데지주', '현대차', '녹십자', '메리츠종금증권', '한국조선해양', 'SK텔레콤', '한온시스템', '기업은행', 'SK', '강원랜드', 'NAVER', '현대백화점', '컴투스', 'CJ제일제당', '이마트', '우리금융지주'], 'market_in_price': [134500, 272500, 103000, 278500, 66700, 55600, 75500, 44750, 142500, 127000, 5600, 123500, 262000, 11750, 14150, 239000, 31050, 120500, 81500, 104800, 301000, 144500, 14100], 'myhave_cnt': [8, 5, 14, 4, 17, 21, 15, 33, 10, 9, 266, 12, 5, 100, 84, 6, 48, 9, 14, 14, 4, 8, 84], 'run_price': [132000, 261000, 98100, 269000, 64100, 53400, 73800, 42650, 140000, 120000, 5300, 117000, 260500, 11450, 13800, 225000, 30850, 119000, 79400, 97700, 292500, 141500, 13900], 'sell_price': [132000, 261000, 98200, 269000, 64100, 53500, 73800, 42650, 140500, 120000, 5300, 117000, 260500, 11500, 13800, 225500, 30850, 119500, 79500, 97800, 292500, 141500, 13900], 'sell_cnt': [1484, 985, 342, 85, 804, 814, 94, 613, 577, 3776, 50873, 6232, 1848, 22520, 70499, 3350, 7205, 2943, 374, 41, 89, 3250, 11909], 'buy_price': [131500, 260500, 98100, 268500, 64000, 53400, 73700, 42600, 140000, 119500, 5290, 116500, 260000, 11450, 13750, 225000, 30800, 119000, 79400, 97700, 292000, 141000, 13850], 'buy_cnt': [111, 1401, 1260, 89, 927, 724, 3, 1424, 13634, 1791, 28249, 9204, 1168, 39255, 24422, 1621, 1917, 13311, 222, 2, 2, 2537, 91589], 'vol_cnt': [14811, 44985, 37896, 5750, 59760, 260966, 21396, 102913, 169111, 11186, 662066, 47446, 67930, 294766, 255032, 31761, 152037, 170518, 56845, 18154, 9729, 74221, 248155], 'deal_power': [67.67, 135.66, 66.88, 72.32, 133.06, 58.13, 82.07, 45.54, 125.94, 30.87, 111.07, 105.43, 140.1, 144.23, 62.48, 69.87, 238.63, 92.38, 54.06, 55.95, 87.84, 109.4, 120.14]}
{'stock_no': [], 'deal_power': []}
timer600틱 끝 timer1 재시작
timer600틱 시작 timer1 중지
-----
10분에 한번씩 클럭 발생::체결강도 전송 실행시간 : 13:10:00
계좌평가잔고내역요청 전송
000120;000810;001040;002380;002790;003670;004800;004990;005380;006280;008560;009540;017670;018880;024110;034730;035250;035420;069960;078340;097950;139480;316140;
23
{'stock_no': ['000120', '000810', '001040', '002380', '002790', '003670', '004800', '004990', '005380', '006280', '008560', '009540', '017670', '018880', '024110', '034730', '035250', '035420', '069960', '078340', '097950', '139480', '316140'], 'stock_name': ['CJ대한통운', '삼성화재', 'CJ', 'KCC', '아모레G', '포스코케미칼', '효성', '롯데지주', '현대차', '녹십자', '메리츠종금증권', '한국조선해양', 'SK텔레콤', '한온시스템', '기업은행', 'SK', '강원랜드', 'NAVER', '현대백화점', '컴투스', 'CJ제일제당', '이마트', '우리금융지주'], 'market_in_price': [134500, 272500, 103000, 278500, 66700, 55600, 75500, 44750, 142500, 127000, 5600, 123500, 262000, 11750, 14150, 239000, 31050, 120500, 81500, 104800, 301000, 144500, 14100], 'myhave_cnt': [8, 5, 14, 4, 17, 21, 15, 33, 10, 9, 266, 12, 5, 100, 84, 6, 48, 9, 14, 14, 4, 8, 84], 'run_price': [132000, 261000, 98200, 269000, 64000, 53400, 74000, 42650, 141000, 120000, 5300, 116500, 259500, 11500, 13800, 225000, 30850, 119500, 79600, 97300, 291500, 141500, 13900], 'sell_price': [132000, 261000, 98200, 269000, 64100, 53400, 74000, 42650, 141000, 120000, 5300, 117000, 259500, 11500, 13800, 225000, 30850, 119500, 79600, 97300, 292000, 141500, 13900], 'sell_cnt': [1504, 142, 592, 186, 1598, 420, 298, 871, 17752, 3814, 51482, 5359, 1482, 22433, 66865, 2347, 3972, 1719, 970, 5, 234, 1458, 21243], 'buy_price': [131500, 260500, 98100, 268500, 64000, 53300, 73900, 42600, 140500, 119500, 5290, 116500, 259000, 11450, 13750, 224500, 30800, 119000, 79500, 97200, 291500, 141000, 13850], 'buy_cnt': [145, 1544, 1144, 17, 649, 1065, 109, 631, 840, 1507, 19089, 8336, 1143, 35473, 22022, 1684, 442, 16300, 147, 40, 2, 3352, 43223], 'vol_cnt': [14994, 47275, 38355, 5922, 60718, 264293, 22486, 104767, 173996, 11849, 674364, 48708, 69008, 300554, 261209, 33879, 157238, 173487, 57581, 18562, 10301, 76222, 291645], 'deal_power': [67.77, 147.69, 66.92, 70.12, 132.58, 58.04, 84.61, 47.58, 127.45, 29.68, 113.13, 106.38, 137.47, 147.24, 62.92, 63.9, 235.61, 93.83, 54.79, 55.58, 82.48, 114.09, 92.6]}
{'stock_no': [], 'deal_power': []}
timer600틱 끝 timer1 재시작
timer600틱 시작 timer1 중지
-----
10분에 한번씩 클럭 발생::체결강도 전송 실행시간 : 13:20:00
계좌평가잔고내역요청 전송
000120;000810;001040;002380;002790;003670;004800;004990;005380;006280;008560;009540;017670;018880;024110;034730;035250;035420;069960;078340;097950;139480;316140;
23
{'stock_no': ['000120', '000810', '001040', '002380', '002790', '003670', '004800', '004990', '005380', '006280', '008560', '009540', '017670', '018880', '024110', '034730', '035250', '035420', '069960', '078340', '097950', '139480', '316140'], 'stock_name': ['CJ대한통운', '삼성화재', 'CJ', 'KCC', '아모레G', '포스코케미칼', '효성', '롯데지주', '현대차', '녹십자', '메리츠종금증권', '한국조선해양', 'SK텔레콤', '한온시스템', '기업은행', 'SK', '강원랜드', 'NAVER', '현대백화점', '컴투스', 'CJ제일제당', '이마트', '우리금융지주'], 'market_in_price': [134500, 272500, 103000, 278500, 66700, 55600, 75500, 44750, 142500, 127000, 5600, 123500, 262000, 11750, 14150, 239000, 31050, 120500, 81500, 104800, 301000, 144500, 14100], 'myhave_cnt': [8, 5, 14, 4, 17, 21, 15, 33, 10, 9, 266, 12, 5, 100, 84, 6, 48, 9, 14, 14, 4, 8, 84], 'run_price': [132000, 261500, 98200, 269000, 63600, 53400, 74100, 42650, 140500, 119500, 5290, 117500, 260000, 11500, 13800, 225000, 30850, 119500, 79600, 97000, 291500, 141500, 13900], 'sell_price': [132000, 261500, 98300, 269000, 63700, 53400, 74100, 42650, 140500, 120000, 5290, 117500, 260000, 11500, 13800, 225000, 30850, 120000, 79700, 97100, 291500, 141500, 13900], 'sell_cnt': [1585, 770, 60, 94, 1297, 89, 89, 592, 8173, 3801, 41974, 5698, 1177, 18126, 61969, 738, 1737, 10052, 1452, 292, 86, 1396, 4497], 'buy_price': [131500, 261000, 98200, 268500, 63600, 53300, 74000, 42600, 140000, 119500, 5280, 117000, 259500, 11450, 13750, 224500, 30800, 119500, 79500, 97000, 291000, 141000, 13850], 'buy_cnt': [955, 1478, 501, 140, 649, 1569, 66, 2032, 12750, 1892, 16384, 1631, 3171, 37831, 37137, 2344, 4318, 1572, 278, 101, 163, 3671, 75885], 'vol_cnt': [15202, 48497, 39144, 5979, 63505, 269006, 23181, 105531, 177113, 12003, 701986, 55396, 70534, 309414, 266762, 35828, 161683, 178546, 59706, 19241, 10585, 76870, 299834], 'deal_power': [67.43, 153.96, 70.22, 70.39, 122.93, 59.31, 88.03, 48.38, 126.15, 30.05, 107.86, 130.06, 141.11, 152.98, 63.92, 66.94, 241.38, 97.46, 58.42, 53.56, 81.78, 115.29, 97.36]}
{'stock_no': [], 'deal_power': []}
timer600틱 끝 timer1 재시작
timer600틱 시작 timer1 중지
-----
10분에 한번씩 클럭 발생::체결강도 전송 실행시간 : 13:30:00
계좌평가잔고내역요청 전송
000120;000810;001040;002380;002790;003670;004800;004990;005380;006280;008560;009540;017670;018880;024110;034730;035250;035420;069960;078340;097950;139480;316140;
23
{'stock_no': ['000120', '000810', '001040', '002380', '002790', '003670', '004800', '004990', '005380', '006280', '008560', '009540', '017670', '018880', '024110', '034730', '035250', '035420', '069960', '078340', '097950', '139480', '316140'], 'stock_name': ['CJ대한통운', '삼성화재', 'CJ', 'KCC', '아모레G', '포스코케미칼', '효성', '롯데지주', '현대차', '녹십자', '메리츠종금증권', '한국조선해양', 'SK텔레콤', '한온시스템', '기업은행', 'SK', '강원랜드', 'NAVER', '현대백화점', '컴투스', 'CJ제일제당', '이마트', '우리금융지주'], 'market_in_price': [134500, 272500, 103000, 278500, 66700, 55600, 75500, 44750, 142500, 127000, 5600, 123500, 262000, 11750, 14150, 239000, 31050, 120500, 81500, 104800, 301000, 144500, 14100], 'myhave_cnt': [8, 5, 14, 4, 17, 21, 15, 33, 10, 9, 266, 12, 5, 100, 84, 6, 48, 9, 14, 14, 4, 8, 84], 'run_price': [131500, 260000, 98300, 269500, 63700, 53600, 74200, 42700, 140500, 119500, 5280, 117000, 259500, 11500, 13750, 225000, 30850, 120000, 79600, 97500, 290500, 141500, 13850], 'sell_price': [132000, 260500, 98300, 269500, 63700, 53600, 74200, 42700, 140500, 120000, 5290, 117500, 260000, 11500, 13800, 225500, 30850, 120000, 79600, 97600, 291000, 141500, 13900], 'sell_cnt': [2001, 2160, 281, 435, 966, 364, 72, 2318, 9815, 3846, 41309, 5496, 1281, 19710, 57222, 2112, 4195, 11589, 383, 30, 107, 947, 2621], 'buy_price': [131500, 260000, 98200, 269000, 63600, 53500, 74100, 42650, 140000, 119500, 5280, 117000, 259500, 11450, 13750, 225000, 30800, 119500, 79500, 97500, 290500, 141000, 13850], 'buy_cnt': [1460, 42, 259, 154, 891, 399, 65, 2153, 8541, 2092, 14256, 2998, 3572, 38077, 13517, 1131, 2485, 7636, 344, 55, 47, 3916, 94524], 'vol_cnt': [15312, 52757, 39733, 6117, 65218, 272582, 24227, 106907, 180175, 12137, 724027, 56128, 72123, 315498, 290326, 37258, 168722, 180296, 61382, 19843, 11099, 77778, 312969], 'deal_power': [67.95, 146.63, 72.13, 73.0, 122.12, 60.72, 91.26, 50.12, 126.03, 30.21, 106.24, 132.31, 145.15, 156.81, 60.13, 72.36, 251.23, 96.69, 58.54, 54.45, 79.04, 117.21, 105.74]}
{'stock_no': [], 'deal_power': []}
timer600틱 끝 timer1 재시작
timer600틱 시작 timer1 중지
-----
10분에 한번씩 클럭 발생::체결강도 전송 실행시간 : 13:40:00
계좌평가잔고내역요청 전송
000120;000810;001040;002380;002790;003670;004800;004990;005380;006280;008560;009540;017670;018880;024110;034730;035250;035420;069960;078340;097950;139480;316140;
23
{'stock_no': ['000120', '000810', '001040', '002380', '002790', '003670', '004800', '004990', '005380', '006280', '008560', '009540', '017670', '018880', '024110', '034730', '035250', '035420', '069960', '078340', '097950', '139480', '316140'], 'stock_name': ['CJ대한통운', '삼성화재', 'CJ', 'KCC', '아모레G', '포스코케미칼', '효성', '롯데지주', '현대차', '녹십자', '메리츠종금증권', '한국조선해양', 'SK텔레콤', '한온시스템', '기업은행', 'SK', '강원랜드', 'NAVER', '현대백화점', '컴투스', 'CJ제일제당', '이마트', '우리금융지주'], 'market_in_price': [134500, 272500, 103000, 278500, 66700, 55600, 75500, 44750, 142500, 127000, 5600, 123500, 262000, 11750, 14150, 239000, 31050, 120500, 81500, 104800, 301000, 144500, 14100], 'myhave_cnt': [8, 5, 14, 4, 17, 21, 15, 33, 10, 9, 266, 12, 5, 100, 84, 6, 48, 9, 14, 14, 4, 8, 84], 'run_price': [132000, 261000, 98300, 269500, 63700, 53600, 74300, 42600, 140500, 120000, 5290, 117500, 261000, 11500, 13750, 225000, 30800, 119000, 79500, 97200, 290500, 141500, 13900], 'sell_price': [132000, 261000, 98300, 269500, 63700, 53600, 74300, 42600, 140500, 120000, 5290, 117500, 261000, 11550, 13800, 225500, 30800, 119500, 79600, 97200, 290500, 141500, 13900], 'sell_cnt': [2082, 1077, 511, 422, 1293, 276, 279, 1137, 11357, 3906, 42203, 3870, 586, 11095, 59162, 2363, 3836, 4531, 434, 33, 22, 699, 20704], 'buy_price': [131500, 260000, 98200, 269000, 63600, 53500, 74200, 42550, 140000, 119500, 5280, 117000, 260500, 11500, 13750, 225000, 30750, 119000, 79500, 97100, 290000, 141000, 13850], 'buy_cnt': [1198, 1488, 156, 171, 1526, 547, 235, 1844, 5611, 2228, 4168, 5304, 1670, 12641, 8357, 1091, 1581, 9678, 46, 50, 228, 2138, 99087], 'vol_cnt': [15858, 54993, 40363, 6187, 65967, 274753, 24955, 109447, 183724, 12203, 748986, 58068, 76454, 343388, 300276, 37759, 175798, 198047, 62513, 20251, 11485, 79907, 317566], 'deal_power': [65.89, 155.9, 73.67, 73.37, 122.81, 61.72, 91.2, 48.62, 125.9, 30.86, 103.05, 133.37, 158.23, 176.79, 59.84, 73.13, 246.0, 84.32, 59.3, 54.19, 77.19, 119.96, 108.58]}
{'stock_no': [], 'deal_power': []}
timer600틱 끝 timer1 재시작
timer600틱 시작 timer1 중지
-----
10분에 한번씩 클럭 발생::체결강도 전송 실행시간 : 13:50:00
계좌평가잔고내역요청 전송
000120;000810;001040;002380;002790;003670;004800;004990;005380;006280;008560;009540;017670;018880;024110;034730;035250;035420;069960;078340;097950;139480;316140;
23
{'stock_no': ['000120', '000810', '001040', '002380', '002790', '003670', '004800', '004990', '005380', '006280', '008560', '009540', '017670', '018880', '024110', '034730', '035250', '035420', '069960', '078340', '097950', '139480', '316140'], 'stock_name': ['CJ대한통운', '삼성화재', 'CJ', 'KCC', '아모레G', '포스코케미칼', '효성', '롯데지주', '현대차', '녹십자', '메리츠종금증권', '한국조선해양', 'SK텔레콤', '한온시스템', '기업은행', 'SK', '강원랜드', 'NAVER', '현대백화점', '컴투스', 'CJ제일제당', '이마트', '우리금융지주'], 'market_in_price': [134500, 272500, 103000, 278500, 66700, 55600, 75500, 44750, 142500, 127000, 5600, 123500, 262000, 11750, 14150, 239000, 31050, 120500, 81500, 104800, 301000, 144500, 14100], 'myhave_cnt': [8, 5, 14, 4, 17, 21, 15, 33, 10, 9, 266, 12, 5, 100, 84, 6, 48, 9, 14, 14, 4, 8, 84], 'run_price': [132000, 260000, 98300, 269000, 63700, 53500, 74300, 42350, 139500, 119500, 5290, 117000, 261500, 11550, 13750, 224500, 30800, 119000, 79600, 96800, 290000, 141500, 13900], 'sell_price': [132000, 260500, 98300, 269000, 63700, 53600, 74300, 42350, 140000, 120000, 5290, 117500, 261500, 11550, 13750, 225000, 30800, 119500, 79600, 96900, 290000, 141500, 13900], 'sell_cnt': [2211, 130, 12, 255, 1136, 903, 169, 698, 9299, 4002, 41653, 3985, 212, 21930, 13167, 2479, 1966, 7942, 247, 10, 33, 905, 61620], 'buy_price': [131500, 260000, 98200, 268500, 63600, 53500, 74200, 42300, 139500, 119500, 5280, 117000, 261000, 11500, 13700, 224500, 30750, 119000, 79500, 96800, 289500, 141000, 13850], 'buy_cnt': [1619, 975, 830, 81, 1453, 460, 280, 986, 14956, 1859, 7643, 5805, 2139, 8885, 102712, 1251, 4129, 9885, 21, 66, 205, 1929, 76614], 'vol_cnt': [16230, 56357, 41068, 6483, 67559, 276510, 25892, 119818, 196369, 12665, 760457, 59175, 79468, 350202, 315358, 39601, 184749, 200072, 64840, 20995, 11980, 80592, 328419], 'deal_power': [67.98, 159.85, 74.78, 69.89, 125.52, 62.03, 93.41, 47.89, 112.28, 30.28, 103.33, 135.4, 166.92, 178.26, 58.39, 69.0, 245.62, 83.82, 60.69, 53.49, 74.13, 121.34, 105.89]}
{'stock_no': [], 'deal_power': []}
timer600틱 끝 timer1 재시작
timer600틱 시작 timer1 중지
-----
10분에 한번씩 클럭 발생::체결강도 전송 실행시간 : 14:00:00
계좌평가잔고내역요청 전송
000120;000810;001040;002380;002790;003670;004800;004990;005380;006280;008560;009540;017670;018880;024110;034730;035250;035420;069960;078340;097950;139480;316140;
23
{'stock_no': ['000120', '000810', '001040', '002380', '002790', '003670', '004800', '004990', '005380', '006280', '008560', '009540', '017670', '018880', '024110', '034730', '035250', '035420', '069960', '078340', '097950', '139480', '316140'], 'stock_name': ['CJ대한통운', '삼성화재', 'CJ', 'KCC', '아모레G', '포스코케미칼', '효성', '롯데지주', '현대차', '녹십자', '메리츠종금증권', '한국조선해양', 'SK텔레콤', '한온시스템', '기업은행', 'SK', '강원랜드', 'NAVER', '현대백화점', '컴투스', 'CJ제일제당', '이마트', '우리금융지주'], 'market_in_price': [134500, 272500, 103000, 278500, 66700, 55600, 75500, 44750, 142500, 127000, 5600, 123500, 262000, 11750, 14150, 239000, 31050, 120500, 81500, 104800, 301000, 144500, 14100], 'myhave_cnt': [8, 5, 14, 4, 17, 21, 15, 33, 10, 9, 266, 12, 5, 100, 84, 6, 48, 9, 14, 14, 4, 8, 84], 'run_price': [132000, 260500, 98300, 269000, 63800, 53600, 74400, 42350, 140000, 120000, 5290, 117500, 261000, 11450, 13750, 224500, 30800, 119000, 79600, 96900, 291000, 141000, 13900], 'sell_price': [132000, 260500, 98300, 269000, 63800, 53600, 74400, 42350, 140000, 120000, 5290, 117500, 261500, 11500, 13750, 224500, 30800, 119500, 79600, 96900, 291000, 141000, 13900], 'sell_cnt': [2436, 326, 174, 215, 1480, 201, 146, 625, 10449, 3610, 38167, 3597, 2295, 13711, 10667, 2456, 329, 9459, 552, 270, 494, 1898, 63626], 'buy_price': [131500, 260000, 98200, 268500, 63700, 53500, 74300, 42300, 139500, 119500, 5280, 117000, 261000, 11450, 13700, 224000, 30750, 119000, 79500, 96800, 290500, 140500, 13850], 'buy_cnt': [1630, 587, 465, 118, 657, 575, 271, 1187, 16584, 1443, 6546, 5825, 2399, 23176, 113432, 3055, 4169, 10821, 79, 88, 45, 2936, 76854], 'vol_cnt': [16805, 58109, 42203, 6547, 69914, 279095, 26516, 121843, 200676, 13961, 782268, 60958, 83093, 365513, 324137, 41735, 191548, 201736, 66479, 21969, 12698, 82044, 332867], 'deal_power': [71.08, 160.42, 72.32, 70.45, 130.8, 62.91, 97.34, 48.64, 111.54, 32.31, 103.19, 136.04, 162.89, 169.15, 60.85, 66.12, 245.63, 83.52, 61.11, 53.94, 74.38, 119.86, 106.2]}
{'stock_no': [], 'deal_power': []}
timer600틱 끝 timer1 재시작
timer600틱 시작 timer1 중지
-----
10분에 한번씩 클럭 발생::체결강도 전송 실행시간 : 14:10:00
계좌평가잔고내역요청 전송
000120;000810;001040;002380;002790;003670;004800;004990;005380;006280;008560;009540;017670;018880;024110;034730;035250;035420;069960;078340;097950;139480;316140;
23
{'stock_no': ['000120', '000810', '001040', '002380', '002790', '003670', '004800', '004990', '005380', '006280', '008560', '009540', '017670', '018880', '024110', '034730', '035250', '035420', '069960', '078340', '097950', '139480', '316140'], 'stock_name': ['CJ대한통운', '삼성화재', 'CJ', 'KCC', '아모레G', '포스코케미칼', '효성', '롯데지주', '현대차', '녹십자', '메리츠종금증권', '한국조선해양', 'SK텔레콤', '한온시스템', '기업은행', 'SK', '강원랜드', 'NAVER', '현대백화점', '컴투스', 'CJ제일제당', '이마트', '우리금융지주'], 'market_in_price': [134500, 272500, 103000, 278500, 66700, 55600, 75500, 44750, 142500, 127000, 5600, 123500, 262000, 11750, 14150, 239000, 31050, 120500, 81500, 104800, 301000, 144500, 14100], 'myhave_cnt': [8, 5, 14, 4, 17, 21, 15, 33, 10, 9, 266, 12, 5, 100, 84, 6, 48, 9, 14, 14, 4, 8, 84], 'run_price': [131500, 261000, 98200, 268500, 63800, 53500, 74300, 42150, 140000, 120000, 5290, 117500, 261500, 11500, 13750, 224500, 30800, 119000, 79800, 97300, 289500, 141000, 13850], 'sell_price': [132000, 261000, 98300, 269000, 63800, 53500, 74300, 42200, 140000, 120000, 5290, 117500, 261500, 11500, 13750, 224500, 30850, 119500, 79900, 97300, 290000, 141000, 13900], 'sell_cnt': [2124, 1045, 372, 309, 2200, 1000, 181, 1349, 11572, 3588, 44283, 3281, 1696, 19444, 14334, 1489, 1103, 11396, 215, 11, 19, 1993, 59497], 'buy_price': [131500, 260500, 98200, 268500, 63700, 53400, 74200, 42150, 139500, 119500, 5280, 117000, 261000, 11450, 13700, 224000, 30800, 119000, 79800, 97200, 289500, 140500, 13850], 'buy_cnt': [3097, 523, 682, 347, 406, 1928, 120, 1249, 13312, 1436, 11667, 5665, 3145, 23658, 111540, 2553, 2270, 12543, 114, 54, 199, 3414, 74601], 'vol_cnt': [17488, 58523, 42396, 6614, 71191, 281535, 27477, 126255, 205258, 14055, 792526, 62720, 84394, 373065, 334320, 43603, 196515, 205135, 69219, 22865, 13244, 82725, 342471], 'deal_power': [77.27, 162.2, 72.21, 70.91, 128.75, 63.16, 97.59, 47.68, 112.55, 32.61, 103.84, 133.95, 165.76, 173.33, 63.98, 66.09, 242.73, 84.53, 63.34, 55.05, 71.53, 120.46, 106.59]}
{'stock_no': [], 'deal_power': []}
timer600틱 끝 timer1 재시작
timer600틱 시작 timer1 중지
-----
10분에 한번씩 클럭 발생::체결강도 전송 실행시간 : 14:20:00
계좌평가잔고내역요청 전송
000120;000810;001040;002380;002790;003670;004800;004990;005380;006280;008560;009540;017670;018880;024110;034730;035250;035420;069960;078340;097950;139480;316140;
23
{'stock_no': ['000120', '000810', '001040', '002380', '002790', '003670', '004800', '004990', '005380', '006280', '008560', '009540', '017670', '018880', '024110', '034730', '035250', '035420', '069960', '078340', '097950', '139480', '316140'], 'stock_name': ['CJ대한통운', '삼성화재', 'CJ', 'KCC', '아모레G', '포스코케미칼', '효성', '롯데지주', '현대차', '녹십자', '메리츠종금증권', '한국조선해양', 'SK텔레콤', '한온시스템', '기업은행', 'SK', '강원랜드', 'NAVER', '현대백화점', '컴투스', 'CJ제일제당', '이마트', '우리금융지주'], 'market_in_price': [134500, 272500, 103000, 278500, 66700, 55600, 75500, 44750, 142500, 127000, 5600, 123500, 262000, 11750, 14150, 239000, 31050, 120500, 81500, 104800, 301000, 144500, 14100], 'myhave_cnt': [8, 5, 14, 4, 17, 21, 15, 33, 10, 9, 266, 12, 5, 100, 84, 6, 48, 9, 14, 14, 4, 8, 84], 'run_price': [132000, 260500, 98100, 269000, 63700, 53300, 74300, 42250, 140000, 119500, 5290, 117500, 261000, 11500, 13750, 224000, 30850, 119000, 79700, 96800, 289000, 141000, 13850], 'sell_price': [132000, 260500, 98200, 269000, 63700, 53300, 74300, 42250, 140000, 120000, 5290, 117500, 261500, 11500, 13750, 224500, 30900, 119500, 79800, 96900, 289500, 141000, 13900], 'sell_cnt': [1455, 1852, 172, 395, 2816, 793, 55, 642, 11768, 3591, 52718, 3626, 2015, 21141, 2563, 1177, 2562, 15380, 297, 12, 97, 2223, 63128], 'buy_price': [131500, 260000, 98100, 268500, 63600, 53200, 74200, 42200, 139500, 119500, 5280, 117000, 261000, 11450, 13700, 224000, 30850, 119000, 79700, 96800, 289000, 140500, 13850], 'buy_cnt': [2919, 1119, 1130, 239, 198, 1759, 150, 2407, 13448, 1185, 15855, 4350, 3019, 22826, 107012, 4138, 221, 13404, 148, 42, 364, 2449, 76706], 'vol_cnt': [18580, 60237, 43050, 6687, 72536, 285396, 28363, 133336, 211375, 14458, 809746, 65380, 86905, 380571, 354827, 45497, 210671, 207957, 70539, 23675, 13763, 83855, 349739], 'deal_power': [85.73, 154.79, 71.52, 71.47, 125.41, 62.8, 99.4, 51.9, 114.32, 32.85, 104.57, 125.42, 171.23, 174.67, 71.77, 72.32, 246.68, 83.7, 64.34, 53.63, 68.63, 121.42, 105.82]}
{'stock_no': [], 'deal_power': []}
timer600틱 끝 timer1 재시작
timer600틱 시작 timer1 중지
-----
10분에 한번씩 클럭 발생::체결강도 전송 실행시간 : 14:30:00
계좌평가잔고내역요청 전송
000120;000810;001040;002380;002790;003670;004800;004990;005380;006280;008560;009540;017670;018880;024110;034730;035250;035420;069960;078340;097950;139480;316140;
23
{'stock_no': ['000120', '000810', '001040', '002380', '002790', '003670', '004800', '004990', '005380', '006280', '008560', '009540', '017670', '018880', '024110', '034730', '035250', '035420', '069960', '078340', '097950', '139480', '316140'], 'stock_name': ['CJ대한통운', '삼성화재', 'CJ', 'KCC', '아모레G', '포스코케미칼', '효성', '롯데지주', '현대차', '녹십자', '메리츠종금증권', '한국조선해양', 'SK텔레콤', '한온시스템', '기업은행', 'SK', '강원랜드', 'NAVER', '현대백화점', '컴투스', 'CJ제일제당', '이마트', '우리금융지주'], 'market_in_price': [134500, 272500, 103000, 278500, 66700, 55600, 75500, 44750, 142500, 127000, 5600, 123500, 262000, 11750, 14150, 239000, 31050, 120500, 81500, 104800, 301000, 144500, 14100], 'myhave_cnt': [8, 5, 14, 4, 17, 21, 15, 33, 10, 9, 266, 12, 5, 100, 84, 6, 48, 9, 14, 14, 4, 8, 84], 'run_price': [131500, 260000, 98200, 269000, 63400, 53000, 74300, 42150, 139500, 120000, 5290, 116500, 261000, 11550, 13750, 224000, 30850, 118500, 79800, 97000, 290000, 141000, 13900], 'sell_price': [132000, 260500, 98200, 269000, 63500, 53000, 74300, 42200, 140000, 120000, 5290, 117000, 261500, 11550, 13750, 224500, 30900, 119000, 79800, 97000, 290000, 141000, 13900], 'sell_cnt': [1715, 1543, 1619, 336, 2968, 713, 63, 1451, 11536, 4024, 61872, 2802, 2661, 17406, 4178, 976, 2481, 3565, 216, 9, 63, 1718, 57552], 'buy_price': [131500, 260000, 98100, 268500, 63400, 52900, 74200, 42150, 139500, 119500, 5280, 116500, 261000, 11500, 13700, 224000, 30850, 118500, 79700, 96900, 289500, 140500, 13850], 'buy_cnt': [2889, 1779, 673, 330, 165, 3794, 88, 112, 10605, 1020, 19403, 5528, 947, 397, 105721, 3720, 3341, 14421, 53, 31, 231, 2267, 85657], 'vol_cnt': [19479, 60769, 44463, 6836, 75045, 297146, 29102, 144904, 217352, 14780, 823450, 71830, 95893, 409605, 367709, 46616, 217842, 228471, 72231, 24142, 14713, 85194, 359779], 'deal_power': [92.34, 155.39, 71.61, 73.87, 118.38, 61.28, 100.36, 48.69, 112.31, 32.34, 105.48, 106.4, 160.1, 189.08, 75.66, 74.34, 251.69, 72.93, 65.35, 53.82, 69.87, 122.96, 106.41]}
{'stock_no': [], 'deal_power': []}
timer600틱 끝 timer1 재시작
timer600틱 시작 timer1 중지
-----
10분에 한번씩 클럭 발생::체결강도 전송 실행시간 : 14:40:00
계좌평가잔고내역요청 전송
000120;000810;001040;002380;002790;003670;004800;004990;005380;006280;008560;009540;017670;018880;024110;034730;035250;035420;069960;078340;097950;139480;316140;
23
{'stock_no': ['000120', '000810', '001040', '002380', '002790', '003670', '004800', '004990', '005380', '006280', '008560', '009540', '017670', '018880', '024110', '034730', '035250', '035420', '069960', '078340', '097950', '139480', '316140'], 'stock_name': ['CJ대한통운', '삼성화재', 'CJ', 'KCC', '아모레G', '포스코케미칼', '효성', '롯데지주', '현대차', '녹십자', '메리츠종금증권', '한국조선해양', 'SK텔레콤', '한온시스템', '기업은행', 'SK', '강원랜드', 'NAVER', '현대백화점', '컴투스', 'CJ제일제당', '이마트', '우리금융지주'], 'market_in_price': [134500, 272500, 103000, 278500, 66700, 55600, 75500, 44750, 142500, 127000, 5600, 123500, 262000, 11750, 14150, 239000, 31050, 120500, 81500, 104800, 301000, 144500, 14100], 'myhave_cnt': [8, 5, 14, 4, 17, 21, 15, 33, 10, 9, 266, 12, 5, 100, 84, 6, 48, 9, 14, 14, 4, 8, 84], 'run_price': [132000, 260500, 98000, 269000, 63200, 52900, 74200, 42000, 139000, 119500, 5260, 116500, 261000, 11500, 13750, 224000, 30900, 119000, 79600, 97000, 289000, 141000, 13850], 'sell_price': [132000, 260500, 98100, 269000, 63300, 52900, 74200, 42050, 139000, 119500, 5260, 117000, 261500, 11500, 13750, 224500, 30900, 119000, 79700, 97000, 289000, 141000, 13900], 'sell_cnt': [1952, 2234, 1582, 791, 2950, 1000, 106, 559, 8308, 1123, 40328, 3518, 5913, 21371, 2838, 3457, 873, 10683, 105, 44, 194, 1931, 59810], 'buy_price': [131500, 260000, 98000, 268000, 63200, 52800, 74100, 42000, 138500, 119000, 5250, 116500, 261000, 11450, 13700, 224000, 30850, 118500, 79600, 96900, 288500, 140500, 13850], 'buy_cnt': [3329, 2481, 1498, 318, 1327, 210, 148, 2779, 18332, 3471, 13080, 4796, 4382, 38572, 101977, 1614, 2387, 15365, 448, 164, 125, 2780, 80519], 'vol_cnt': [20302, 61386, 45636, 7260, 79587, 313619, 30177, 150743, 242359, 16793, 877915, 73473, 100594, 425093, 379723, 48803, 224354, 232045, 73616, 25227, 15616, 86565, 370389], 'deal_power': [98.57, 157.53, 69.22, 68.79, 108.46, 59.89, 100.1, 47.29, 94.66, 37.22, 96.66, 105.49, 160.98, 176.95, 79.21, 70.46, 255.33, 72.25, 65.71, 51.65, 66.06, 124.28, 105.21]}
{'stock_no': [], 'deal_power': []}
timer600틱 끝 timer1 재시작
timer600틱 시작 timer1 중지
-----
10분에 한번씩 클럭 발생::체결강도 전송 실행시간 : 14:50:00
계좌평가잔고내역요청 전송
000120;000810;001040;002380;002790;003670;004800;004990;005380;006280;008560;009540;017670;018880;024110;034730;035250;035420;069960;078340;097950;139480;316140;
23
{'stock_no': ['000120', '000810', '001040', '002380', '002790', '003670', '004800', '004990', '005380', '006280', '008560', '009540', '017670', '018880', '024110', '034730', '035250', '035420', '069960', '078340', '097950', '139480', '316140'], 'stock_name': ['CJ대한통운', '삼성화재', 'CJ', 'KCC', '아모레G', '포스코케미칼', '효성', '롯데지주', '현대차', '녹십자', '메리츠종금증권', '한국조선해양', 'SK텔레콤', '한온시스템', '기업은행', 'SK', '강원랜드', 'NAVER', '현대백화점', '컴투스', 'CJ제일제당', '이마트', '우리금융지주'], 'market_in_price': [134500, 272500, 103000, 278500, 66700, 55600, 75500, 44750, 142500, 127000, 5600, 123500, 262000, 11750, 14150, 239000, 31050, 120500, 81500, 104800, 301000, 144500, 14100], 'myhave_cnt': [8, 5, 14, 4, 17, 21, 15, 33, 10, 9, 266, 12, 5, 100, 84, 6, 48, 9, 14, 14, 4, 8, 84], 'run_price': [131500, 260000, 98000, 267000, 63200, 52900, 74100, 42000, 138500, 119500, 5250, 117000, 261500, 11500, 13750, 223000, 30850, 118500, 79600, 96600, 288000, 141000, 13850], 'sell_price': [132000, 260500, 98100, 267000, 63200, 52900, 74100, 42050, 139000, 119500, 5260, 117000, 261500, 11500, 13750, 223500, 30850, 119000, 79600, 96700, 288500, 141000, 13900], 'sell_cnt': [2641, 1612, 2157, 47, 2629, 585, 72, 4404, 1135, 1449, 53526, 3605, 6813, 32032, 24212, 1167, 2947, 18672, 453, 45, 86, 1887, 47569], 'buy_price': [131500, 260000, 98000, 266500, 63100, 52800, 74000, 42000, 138500, 119000, 5250, 116500, 261000, 11450, 13700, 223000, 30800, 118500, 79500, 96500, 288000, 140500, 13850], 'buy_cnt': [3469, 2265, 693, 174, 7910, 1309, 247, 3331, 310, 3433, 21861, 5951, 4022, 37916, 93595, 1849, 1958, 10995, 727, 409, 207, 3186, 82613], 'vol_cnt': [21143, 62820, 46670, 7902, 83364, 324351, 30916, 156586, 274311, 16996, 892285, 75018, 103442, 431351, 393174, 53341, 238354, 238052, 75839, 26142, 16477, 88697, 385445], 'deal_power': [105.11, 157.89, 66.68, 60.44, 102.48, 61.69, 101.22, 48.55, 95.01, 38.6, 97.13, 105.76, 159.02, 175.4, 83.54, 68.47, 250.45, 70.24, 65.79, 50.05, 61.97, 123.63, 102.32]}
{'stock_no': [], 'deal_power': []}
timer600틱 끝 timer1 재시작
timer600틱 시작 timer1 중지
-----
10분에 한번씩 클럭 발생::체결강도 전송 실행시간 : 15:00:00
계좌평가잔고내역요청 전송
000120;000810;001040;002380;002790;003670;004800;004990;005380;006280;008560;009540;017670;018880;024110;034730;035250;035420;069960;078340;097950;139480;316140;
23
{'stock_no': ['000120', '000810', '001040', '002380', '002790', '003670', '004800', '004990', '005380', '006280', '008560', '009540', '017670', '018880', '024110', '034730', '035250', '035420', '069960', '078340', '097950', '139480', '316140'], 'stock_name': ['CJ대한통운', '삼성화재', 'CJ', 'KCC', '아모레G', '포스코케미칼', '효성', '롯데지주', '현대차', '녹십자', '메리츠종금증권', '한국조선해양', 'SK텔레콤', '한온시스템', '기업은행', 'SK', '강원랜드', 'NAVER', '현대백화점', '컴투스', 'CJ제일제당', '이마트', '우리금융지주'], 'market_in_price': [134500, 272500, 103000, 278500, 66700, 55600, 75500, 44750, 142500, 127000, 5600, 123500, 262000, 11750, 14150, 239000, 31050, 120500, 81500, 104800, 301000, 144500, 14100], 'myhave_cnt': [8, 5, 14, 4, 17, 21, 15, 33, 10, 9, 266, 12, 5, 100, 84, 6, 48, 9, 14, 14, 4, 8, 84], 'run_price': [131500, 260500, 97900, 265500, 63200, 53000, 74000, 42000, 139000, 119500, 5260, 117000, 261000, 11500, 13750, 224000, 30850, 118500, 79800, 97000, 288500, 141000, 13850], 'sell_price': [132000, 261000, 98000, 266000, 63200, 53000, 74000, 42000, 139000, 119500, 5260, 117000, 261000, 11500, 13750, 224000, 30850, 118500, 79800, 97000, 289000, 141000, 13900], 'sell_cnt': [2410, 2554, 753, 117, 1557, 480, 84, 1852, 15711, 1797, 51782, 5015, 5581, 32906, 17715, 2171, 866, 10728, 306, 32, 322, 3044, 80510], 'buy_price': [131500, 260000, 97900, 265500, 63100, 52900, 73900, 41950, 138500, 119000, 5250, 116500, 260500, 11450, 13700, 223500, 30800, 118000, 79700, 96800, 288500, 140500, 13850], 'buy_cnt': [2810, 1548, 1059, 165, 6690, 1558, 121, 988, 7251, 3026, 4697, 4595, 774, 38357, 85230, 709, 1278, 19834, 621, 180, 97, 3479, 50735], 'vol_cnt': [22958, 65040, 47713, 8529, 86868, 330831, 32244, 166721, 281092, 17923, 932168, 77693, 112493, 441064, 408412, 55721, 252591, 265275, 79510, 28390, 17357, 90774, 417771], 'deal_power': [108.37, 160.11, 65.88, 56.14, 106.42, 64.14, 100.46, 48.59, 94.57, 41.19, 92.91, 104.52, 142.99, 168.51, 88.3, 73.36, 259.51, 68.39, 66.21, 47.11, 60.15, 123.39, 94.02]}
{'stock_no': [], 'deal_power': []}
timer600틱 끝 timer1 재시작
timer600틱 시작 timer1 중지
-----
10분에 한번씩 클럭 발생::체결강도 전송 실행시간 : 15:10:00
계좌평가잔고내역요청 전송
000120;000810;001040;002380;002790;003670;004800;004990;005380;006280;008560;009540;017670;018880;024110;034730;035250;035420;069960;078340;097950;139480;316140;
23
{'stock_no': ['000120', '000810', '001040', '002380', '002790', '003670', '004800', '004990', '005380', '006280', '008560', '009540', '017670', '018880', '024110', '034730', '035250', '035420', '069960', '078340', '097950', '139480', '316140'], 'stock_name': ['CJ대한통운', '삼성화재', 'CJ', 'KCC', '아모레G', '포스코케미칼', '효성', '롯데지주', '현대차', '녹십자', '메리츠종금증권', '한국조선해양', 'SK텔레콤', '한온시스템', '기업은행', 'SK', '강원랜드', 'NAVER', '현대백화점', '컴투스', 'CJ제일제당', '이마트', '우리금융지주'], 'market_in_price': [134500, 272500, 103000, 278500, 66700, 55600, 75500, 44750, 142500, 127000, 5600, 123500, 262000, 11750, 14150, 239000, 31050, 120500, 81500, 104800, 301000, 144500, 14100], 'myhave_cnt': [8, 5, 14, 4, 17, 21, 15, 33, 10, 9, 266, 12, 5, 100, 84, 6, 48, 9, 14, 14, 4, 8, 84], 'run_price': [132000, 260500, 97900, 263000, 63400, 53100, 74200, 42150, 139000, 119500, 5250, 117000, 261000, 11450, 13750, 223500, 30800, 118500, 79400, 97000, 289000, 140500, 13900], 'sell_price': [132000, 260500, 97900, 263500, 63500, 53100, 74200, 42150, 139000, 119500, 5250, 117000, 261000, 11500, 13750, 224000, 30800, 118500, 79500, 97200, 289500, 141000, 13900], 'sell_cnt': [2146, 1487, 103, 134, 1602, 1243, 83, 837, 20847, 1819, 64877, 4922, 4077, 34051, 13206, 2244, 317, 11347, 440, 27, 222, 3856, 85746], 'buy_price': [131500, 260000, 97800, 263000, 63400, 53000, 74100, 42100, 138500, 119000, 5240, 116500, 260500, 11450, 13700, 223500, 30750, 118000, 79400, 96900, 289000, 140500, 13850], 'buy_cnt': [2171, 1215, 1509, 108, 436, 3375, 322, 192, 10001, 2730, 25370, 3194, 1884, 37406, 78639, 191, 2150, 21658, 29, 43, 126, 4268, 38974], 'vol_cnt': [24381, 66413, 49407, 9931, 93128, 336874, 33323, 173111, 286087, 18551, 1003405, 80513, 117880, 446887, 424164, 57722, 263460, 270924, 80934, 29638, 17980, 93317, 434238], 'deal_power': [106.06, 160.06, 65.85, 52.83, 112.73, 66.05, 103.8, 53.61, 95.27, 40.58, 88.42, 103.6, 146.23, 165.06, 93.2, 72.51, 258.76, 69.17, 64.94, 48.1, 62.1, 119.35, 90.4]}
{'stock_no': [], 'deal_power': []}
timer600틱 끝 timer1 재시작
timer600틱 시작 timer1 중지
-----
10분에 한번씩 클럭 발생::체결강도 전송 실행시간 : 15:20:00
계좌평가잔고내역요청 전송
000120;000810;001040;002380;002790;003670;004800;004990;005380;006280;008560;009540;017670;018880;024110;034730;035250;035420;069960;078340;097950;139480;316140;
23
{'stock_no': ['000120', '000810', '001040', '002380', '002790', '003670', '004800', '004990', '005380', '006280', '008560', '009540', '017670', '018880', '024110', '034730', '035250', '035420', '069960', '078340', '097950', '139480', '316140'], 'stock_name': ['CJ대한통운', '삼성화재', 'CJ', 'KCC', '아모레G', '포스코케미칼', '효성', '롯데지주', '현대차', '녹십자', '메리츠종금증권', '한국조선해양', 'SK텔레콤', '한온시스템', '기업은행', 'SK', '강원랜드', 'NAVER', '현대백화점', '컴투스', 'CJ제일제당', '이마트', '우리금융지주'], 'market_in_price': [134500, 272500, 103000, 278500, 66700, 55600, 75500, 44750, 142500, 127000, 5600, 123500, 262000, 11750, 14150, 239000, 31050, 120500, 81500, 104800, 301000, 144500, 14100], 'myhave_cnt': [8, 5, 14, 4, 17, 21, 15, 33, 10, 9, 266, 12, 5, 100, 84, 6, 48, 9, 14, 14, 4, 8, 84], 'run_price': [132000, 260500, 97800, 263500, 63200, 53000, 73900, 42150, 138500, 119500, 5230, 116500, 260500, 11450, 13750, 223000, 30550, 118500, 79300, 97300, 289000, 140500, 13800], 'sell_price': [132000, 260500, 97800, 263500, 63300, 53000, 74100, 42150, 138500, 119500, 5230, 116500, 260500, 11500, 13750, 223000, 30600, 118500, 79300, 97300, 289500, 141000, 13850], 'sell_cnt': [579, 882, 84, 135, 2007, 1621, 11, 41, 3802, 1755, 23765, 785, 2, 26340, 8409, 348, 510, 9405, 15, 25, 168, 3416, 36355], 'buy_price': [131500, 260000, 97700, 263000, 63200, 52800, 73900, 42100, 138000, 119000, 5220, 116000, 260000, 11450, 13700, 222500, 30550, 118000, 79200, 96300, 289000, 140500, 13800], 'buy_cnt': [1272, 5, 4521, 12, 3379, 3009, 293, 271, 15937, 2402, 1683, 4931, 1052, 13602, 82125, 1230, 1677, 11708, 360, 13, 17, 5138, 127339], 'vol_cnt': [25989, 68702, 52481, 12173, 95676, 350139, 34257, 175390, 302872, 19305, 1165156, 86653, 122455, 463003, 442985, 61718, 271612, 286923, 83305, 33899, 18297, 97654, 488634], 'deal_power': [116.19, 161.7, 66.09, 56.56, 109.53, 66.84, 100.87, 53.73, 90.78, 42.0, 94.27, 98.38, 149.99, 158.88, 99.48, 68.86, 242.76, 66.89, 63.7, 46.52, 61.62, 110.54, 76.4]}
{'stock_no': [], 'deal_power': []}
timer600틱 끝 timer1 재시작
4
장종료 알림 4, 8
8
장종료 알림 4, 8
