계좌평가잔고내역요청 전송
000120;000810;001040;002380;002790;003670;004800;004990;005380;006280;008560;009540;017670;018880;024110;034730;035250;035420;069960;078340;097950;139480;316140;
23
{'stock_no': ['000120', '000810', '001040', '002380', '002790', '003670', '004800', '004990', '005380', '006280', '008560', '009540', '017670', '018880', '024110', '034730', '035250', '035420', '069960', '078340', '097950', '139480', '316140'], 'stock_name': ['CJ대한통운', '삼성화재', 'CJ', 'KCC', '아모레G', '포스코케미칼', '효성', '롯데지주', '현대차', '녹십자', '메리츠종금증권', '한국조선해양', 'SK텔레콤', '한온시스템', '기업은행', 'SK', '강원랜드', 'NAVER', '현대백화점', '컴투스', 'CJ제일제당', '이마트', '우리금융지주'], 'market_in_price': [134500, 272500, 103000, 278500, 66700, 55600, 75500, 44750, 142500, 127000, 5600, 123500, 262000, 11750, 14150, 239000, 31050, 120500, 81500, 104800, 301000, 144500, 14100], 'myhave_cnt': [8, 5, 14, 4, 17, 21, 15, 33, 10, 9, 266, 12, 5, 100, 84, 6, 48, 9, 14, 14, 4, 8, 84], 'run_price': [139000, 259000, 98400, 260000, 62600, 52900, 73000, 40700, 140500, 115000, 5290, 115000, 257500, 11500, 13700, 222500, 30050, 117500, 80900, 97300, 287500, 143500, 13750], 'sell_price': [139000, 259000, 98400, 260500, 62600, 52900, 73000, 40750, 141000, 115500, 5300, 115500, 257500, 11550, 13700, 223000, 30100, 118000, 80900, 97200, 287500, 143500, 13800], 'sell_cnt': [1734, 1893, 479, 145, 2388, 2059, 178, 163, 39039, 351, 8457, 2092, 224, 10484, 38414, 799, 2139, 3952, 142, 1, 138, 835, 4686], 'buy_price': [138500, 258500, 98300, 260000, 62500, 52800, 72900, 40700, 140500, 115000, 5290, 115000, 257000, 11500, 13650, 222500, 30050, 117500, 80800, 97100, 286500, 143000, 13750], 'buy_cnt': [97, 134, 914, 182, 1669, 1696, 116, 703, 9610, 771, 17308, 2404, 977, 27618, 40078, 1153, 4094, 7207, 114, 2, 363, 2910, 53503], 'vol_cnt': [48757, 22406, 10476, 6632, 23008, 75999, 5793, 14410, 123219, 1126, 153801, 27198, 25085, 71058, 54561, 12982, 100655, 38041, 7545, 5930, 2885, 70195, 199108], 'deal_power': [333.36, 60.9, 83.54, 72.6, 81.12, 229.6, 90.58, 93.21, 110.95, 200.0, 53.6, 103.5, 248.31, 319.19, 254.55, 75.25, 185.92, 112.8, 179.26, 47.82, 94.06, 197.76, 71.6]}
-----
자동주문 버튼 True 실행시간 : 10:01:58
자동주문 클릭시 timer1 시작
자동주문 클릭시 timer600 시작
timer600틱 시작 timer1 중지
-----
10분에 한번씩 클럭 발생::체결강도 전송 실행시간 : 10:11:58
계좌평가잔고내역요청 전송
000120;000810;001040;002380;002790;003670;004800;004990;005380;006280;008560;009540;017670;018880;024110;034730;035250;035420;069960;078340;097950;139480;316140;
23
{'stock_no': ['000120', '000810', '001040', '002380', '002790', '003670', '004800', '004990', '005380', '006280', '008560', '009540', '017670', '018880', '024110', '034730', '035250', '035420', '069960', '078340', '097950', '139480', '316140'], 'stock_name': ['CJ대한통운', '삼성화재', 'CJ', 'KCC', '아모레G', '포스코케미칼', '효성', '롯데지주', '현대차', '녹십자', '메리츠종금증권', '한국조선해양', 'SK텔레콤', '한온시스템', '기업은행', 'SK', '강원랜드', 'NAVER', '현대백화점', '컴투스', 'CJ제일제당', '이마트', '우리금융지주'], 'market_in_price': [134500, 272500, 103000, 278500, 66700, 55600, 75500, 44750, 142500, 127000, 5600, 123500, 262000, 11750, 14150, 239000, 31050, 120500, 81500, 104800, 301000, 144500, 14100], 'myhave_cnt': [8, 5, 14, 4, 17, 21, 15, 33, 10, 9, 266, 12, 5, 100, 84, 6, 48, 9, 14, 14, 4, 8, 84], 'run_price': [139000, 259000, 99000, 259000, 62500, 52700, 72700, 41000, 141000, 115500, 5270, 115000, 258500, 11500, 13700, 222500, 30000, 118000, 80500, 97300, 287500, 143500, 13800], 'sell_price': [139000, 259000, 99000, 259500, 62600, 52700, 72800, 41000, 141000, 116000, 5280, 115000, 258500, 11550, 13700, 223000, 30050, 118000, 80600, 97300, 287500, 144000, 13850], 'sell_cnt': [1589, 1910, 66, 88, 4066, 2880, 116, 20, 43099, 1143, 14209, 2625, 559, 18682, 25580, 1408, 4723, 3782, 95, 571, 5, 3315, 10268], 'buy_price': [138500, 258500, 98900, 259000, 62500, 52600, 72700, 40950, 140500, 115500, 5270, 114500, 258000, 11500, 13650, 222500, 30000, 117500, 80500, 97100, 287000, 143500, 13800], 'buy_cnt': [1349, 1266, 531, 139, 1837, 1370, 118, 2, 28443, 1058, 11335, 5141, 1737, 27395, 47138, 1623, 1517, 10501, 236, 24, 53, 1128, 33295], 'vol_cnt': [50351, 22934, 14942, 7107, 23974, 95725, 6420, 19498, 126541, 1562, 177160, 29202, 27475, 78001, 60893, 13236, 114073, 42563, 8593, 6091, 3314, 71433, 214220], 'deal_power': [342.15, 63.59, 139.53, 68.91, 78.01, 211.94, 76.56, 126.93, 111.65, 312.36, 45.84, 95.5, 255.28, 237.19, 258.57, 74.22, 155.82, 128.23, 157.13, 46.7, 87.86, 200.77, 72.75]}
{'stock_no': ['098460', '000120', '096770', '006280'], 'deal_power': [450.25, 342.15, 315.44, 312.36]}
buy_able_money < market_in_pro
0
buy_able_money < market_in_pro
0
timer600틱 끝 timer1 재시작
timer600틱 시작 timer1 중지
-----
10분에 한번씩 클럭 발생::체결강도 전송 실행시간 : 10:21:58
계좌평가잔고내역요청 전송
000120;000810;001040;002380;002790;003670;004800;004990;005380;006280;008560;009540;017670;018880;024110;034730;035250;035420;069960;078340;097950;139480;316140;
23
{'stock_no': ['000120', '000810', '001040', '002380', '002790', '003670', '004800', '004990', '005380', '006280', '008560', '009540', '017670', '018880', '024110', '034730', '035250', '035420', '069960', '078340', '097950', '139480', '316140'], 'stock_name': ['CJ대한통운', '삼성화재', 'CJ', 'KCC', '아모레G', '포스코케미칼', '효성', '롯데지주', '현대차', '녹십자', '메리츠종금증권', '한국조선해양', 'SK텔레콤', '한온시스템', '기업은행', 'SK', '강원랜드', 'NAVER', '현대백화점', '컴투스', 'CJ제일제당', '이마트', '우리금융지주'], 'market_in_price': [134500, 272500, 103000, 278500, 66700, 55600, 75500, 44750, 142500, 127000, 5600, 123500, 262000, 11750, 14150, 239000, 31050, 120500, 81500, 104800, 301000, 144500, 14100], 'myhave_cnt': [8, 5, 14, 4, 17, 21, 15, 33, 10, 9, 266, 12, 5, 100, 84, 6, 48, 9, 14, 14, 4, 8, 84], 'run_price': [139000, 258500, 99100, 259000, 62600, 52800, 72700, 41100, 140000, 116000, 5300, 115000, 258500, 11550, 13750, 222500, 29950, 118000, 80600, 97500, 287500, 143500, 13800], 'sell_price': [139000, 259000, 99200, 259000, 62600, 52800, 72800, 41150, 140500, 116000, 5300, 115000, 259000, 11550, 13750, 223000, 30000, 118000, 80600, 97600, 288000, 143500, 13850], 'sell_cnt': [2509, 1948, 282, 117, 6206, 1188, 126, 48, 7923, 1115, 14498, 4734, 1715, 27092, 51966, 1388, 2241, 950, 205, 52, 116, 2796, 20619], 'buy_price': [138500, 258500, 99100, 258500, 62500, 52700, 72700, 41100, 140000, 115500, 5290, 114500, 258500, 11500, 13700, 222500, 29950, 117500, 80500, 97500, 287500, 143000, 13800], 'buy_cnt': [522, 2310, 55, 130, 3278, 507, 344, 221, 15482, 81, 11070, 4368, 212, 25499, 17542, 1687, 5479, 5737, 222, 16, 146, 2697, 22928], 'vol_cnt': [52373, 23425, 15851, 7451, 24544, 106838, 7144, 23597, 214477, 2752, 207320, 30832, 29298, 84657, 85012, 13687, 118177, 54932, 9491, 7836, 3450, 74402, 225126], 'deal_power': [313.01, 65.8, 136.95, 68.32, 77.69, 211.73, 70.01, 156.32, 113.21, 81.06, 64.07, 90.84, 258.49, 219.02, 372.12, 71.63, 144.94, 120.27, 155.86, 65.09, 87.48, 186.69, 72.42]}
{'stock_no': ['024110', '000120', '096770'], 'deal_power': [372.12, 313.01, 312.17]}
buy_able_money < market_in_pro
0
timer600틱 끝 timer1 재시작
-----
매도종목검색 실행시간 : 10:22:00
sell_item_list.append(strCode)
000120
134500
139000
tarket_earn_ret
1
목표수익 도달 청산
9004
['000120']
[0]
['000120']
[8]
Fri Jul 12 10:22:00 2019
['전송', 1, '000120', 8, 139000, '']
전송
Fri Jul 12 10:22:00 2019
['접수', 1, '000120', 8, 139000, '0009328']
접수
timer600틱 시작 timer1 중지
-----
10분에 한번씩 클럭 발생::체결강도 전송 실행시간 : 10:31:58
계좌평가잔고내역요청 전송
000120;000810;001040;002380;002790;003670;004800;004990;005380;006280;008560;009540;017670;018880;024110;034730;035250;035420;069960;078340;097950;139480;316140;
23
{'stock_no': ['000120', '000810', '001040', '002380', '002790', '003670', '004800', '004990', '005380', '006280', '008560', '009540', '017670', '018880', '024110', '034730', '035250', '035420', '069960', '078340', '097950', '139480', '316140'], 'stock_name': ['CJ대한통운', '삼성화재', 'CJ', 'KCC', '아모레G', '포스코케미칼', '효성', '롯데지주', '현대차', '녹십자', '메리츠종금증권', '한국조선해양', 'SK텔레콤', '한온시스템', '기업은행', 'SK', '강원랜드', 'NAVER', '현대백화점', '컴투스', 'CJ제일제당', '이마트', '우리금융지주'], 'market_in_price': [134500, 272500, 103000, 278500, 66700, 55600, 75500, 44750, 142500, 127000, 5600, 123500, 262000, 11750, 14150, 239000, 31050, 120500, 81500, 104800, 301000, 144500, 14100], 'myhave_cnt': [8, 5, 14, 4, 17, 21, 15, 33, 10, 9, 266, 12, 5, 100, 84, 6, 48, 9, 14, 14, 4, 8, 84], 'run_price': [139000, 260000, 98800, 260000, 62500, 52900, 72900, 41250, 140000, 116000, 5330, 114500, 259000, 11550, 13700, 223000, 29950, 117500, 80800, 97800, 288500, 142000, 13800], 'sell_price': [139000, 260500, 98900, 260000, 62600, 52900, 73000, 41300, 140500, 116000, 5330, 115000, 259000, 11550, 13750, 223500, 30000, 118000, 80900, 97900, 289000, 142500, 13850], 'sell_cnt': [1647, 936, 131, 36, 2220, 2311, 272, 110, 6971, 1187, 11283, 5331, 1949, 21849, 52292, 3925, 4261, 4412, 290, 115, 76, 1413, 6015], 'buy_price': [138500, 260000, 98800, 259500, 62500, 52800, 72900, 41250, 140000, 115500, 5320, 114500, 258500, 11500, 13700, 223000, 29950, 117500, 80800, 97800, 288500, 142000, 13800], 'buy_cnt': [1557, 507, 285, 60, 3345, 1510, 384, 120, 18270, 60, 11566, 5583, 2200, 29199, 37811, 1147, 5460, 7888, 210, 66, 41, 4276, 43219], 'vol_cnt': [53570, 26639, 17687, 7949, 35364, 110278, 7835, 31042, 221350, 2897, 248227, 32083, 29726, 90725, 91883, 17150, 123954, 61122, 10916, 9029, 3829, 80090, 255936], 'deal_power': [308.54, 84.02, 129.11, 73.72, 102.4, 214.52, 82.78, 153.49, 111.06, 75.52, 90.76, 89.09, 252.35, 233.68, 363.43, 99.27, 151.56, 115.11, 162.09, 76.85, 105.8, 162.6, 73.86]}
{'stock_no': ['098460', '096770', '000120'], 'deal_power': [475.85, 344.51, 308.54]}
buy_able_money < market_in_pro
0
buy_able_money < market_in_pro
0
timer600틱 끝 timer1 재시작
Fri Jul 12 10:36:29 2019
['체결', 1, '000120', 8, 139000, '0009328']
체결
True
['전송vs체결수량OK']
['접수vs체결수량OK']
True
접수vs체결수량OK timer1 중지
접수vs체결수량OK timer600 중지
주문타이머 시작
{'OrderRunKind': ['전송'], 'SellBuyType': [1], 'OrderRunCode': ['000120'], 'OrderRunVolume': [8], 'OrderRunPrice': [139000], 'OrgOrderNo': [''], 'modify_item': ['전송vs체결수량OK']}
{'OrderRunKind': ['접수'], 'SellBuyType': [1], 'OrderRunCode': ['000120'], 'OrderRunVolume': [8], 'OrderRunPrice': [139000], 'OrgOrderNo': ['0009328'], 'modify_item': ['접수vs체결수량OK']}
{'OrderRunKind': ['체결'], 'SellBuyType': [1], 'OrderRunCode': ['000120'], 'OrderRunVolume': [8], 'OrderRunPrice': [139000], 'OrgOrderNo': ['0009328'], 'modify_item': ['']}
계좌평가잔고내역요청 전송
000810;001040;002380;002790;003670;004800;004990;005380;006280;008560;009540;017670;018880;024110;034730;035250;035420;069960;078340;097950;139480;316140;
22
{'stock_no': ['000810', '001040', '002380', '002790', '003670', '004800', '004990', '005380', '006280', '008560', '009540', '017670', '018880', '024110', '034730', '035250', '035420', '069960', '078340', '097950', '139480', '316140'], 'stock_name': ['삼성화재', 'CJ', 'KCC', '아모레G', '포스코케미칼', '효성', '롯데지주', '현대차', '녹십자', '메리츠종금증권', '한국조선해양', 'SK텔레콤', '한온시스템', '기업은행', 'SK', '강원랜드', 'NAVER', '현대백화점', '컴투스', 'CJ제일제당', '이마트', '우리금융지주'], 'market_in_price': [272500, 103000, 278500, 66700, 55600, 75500, 44750, 142500, 127000, 5600, 123500, 262000, 11750, 14150, 239000, 31050, 120500, 81500, 104800, 301000, 144500, 14100], 'myhave_cnt': [5, 14, 4, 17, 21, 15, 33, 10, 9, 266, 12, 5, 100, 84, 6, 48, 9, 14, 14, 4, 8, 84], 'run_price': [260000, 98800, 260000, 62500, 53000, 72900, 41350, 140000, 115500, 5320, 115000, 258500, 11550, 13700, 223500, 29950, 118000, 80900, 97800, 289000, 142000, 13800], 'sell_price': [260500, 98900, 260500, 62600, 53000, 73000, 41400, 140500, 116000, 5330, 115000, 259000, 11550, 13750, 223500, 30000, 118000, 80900, 97800, 289000, 142500, 13850], 'sell_cnt': [1129, 16, 184, 3867, 2789, 313, 39, 7869, 1180, 11259, 5408, 1499, 24497, 54260, 3824, 2285, 3787, 408, 76, 114, 3634, 662], 'buy_price': [260000, 98800, 260000, 62500, 52900, 72900, 41350, 140000, 115500, 5320, 114500, 258500, 11500, 13700, 223000, 29950, 117500, 80800, 97700, 288500, 142000, 13800], 'buy_cnt': [1116, 338, 2, 469, 1849, 437, 1, 2373, 26, 13948, 5980, 3173, 32730, 41337, 1570, 12543, 9280, 410, 24, 196, 4409, 53034], 'vol_cnt': [26782, 18164, 8136, 39458, 114660, 7939, 32298, 244023, 2988, 252433, 32980, 30299, 92585, 94747, 17306, 125763, 61824, 11195, 9218, 3912, 81172, 267351], 'deal_power': [83.23, 126.61, 73.48, 84.38, 224.66, 83.54, 147.5, 92.73, 71.55, 91.72, 87.43, 253.0, 237.2, 364.4, 99.0, 153.26, 115.8, 161.87, 74.85, 103.95, 160.57, 78.43]}
주문타이머 중지
주문 체결 완료 timer1 재시작
주문 체결 완료 timer600 재시작
timer600틱 시작 timer1 중지
-----
10분에 한번씩 클럭 발생::체결강도 전송 실행시간 : 10:46:31
계좌평가잔고내역요청 전송
000810;001040;002380;002790;003670;004800;004990;005380;006280;008560;009540;017670;018880;024110;034730;035250;035420;069960;078340;097950;139480;316140;
22
{'stock_no': ['000810', '001040', '002380', '002790', '003670', '004800', '004990', '005380', '006280', '008560', '009540', '017670', '018880', '024110', '034730', '035250', '035420', '069960', '078340', '097950', '139480', '316140'], 'stock_name': ['삼성화재', 'CJ', 'KCC', '아모레G', '포스코케미칼', '효성', '롯데지주', '현대차', '녹십자', '메리츠종금증권', '한국조선해양', 'SK텔레콤', '한온시스템', '기업은행', 'SK', '강원랜드', 'NAVER', '현대백화점', '컴투스', 'CJ제일제당', '이마트', '우리금융지주'], 'market_in_price': [272500, 103000, 278500, 66700, 55600, 75500, 44750, 142500, 127000, 5600, 123500, 262000, 11750, 14150, 239000, 31050, 120500, 81500, 104800, 301000, 144500, 14100], 'myhave_cnt': [5, 14, 4, 17, 21, 15, 33, 10, 9, 266, 12, 5, 100, 84, 6, 48, 9, 14, 14, 4, 8, 84], 'run_price': [260000, 98800, 259000, 62500, 52900, 72800, 41400, 140000, 115500, 5320, 115000, 259000, 11550, 13650, 223000, 29950, 118000, 80900, 97800, 288500, 141000, 13850], 'sell_price': [260500, 98900, 259000, 62600, 52900, 72900, 41450, 140000, 115500, 5330, 115000, 259000, 11550, 13700, 223500, 30000, 118000, 81000, 97900, 289000, 141500, 13900], 'sell_cnt': [1592, 105, 207, 5707, 1220, 306, 13, 20038, 599, 16778, 4185, 1266, 22151, 30473, 3388, 1803, 6753, 221, 63, 261, 1754, 52457], 'buy_price': [260000, 98800, 258500, 62500, 52800, 72800, 41400, 139500, 115000, 5320, 114500, 258500, 11500, 13650, 223000, 29950, 117500, 80900, 97800, 288500, 141000, 13850], 'buy_cnt': [1411, 386, 157, 412, 598, 392, 2005, 11758, 960, 14428, 10386, 3899, 32602, 32701, 4764, 7652, 11352, 17, 217, 295, 1892, 35469], 'vol_cnt': [27116, 19524, 8472, 40403, 121032, 8508, 33622, 261046, 3641, 258052, 36287, 31413, 100671, 147281, 18046, 131774, 62850, 13121, 10264, 4043, 90316, 277421], 'deal_power': [83.44, 115.08, 70.2, 80.8, 217.17, 76.17, 154.99, 94.77, 95.86, 91.88, 96.55, 258.44, 247.3, 125.31, 102.82, 159.03, 114.61, 175.06, 83.78, 105.58, 129.48, 75.39]}
{'stock_no': ['098460', '096770', '000120'], 'deal_power': [396.57, 392.49, 317.93]}
buy_able_money < market_in_pro
0
buy_able_money < market_in_pro
0
timer600틱 끝 timer1 재시작
timer600틱 시작 timer1 중지
-----
10분에 한번씩 클럭 발생::체결강도 전송 실행시간 : 10:56:31
계좌평가잔고내역요청 전송
000810;001040;002380;002790;003670;004800;004990;005380;006280;008560;009540;017670;018880;024110;034730;035250;035420;069960;078340;097950;139480;316140;
22
{'stock_no': ['000810', '001040', '002380', '002790', '003670', '004800', '004990', '005380', '006280', '008560', '009540', '017670', '018880', '024110', '034730', '035250', '035420', '069960', '078340', '097950', '139480', '316140'], 'stock_name': ['삼성화재', 'CJ', 'KCC', '아모레G', '포스코케미칼', '효성', '롯데지주', '현대차', '녹십자', '메리츠종금증권', '한국조선해양', 'SK텔레콤', '한온시스템', '기업은행', 'SK', '강원랜드', 'NAVER', '현대백화점', '컴투스', 'CJ제일제당', '이마트', '우리금융지주'], 'market_in_price': [272500, 103000, 278500, 66700, 55600, 75500, 44750, 142500, 127000, 5600, 123500, 262000, 11750, 14150, 239000, 31050, 120500, 81500, 104800, 301000, 144500, 14100], 'myhave_cnt': [5, 14, 4, 17, 21, 15, 33, 10, 9, 266, 12, 5, 100, 84, 6, 48, 9, 14, 14, 4, 8, 84], 'run_price': [260500, 98800, 258500, 62500, 53200, 72800, 41500, 140000, 115500, 5330, 115500, 259500, 11500, 13650, 224500, 29950, 118000, 80900, 98100, 289000, 141500, 13850], 'sell_price': [261000, 98900, 259000, 62600, 53200, 72900, 41550, 140000, 116000, 5330, 115500, 260000, 11550, 13700, 224500, 30000, 118500, 81000, 98200, 289000, 141500, 13900], 'sell_cnt': [808, 570, 163, 2572, 1103, 588, 357, 24413, 1232, 5022, 3243, 1175, 17222, 28923, 2968, 5266, 14116, 221, 705, 154, 2424, 51058], 'buy_price': [260500, 98800, 258500, 62500, 53100, 72800, 41500, 139500, 115500, 5320, 115000, 259500, 11500, 13650, 224000, 29950, 118000, 80900, 98100, 288500, 141000, 13850], 'buy_cnt': [701, 411, 98, 2711, 1645, 470, 29, 18762, 328, 17909, 5919, 1755, 38702, 49998, 145, 9416, 11195, 413, 470, 487, 3790, 43057], 'vol_cnt': [28890, 20456, 8965, 47978, 138489, 8698, 35754, 262241, 4058, 297238, 43404, 41676, 114000, 154816, 23522, 134187, 74058, 13649, 12074, 4238, 96164, 290810], 'deal_power': [92.96, 109.98, 69.27, 80.97, 238.05, 75.77, 159.02, 94.15, 102.04, 89.3, 125.22, 331.55, 271.4, 129.09, 153.82, 156.14, 123.76, 182.78, 106.67, 108.92, 125.5, 73.81]}
{'stock_no': ['098460', '096770', '000120', '033780'], 'deal_power': [386.22, 378.04, 321.05, 302.66]}
buy_able_money < market_in_pro
0
buy_able_money < market_in_pro
0
buy_able_money < market_in_pro
0
timer600틱 끝 timer1 재시작
timer600틱 시작 timer1 중지
-----
10분에 한번씩 클럭 발생::체결강도 전송 실행시간 : 11:06:31
계좌평가잔고내역요청 전송
000810;001040;002380;002790;003670;004800;004990;005380;006280;008560;009540;017670;018880;024110;034730;035250;035420;069960;078340;097950;139480;316140;
22
{'stock_no': ['000810', '001040', '002380', '002790', '003670', '004800', '004990', '005380', '006280', '008560', '009540', '017670', '018880', '024110', '034730', '035250', '035420', '069960', '078340', '097950', '139480', '316140'], 'stock_name': ['삼성화재', 'CJ', 'KCC', '아모레G', '포스코케미칼', '효성', '롯데지주', '현대차', '녹십자', '메리츠종금증권', '한국조선해양', 'SK텔레콤', '한온시스템', '기업은행', 'SK', '강원랜드', 'NAVER', '현대백화점', '컴투스', 'CJ제일제당', '이마트', '우리금융지주'], 'market_in_price': [272500, 103000, 278500, 66700, 55600, 75500, 44750, 142500, 127000, 5600, 123500, 262000, 11750, 14150, 239000, 31050, 120500, 81500, 104800, 301000, 144500, 14100], 'myhave_cnt': [5, 14, 4, 17, 21, 15, 33, 10, 9, 266, 12, 5, 100, 84, 6, 48, 9, 14, 14, 4, 8, 84], 'run_price': [260500, 98900, 259000, 62400, 53200, 72800, 41450, 140000, 115500, 5330, 116000, 260000, 11550, 13700, 224500, 30000, 118000, 81000, 98200, 288000, 140500, 13850], 'sell_price': [261000, 98900, 259000, 62500, 53200, 72900, 41500, 140000, 116000, 5330, 116000, 260000, 11550, 13700, 224500, 30000, 118500, 81100, 98200, 288500, 141000, 13900], 'sell_cnt': [1729, 326, 35, 1272, 1508, 501, 347, 23621, 1348, 4758, 7259, 2729, 24049, 29650, 1493, 3455, 16009, 226, 1, 61, 3017, 51774], 'buy_price': [260500, 98800, 258500, 62400, 53100, 72800, 41450, 139500, 115500, 5320, 115500, 259500, 11500, 13650, 224000, 29950, 118000, 81000, 98100, 288000, 140500, 13850], 'buy_cnt': [1064, 485, 64, 2705, 29, 105, 510, 17749, 667, 18880, 5604, 1994, 35722, 51966, 1993, 17757, 9902, 89, 102, 18, 3446, 24435], 'vol_cnt': [29129, 20513, 9195, 51510, 157378, 9275, 36738, 264847, 4313, 303828, 48888, 42516, 122048, 161975, 24306, 138617, 76519, 15650, 13420, 5187, 103881, 317631], 'deal_power': [91.72, 110.18, 67.94, 72.93, 226.54, 69.55, 159.74, 94.78, 98.45, 90.95, 143.53, 332.97, 278.18, 133.05, 155.61, 159.6, 115.85, 178.16, 114.83, 92.67, 109.07, 72.96]}
{'stock_no': ['098460', '096770', '033780', '000120'], 'deal_power': [382.64, 342.33, 322.65, 306.57]}
buy_able_money < market_in_pro
0
buy_able_money < market_in_pro
0
buy_able_money < market_in_pro
0
timer600틱 끝 timer1 재시작
timer600틱 시작 timer1 중지
-----
10분에 한번씩 클럭 발생::체결강도 전송 실행시간 : 11:16:31
계좌평가잔고내역요청 전송
000810;001040;002380;002790;003670;004800;004990;005380;006280;008560;009540;017670;018880;024110;034730;035250;035420;069960;078340;097950;139480;316140;
22
{'stock_no': ['000810', '001040', '002380', '002790', '003670', '004800', '004990', '005380', '006280', '008560', '009540', '017670', '018880', '024110', '034730', '035250', '035420', '069960', '078340', '097950', '139480', '316140'], 'stock_name': ['삼성화재', 'CJ', 'KCC', '아모레G', '포스코케미칼', '효성', '롯데지주', '현대차', '녹십자', '메리츠종금증권', '한국조선해양', 'SK텔레콤', '한온시스템', '기업은행', 'SK', '강원랜드', 'NAVER', '현대백화점', '컴투스', 'CJ제일제당', '이마트', '우리금융지주'], 'market_in_price': [272500, 103000, 278500, 66700, 55600, 75500, 44750, 142500, 127000, 5600, 123500, 262000, 11750, 14150, 239000, 31050, 120500, 81500, 104800, 301000, 144500, 14100], 'myhave_cnt': [5, 14, 4, 17, 21, 15, 33, 10, 9, 266, 12, 5, 100, 84, 6, 48, 9, 14, 14, 4, 8, 84], 'run_price': [260500, 98800, 258000, 62400, 53100, 72700, 41300, 139500, 115000, 5290, 115500, 259500, 11500, 13650, 223500, 29950, 118000, 81100, 97800, 288500, 141000, 13850], 'sell_price': [261000, 98800, 258500, 62500, 53100, 72800, 41300, 140000, 115500, 5300, 116000, 259500, 11550, 13700, 224000, 30000, 118500, 81100, 97900, 288500, 141000, 13900], 'sell_cnt': [1458, 572, 191, 5192, 1343, 319, 188, 33339, 668, 1212, 5966, 2809, 26224, 28301, 2112, 2079, 16904, 265, 36, 243, 2388, 29398], 'buy_price': [260500, 98700, 258000, 62400, 53000, 72700, 41250, 139500, 115000, 5290, 115500, 259000, 11500, 13650, 223500, 29950, 118000, 81000, 97800, 288000, 140500, 13850], 'buy_cnt': [1911, 343, 509, 1776, 248, 317, 1023, 18162, 1361, 6941, 6785, 3287, 36085, 54501, 1912, 17312, 9789, 159, 35, 52, 3834, 54486], 'vol_cnt': [29855, 21180, 9403, 52985, 161722, 9487, 39261, 267758, 4563, 340786, 51969, 45663, 131065, 171276, 26929, 142078, 77883, 16792, 13605, 5426, 106741, 351554], 'deal_power': [94.01, 105.61, 66.7, 69.73, 218.85, 67.34, 145.03, 95.5, 89.12, 79.72, 146.5, 275.03, 296.89, 134.13, 127.48, 162.18, 112.49, 179.6, 112.17, 94.73, 109.52, 82.78]}
{'stock_no': ['098460', '096770', '033780', '000120', '018880'], 'deal_power': [390.71, 356.38, 351.08, 305.39, 296.89]}
buy_able_money < market_in_pro
0
buy_able_money < market_in_pro
0
buy_able_money < market_in_pro
0
timer600틱 끝 timer1 재시작
timer600틱 시작 timer1 중지
-----
10분에 한번씩 클럭 발생::체결강도 전송 실행시간 : 11:26:31
계좌평가잔고내역요청 전송
000810;001040;002380;002790;003670;004800;004990;005380;006280;008560;009540;017670;018880;024110;034730;035250;035420;069960;078340;097950;139480;316140;
22
{'stock_no': ['000810', '001040', '002380', '002790', '003670', '004800', '004990', '005380', '006280', '008560', '009540', '017670', '018880', '024110', '034730', '035250', '035420', '069960', '078340', '097950', '139480', '316140'], 'stock_name': ['삼성화재', 'CJ', 'KCC', '아모레G', '포스코케미칼', '효성', '롯데지주', '현대차', '녹십자', '메리츠종금증권', '한국조선해양', 'SK텔레콤', '한온시스템', '기업은행', 'SK', '강원랜드', 'NAVER', '현대백화점', '컴투스', 'CJ제일제당', '이마트', '우리금융지주'], 'market_in_price': [272500, 103000, 278500, 66700, 55600, 75500, 44750, 142500, 127000, 5600, 123500, 262000, 11750, 14150, 239000, 31050, 120500, 81500, 104800, 301000, 144500, 14100], 'myhave_cnt': [5, 14, 4, 17, 21, 15, 33, 10, 9, 266, 12, 5, 100, 84, 6, 48, 9, 14, 14, 4, 8, 84], 'run_price': [260500, 98800, 258000, 62400, 53000, 72700, 41200, 140000, 115000, 5290, 115500, 258500, 11550, 13650, 223500, 30000, 118500, 81100, 97600, 289000, 140500, 13850], 'sell_price': [261000, 98800, 258500, 62400, 53000, 72800, 41250, 140000, 115500, 5300, 116000, 258500, 11550, 13700, 224000, 30000, 118500, 81100, 97700, 289000, 141000, 13900], 'sell_cnt': [1546, 351, 222, 3287, 1831, 322, 477, 32126, 708, 4775, 5685, 318, 18844, 37794, 1616, 2877, 18372, 141, 1, 303, 3038, 40980], 'buy_price': [260500, 98700, 258000, 62300, 52900, 72700, 41200, 139500, 115000, 5290, 115500, 258000, 11500, 13650, 223500, 29950, 118000, 81000, 97600, 288500, 140500, 13850], 'buy_cnt': [734, 389, 382, 3677, 878, 151, 943, 22867, 1209, 10715, 10908, 2156, 42127, 52624, 2237, 8400, 9429, 86, 8, 178, 3798, 51674], 'vol_cnt': [30719, 21646, 9643, 56094, 167589, 9888, 42128, 270832, 4745, 349136, 54879, 49601, 140424, 178854, 27756, 143988, 80381, 17972, 13701, 5540, 108726, 360685], 'deal_power': [90.76, 102.22, 66.23, 65.09, 212.79, 64.09, 131.26, 96.26, 83.83, 80.57, 151.76, 215.86, 299.04, 136.56, 129.21, 159.97, 106.51, 169.6, 111.55, 95.19, 109.31, 80.43]}
{'stock_no': ['098460', '096770', '033780', '000120', '018880'], 'deal_power': [388.7, 366.56, 360.43, 303.47, 299.04]}
buy_able_money < market_in_pro
0
buy_able_money < market_in_pro
0
buy_able_money < market_in_pro
0
timer600틱 끝 timer1 재시작
timer600틱 시작 timer1 중지
-----
10분에 한번씩 클럭 발생::체결강도 전송 실행시간 : 11:36:31
계좌평가잔고내역요청 전송
000810;001040;002380;002790;003670;004800;004990;005380;006280;008560;009540;017670;018880;024110;034730;035250;035420;069960;078340;097950;139480;316140;
22
{'stock_no': ['000810', '001040', '002380', '002790', '003670', '004800', '004990', '005380', '006280', '008560', '009540', '017670', '018880', '024110', '034730', '035250', '035420', '069960', '078340', '097950', '139480', '316140'], 'stock_name': ['삼성화재', 'CJ', 'KCC', '아모레G', '포스코케미칼', '효성', '롯데지주', '현대차', '녹십자', '메리츠종금증권', '한국조선해양', 'SK텔레콤', '한온시스템', '기업은행', 'SK', '강원랜드', 'NAVER', '현대백화점', '컴투스', 'CJ제일제당', '이마트', '우리금융지주'], 'market_in_price': [272500, 103000, 278500, 66700, 55600, 75500, 44750, 142500, 127000, 5600, 123500, 262000, 11750, 14150, 239000, 31050, 120500, 81500, 104800, 301000, 144500, 14100], 'myhave_cnt': [5, 14, 4, 17, 21, 15, 33, 10, 9, 266, 12, 5, 100, 84, 6, 48, 9, 14, 14, 4, 8, 84], 'run_price': [261000, 98800, 258000, 62300, 53100, 72700, 41200, 139500, 115000, 5290, 116000, 258500, 11500, 13650, 223500, 29950, 118000, 81000, 97200, 288500, 141000, 13850], 'sell_price': [261500, 98900, 258500, 62400, 53100, 72700, 41250, 140000, 115500, 5300, 116000, 258500, 11550, 13700, 224000, 30000, 118500, 81000, 97400, 289000, 141000, 13900], 'sell_cnt': [1865, 637, 235, 5835, 1658, 49, 344, 35300, 1244, 11096, 4974, 143, 16771, 14838, 1109, 3321, 20676, 125, 12, 402, 3690, 22763], 'buy_price': [261000, 98800, 258000, 62300, 53000, 72600, 41200, 139500, 115000, 5290, 115500, 258000, 11500, 13650, 223500, 29950, 118000, 80900, 97200, 288500, 140500, 13850], 'buy_cnt': [1528, 323, 59, 3068, 850, 1561, 1439, 22594, 1111, 11030, 11150, 2609, 33082, 78069, 1991, 7980, 8322, 163, 158, 180, 6139, 36370], 'vol_cnt': [31471, 21749, 10111, 57064, 173575, 10531, 43361, 274601, 4900, 357827, 58404, 50372, 162760, 195217, 28901, 146580, 82247, 18539, 13890, 5672, 110775, 377135], 'deal_power': [93.35, 102.83, 62.95, 63.75, 213.0, 64.27, 137.41, 97.46, 79.6, 79.04, 158.21, 218.29, 351.06, 152.59, 130.78, 158.95, 102.93, 171.58, 108.88, 95.58, 109.4, 83.34]}
{'stock_no': ['098460', '096770', '033780', '000120'], 'deal_power': [376.42, 357.89, 349.92, 298.74]}
buy_able_money < market_in_pro
0
buy_able_money < market_in_pro
0
buy_able_money < market_in_pro
0
timer600틱 끝 timer1 재시작
timer600틱 시작 timer1 중지
-----
10분에 한번씩 클럭 발생::체결강도 전송 실행시간 : 11:46:31
계좌평가잔고내역요청 전송
000810;001040;002380;002790;003670;004800;004990;005380;006280;008560;009540;017670;018880;024110;034730;035250;035420;069960;078340;097950;139480;316140;
22
{'stock_no': ['000810', '001040', '002380', '002790', '003670', '004800', '004990', '005380', '006280', '008560', '009540', '017670', '018880', '024110', '034730', '035250', '035420', '069960', '078340', '097950', '139480', '316140'], 'stock_name': ['삼성화재', 'CJ', 'KCC', '아모레G', '포스코케미칼', '효성', '롯데지주', '현대차', '녹십자', '메리츠종금증권', '한국조선해양', 'SK텔레콤', '한온시스템', '기업은행', 'SK', '강원랜드', 'NAVER', '현대백화점', '컴투스', 'CJ제일제당', '이마트', '우리금융지주'], 'market_in_price': [272500, 103000, 278500, 66700, 55600, 75500, 44750, 142500, 127000, 5600, 123500, 262000, 11750, 14150, 239000, 31050, 120500, 81500, 104800, 301000, 144500, 14100], 'myhave_cnt': [5, 14, 4, 17, 21, 15, 33, 10, 9, 266, 12, 5, 100, 84, 6, 48, 9, 14, 14, 4, 8, 84], 'run_price': [261000, 98800, 257500, 62100, 53100, 72700, 41250, 140000, 115000, 5290, 115500, 258500, 11550, 13650, 223500, 29950, 117500, 80900, 97400, 288500, 140000, 13850], 'sell_price': [261500, 98900, 258000, 62200, 53100, 72800, 41250, 140000, 115500, 5300, 116000, 259000, 11550, 13700, 224000, 30000, 118000, 81000, 97500, 289000, 140500, 13900], 'sell_cnt': [2457, 1001, 199, 4670, 1418, 341, 662, 37599, 790, 3728, 3678, 1353, 6355, 7294, 1271, 3974, 5569, 96, 33, 171, 2941, 37202], 'buy_price': [261000, 98800, 257500, 62100, 53000, 72700, 41200, 139500, 115000, 5290, 115500, 258500, 11500, 13650, 223500, 29950, 117500, 80900, 97400, 288500, 140000, 13850], 'buy_cnt': [1666, 602, 55, 1666, 393, 282, 1250, 19824, 991, 11670, 10370, 1645, 32337, 75482, 1473, 17496, 4778, 193, 1, 482, 5676, 21905], 'vol_cnt': [31771, 21898, 10432, 64529, 176320, 10985, 44498, 279412, 5074, 366831, 70306, 51239, 171576, 208166, 29949, 148638, 91569, 19218, 13988, 6016, 117879, 384808], 'deal_power': [92.28, 102.4, 61.16, 53.24, 211.15, 62.02, 142.59, 99.36, 76.66, 80.0, 160.61, 220.86, 367.94, 155.09, 135.57, 156.57, 85.44, 171.03, 108.56, 89.76, 99.56, 80.73]}
{'stock_no': ['018880', '098460', '096770', '000120', '267250'], 'deal_power': [367.94, 359.49, 352.33, 299.7, 288.62]}
buy_able_money < market_in_pro
0
buy_able_money < market_in_pro
0
buy_able_money < market_in_pro
0
timer600틱 끝 timer1 재시작
timer600틱 시작 timer1 중지
-----
10분에 한번씩 클럭 발생::체결강도 전송 실행시간 : 11:56:31
계좌평가잔고내역요청 전송
000810;001040;002380;002790;003670;004800;004990;005380;006280;008560;009540;017670;018880;024110;034730;035250;035420;069960;078340;097950;139480;316140;
22
{'stock_no': ['000810', '001040', '002380', '002790', '003670', '004800', '004990', '005380', '006280', '008560', '009540', '017670', '018880', '024110', '034730', '035250', '035420', '069960', '078340', '097950', '139480', '316140'], 'stock_name': ['삼성화재', 'CJ', 'KCC', '아모레G', '포스코케미칼', '효성', '롯데지주', '현대차', '녹십자', '메리츠종금증권', '한국조선해양', 'SK텔레콤', '한온시스템', '기업은행', 'SK', '강원랜드', 'NAVER', '현대백화점', '컴투스', 'CJ제일제당', '이마트', '우리금융지주'], 'market_in_price': [272500, 103000, 278500, 66700, 55600, 75500, 44750, 142500, 127000, 5600, 123500, 262000, 11750, 14150, 239000, 31050, 120500, 81500, 104800, 301000, 144500, 14100], 'myhave_cnt': [5, 14, 4, 17, 21, 15, 33, 10, 9, 266, 12, 5, 100, 84, 6, 48, 9, 14, 14, 4, 8, 84], 'run_price': [261000, 98800, 257500, 62100, 53000, 72700, 41200, 140000, 115000, 5290, 116000, 259000, 11550, 13750, 224000, 30000, 117500, 81000, 97500, 288500, 140000, 13850], 'sell_price': [261500, 98800, 258000, 62200, 53000, 72800, 41250, 140000, 115500, 5300, 116000, 259000, 11550, 13750, 224000, 30000, 118000, 81000, 97500, 289000, 140500, 13900], 'sell_cnt': [2548, 270, 193, 5369, 546, 246, 145, 27087, 912, 9815, 2156, 584, 5262, 66962, 1468, 3351, 5863, 136, 16, 168, 3318, 34759], 'buy_price': [261000, 98700, 257500, 62100, 52900, 72700, 41200, 139500, 115000, 5290, 115500, 258500, 11500, 13700, 223500, 29950, 117500, 80900, 97400, 288500, 140000, 13850], 'buy_cnt': [1480, 68, 23, 782, 407, 530, 851, 14025, 845, 11323, 9478, 1567, 32531, 36360, 1350, 17652, 6833, 61, 6, 475, 5396, 11838], 'vol_cnt': [32311, 22624, 10636, 66682, 179754, 11435, 46090, 298157, 5292, 372982, 73545, 52297, 178343, 219182, 30968, 154677, 93890, 19909, 14129, 6116, 120158, 397690], 'deal_power': [93.0, 96.87, 60.53, 50.95, 209.16, 64.37, 144.08, 109.97, 74.37, 78.97, 164.28, 220.26, 378.49, 165.87, 140.16, 161.83, 84.21, 172.95, 108.92, 90.29, 98.54, 77.29]}
{'stock_no': ['018880', '098460', '096770', '000120', '267250'], 'deal_power': [378.43, 375.97, 352.14, 303.67, 296.98]}
buy_able_money < market_in_pro
0
buy_able_money < market_in_pro
0
buy_able_money < market_in_pro
0
timer600틱 끝 timer1 재시작
timer600틱 시작 timer1 중지
-----
10분에 한번씩 클럭 발생::체결강도 전송 실행시간 : 12:06:31
계좌평가잔고내역요청 전송
000810;001040;002380;002790;003670;004800;004990;005380;006280;008560;009540;017670;018880;024110;034730;035250;035420;069960;078340;097950;139480;316140;
22
{'stock_no': ['000810', '001040', '002380', '002790', '003670', '004800', '004990', '005380', '006280', '008560', '009540', '017670', '018880', '024110', '034730', '035250', '035420', '069960', '078340', '097950', '139480', '316140'], 'stock_name': ['삼성화재', 'CJ', 'KCC', '아모레G', '포스코케미칼', '효성', '롯데지주', '현대차', '녹십자', '메리츠종금증권', '한국조선해양', 'SK텔레콤', '한온시스템', '기업은행', 'SK', '강원랜드', 'NAVER', '현대백화점', '컴투스', 'CJ제일제당', '이마트', '우리금융지주'], 'market_in_price': [272500, 103000, 278500, 66700, 55600, 75500, 44750, 142500, 127000, 5600, 123500, 262000, 11750, 14150, 239000, 31050, 120500, 81500, 104800, 301000, 144500, 14100], 'myhave_cnt': [5, 14, 4, 17, 21, 15, 33, 10, 9, 266, 12, 5, 100, 84, 6, 48, 9, 14, 14, 4, 8, 84], 'run_price': [261500, 98800, 258500, 62000, 53000, 72700, 41250, 139500, 115000, 5300, 116500, 259000, 11550, 13700, 224000, 29950, 117500, 81000, 97500, 289000, 140000, 13850], 'sell_price': [261500, 98800, 259000, 62100, 53000, 72800, 41250, 140000, 115500, 5300, 116500, 259000, 11550, 13750, 224000, 30000, 118000, 81000, 97600, 289000, 140500, 13900], 'sell_cnt': [1989, 163, 136, 6499, 2168, 191, 221, 25684, 822, 11917, 10202, 57, 1503, 69652, 344, 3770, 5939, 131, 30, 173, 3537, 31869], 'buy_price': [261000, 98700, 258500, 62000, 52900, 72700, 41200, 139500, 115000, 5290, 116000, 258500, 11500, 13700, 223500, 29950, 117500, 80900, 97500, 288500, 140000, 13850], 'buy_cnt': [1991, 664, 15, 3999, 184, 51, 1086, 20821, 117, 6422, 3091, 1795, 32838, 34855, 1340, 7724, 10041, 226, 2, 506, 5761, 9923], 'vol_cnt': [33331, 22855, 10957, 69856, 182399, 11844, 47612, 299758, 6185, 387782, 77541, 53475, 189256, 227366, 32130, 162506, 94980, 20325, 14332, 6264, 121840, 409998], 'deal_power': [97.28, 98.23, 62.36, 47.92, 206.86, 61.87, 144.89, 109.97, 58.13, 75.91, 171.45, 220.88, 403.04, 167.71, 145.66, 170.32, 84.19, 177.34, 108.56, 91.82, 98.62, 73.54]}
{'stock_no': ['018880', '098460', '096770', '000120'], 'deal_power': [403.04, 381.58, 356.81, 305.72]}
buy_able_money < market_in_pro
0
buy_able_money < market_in_pro
0
timer600틱 끝 timer1 재시작
timer600틱 시작 timer1 중지
-----
10분에 한번씩 클럭 발생::체결강도 전송 실행시간 : 12:16:31
계좌평가잔고내역요청 전송
000810;001040;002380;002790;003670;004800;004990;005380;006280;008560;009540;017670;018880;024110;034730;035250;035420;069960;078340;097950;139480;316140;
22
{'stock_no': ['000810', '001040', '002380', '002790', '003670', '004800', '004990', '005380', '006280', '008560', '009540', '017670', '018880', '024110', '034730', '035250', '035420', '069960', '078340', '097950', '139480', '316140'], 'stock_name': ['삼성화재', 'CJ', 'KCC', '아모레G', '포스코케미칼', '효성', '롯데지주', '현대차', '녹십자', '메리츠종금증권', '한국조선해양', 'SK텔레콤', '한온시스템', '기업은행', 'SK', '강원랜드', 'NAVER', '현대백화점', '컴투스', 'CJ제일제당', '이마트', '우리금융지주'], 'market_in_price': [272500, 103000, 278500, 66700, 55600, 75500, 44750, 142500, 127000, 5600, 123500, 262000, 11750, 14150, 239000, 31050, 120500, 81500, 104800, 301000, 144500, 14100], 'myhave_cnt': [5, 14, 4, 17, 21, 15, 33, 10, 9, 266, 12, 5, 100, 84, 6, 48, 9, 14, 14, 4, 8, 84], 'run_price': [261000, 98700, 259500, 62000, 52900, 72600, 41250, 140000, 115000, 5300, 116500, 259000, 11500, 13700, 224000, 29950, 117500, 81000, 97700, 288500, 140500, 13850], 'sell_price': [261500, 98800, 260000, 62100, 52900, 72700, 41300, 140000, 115500, 5300, 116500, 259500, 11550, 13750, 224500, 30000, 118000, 81000, 97700, 289000, 140500, 13900], 'sell_cnt': [1618, 334, 52, 8396, 3909, 231, 564, 24106, 867, 5768, 10100, 2482, 7156, 68521, 3644, 2409, 6004, 659, 1, 304, 3689, 31435], 'buy_price': [261000, 98700, 259500, 62000, 52800, 72600, 41250, 139500, 115000, 5290, 116000, 259000, 11500, 13700, 224000, 29950, 117500, 80900, 97600, 288500, 140000, 13850], 'buy_cnt': [1861, 769, 66, 3517, 504, 1541, 1571, 31295, 780, 16173, 3246, 380, 36875, 35210, 1218, 6435, 9803, 59, 18, 544, 5507, 5939], 'vol_cnt': [34007, 23148, 11212, 71165, 185494, 12108, 48843, 302606, 6460, 395905, 79426, 54164, 195564, 233058, 34832, 166174, 96193, 21383, 14488, 6347, 123531, 418483], 'deal_power': [98.68, 100.25, 64.0, 46.89, 206.83, 61.07, 150.04, 110.76, 58.4, 76.7, 170.19, 222.77, 415.53, 170.94, 133.63, 168.35, 83.63, 177.11, 110.1, 92.02, 99.22, 71.25]}
{'stock_no': ['018880', '098460', '096770', '000120'], 'deal_power': [415.53, 373.25, 361.73, 309.17]}
buy_able_money < market_in_pro
0
buy_able_money < market_in_pro
0
timer600틱 끝 timer1 재시작
timer600틱 시작 timer1 중지
-----
10분에 한번씩 클럭 발생::체결강도 전송 실행시간 : 12:26:31
계좌평가잔고내역요청 전송
000810;001040;002380;002790;003670;004800;004990;005380;006280;008560;009540;017670;018880;024110;034730;035250;035420;069960;078340;097950;139480;316140;
22
{'stock_no': ['000810', '001040', '002380', '002790', '003670', '004800', '004990', '005380', '006280', '008560', '009540', '017670', '018880', '024110', '034730', '035250', '035420', '069960', '078340', '097950', '139480', '316140'], 'stock_name': ['삼성화재', 'CJ', 'KCC', '아모레G', '포스코케미칼', '효성', '롯데지주', '현대차', '녹십자', '메리츠종금증권', '한국조선해양', 'SK텔레콤', '한온시스템', '기업은행', 'SK', '강원랜드', 'NAVER', '현대백화점', '컴투스', 'CJ제일제당', '이마트', '우리금융지주'], 'market_in_price': [272500, 103000, 278500, 66700, 55600, 75500, 44750, 142500, 127000, 5600, 123500, 262000, 11750, 14150, 239000, 31050, 120500, 81500, 104800, 301000, 144500, 14100], 'myhave_cnt': [5, 14, 4, 17, 21, 15, 33, 10, 9, 266, 12, 5, 100, 84, 6, 48, 9, 14, 14, 4, 8, 84], 'run_price': [261000, 98800, 259500, 62000, 52900, 72600, 41300, 140000, 115500, 5290, 116000, 259000, 11500, 13700, 224000, 29950, 117500, 80900, 97700, 288500, 140000, 13850], 'sell_price': [261500, 98800, 260000, 62100, 52900, 72700, 41300, 140000, 115500, 5300, 116500, 259000, 11550, 13750, 224500, 30000, 118000, 81000, 97800, 289000, 140500, 13900], 'sell_cnt': [1752, 368, 116, 8340, 2595, 312, 145, 24048, 883, 5551, 9876, 415, 11001, 65640, 3544, 1910, 7730, 419, 117, 296, 3910, 15135], 'buy_price': [261000, 98700, 259500, 62000, 52800, 72600, 41250, 139500, 115000, 5290, 116000, 258500, 11500, 13700, 224000, 29950, 117500, 80900, 97700, 288500, 140000, 13850], 'buy_cnt': [1954, 1053, 72, 3110, 791, 1560, 1473, 29945, 796, 16820, 3093, 2188, 29422, 36928, 1235, 6116, 8618, 4, 4, 547, 5238, 42634], 'vol_cnt': [34380, 23206, 11452, 72624, 188239, 12702, 50344, 306054, 6628, 404380, 81726, 55235, 207693, 242004, 35895, 167991, 97457, 22046, 14561, 6436, 125165, 435385], 'deal_power': [99.38, 100.4, 65.33, 45.85, 205.53, 58.46, 156.17, 112.18, 56.62, 76.62, 169.5, 219.15, 353.84, 167.32, 137.07, 166.9, 82.32, 179.14, 109.76, 92.86, 100.13, 73.81]}
{'stock_no': ['096770', '000120'], 'deal_power': [370.4, 313.13]}
buy_able_money < market_in_pro
0
timer600틱 끝 timer1 재시작
timer600틱 시작 timer1 중지
-----
10분에 한번씩 클럭 발생::체결강도 전송 실행시간 : 12:36:31
계좌평가잔고내역요청 전송
000810;001040;002380;002790;003670;004800;004990;005380;006280;008560;009540;017670;018880;024110;034730;035250;035420;069960;078340;097950;139480;316140;
22
{'stock_no': ['000810', '001040', '002380', '002790', '003670', '004800', '004990', '005380', '006280', '008560', '009540', '017670', '018880', '024110', '034730', '035250', '035420', '069960', '078340', '097950', '139480', '316140'], 'stock_name': ['삼성화재', 'CJ', 'KCC', '아모레G', '포스코케미칼', '효성', '롯데지주', '현대차', '녹십자', '메리츠종금증권', '한국조선해양', 'SK텔레콤', '한온시스템', '기업은행', 'SK', '강원랜드', 'NAVER', '현대백화점', '컴투스', 'CJ제일제당', '이마트', '우리금융지주'], 'market_in_price': [272500, 103000, 278500, 66700, 55600, 75500, 44750, 142500, 127000, 5600, 123500, 262000, 11750, 14150, 239000, 31050, 120500, 81500, 104800, 301000, 144500, 14100], 'myhave_cnt': [5, 14, 4, 17, 21, 15, 33, 10, 9, 266, 12, 5, 100, 84, 6, 48, 9, 14, 14, 4, 8, 84], 'run_price': [261500, 98500, 259500, 62000, 52800, 72600, 41250, 140500, 115000, 5300, 116000, 259000, 11550, 13700, 224500, 29950, 118000, 80800, 97700, 288500, 140500, 13900], 'sell_price': [261500, 98600, 260000, 62100, 52900, 72700, 41250, 140500, 115500, 5300, 116000, 259000, 11550, 13750, 224500, 30000, 118000, 80900, 97800, 289000, 140500, 13900], 'sell_cnt': [2182, 321, 165, 8901, 1341, 75, 238, 17426, 991, 2717, 5688, 2035, 19522, 61327, 1111, 1982, 7838, 152, 7, 543, 3703, 31505], 'buy_price': [261000, 98500, 259500, 62000, 52800, 72600, 41200, 140000, 115000, 5290, 115500, 258500, 11500, 13700, 224000, 29950, 117500, 80800, 97700, 288500, 140000, 13850], 'buy_cnt': [2084, 319, 74, 6316, 818, 174, 1524, 10378, 584, 18608, 4527, 6159, 29298, 39013, 1822, 5204, 9264, 129, 33, 293, 5555, 40006], 'vol_cnt': [34903, 24327, 11698, 73849, 190542, 14825, 52316, 331691, 6926, 416325, 85527, 56404, 213858, 248328, 38047, 170252, 98699, 22627, 14872, 7132, 126891, 444153], 'deal_power': [101.09, 94.98, 66.88, 45.14, 206.77, 51.8, 150.68, 128.67, 53.39, 77.07, 157.7, 218.44, 363.25, 170.37, 129.67, 164.14, 81.81, 179.74, 109.44, 82.87, 100.82, 72.45]}
{'stock_no': ['096770', '000120', '098460'], 'deal_power': [369.83, 316.68, 296.12]}
buy_able_money < market_in_pro
0
buy_able_money < market_in_pro
0
timer600틱 끝 timer1 재시작
timer600틱 시작 timer1 중지
-----
10분에 한번씩 클럭 발생::체결강도 전송 실행시간 : 12:46:31
계좌평가잔고내역요청 전송
000810;001040;002380;002790;003670;004800;004990;005380;006280;008560;009540;017670;018880;024110;034730;035250;035420;069960;078340;097950;139480;316140;
22
{'stock_no': ['000810', '001040', '002380', '002790', '003670', '004800', '004990', '005380', '006280', '008560', '009540', '017670', '018880', '024110', '034730', '035250', '035420', '069960', '078340', '097950', '139480', '316140'], 'stock_name': ['삼성화재', 'CJ', 'KCC', '아모레G', '포스코케미칼', '효성', '롯데지주', '현대차', '녹십자', '메리츠종금증권', '한국조선해양', 'SK텔레콤', '한온시스템', '기업은행', 'SK', '강원랜드', 'NAVER', '현대백화점', '컴투스', 'CJ제일제당', '이마트', '우리금융지주'], 'market_in_price': [272500, 103000, 278500, 66700, 55600, 75500, 44750, 142500, 127000, 5600, 123500, 262000, 11750, 14150, 239000, 31050, 120500, 81500, 104800, 301000, 144500, 14100], 'myhave_cnt': [5, 14, 4, 17, 21, 15, 33, 10, 9, 266, 12, 5, 100, 84, 6, 48, 9, 14, 14, 4, 8, 84], 'run_price': [261000, 98600, 259500, 62000, 53000, 72600, 41300, 140000, 115000, 5290, 115500, 259500, 11550, 13700, 224000, 29950, 117500, 80900, 97400, 289000, 140500, 13900], 'sell_price': [261500, 98600, 260000, 62100, 53000, 72700, 41300, 140000, 115500, 5300, 116000, 259500, 11550, 13750, 224500, 30000, 118000, 80900, 97800, 289000, 140500, 13900], 'sell_cnt': [2722, 174, 170, 10963, 827, 149, 12, 31326, 1037, 3266, 6460, 2208, 18715, 61191, 862, 3640, 9515, 224, 74, 524, 4282, 32568], 'buy_price': [261000, 98500, 259500, 62000, 52900, 72600, 41250, 139500, 115000, 5290, 115500, 259000, 11500, 13700, 224000, 29950, 117500, 80800, 97400, 288500, 140000, 13850], 'buy_cnt': [1970, 501, 8, 4915, 917, 634, 1315, 14882, 437, 15159, 6238, 1498, 25348, 37494, 1831, 16789, 8077, 56, 51, 274, 5180, 34413], 'vol_cnt': [35317, 24683, 11980, 76763, 194930, 15222, 53560, 350027, 7176, 426100, 86823, 58292, 220645, 257162, 38746, 171980, 99752, 23176, 15424, 7248, 128704, 453657], 'deal_power': [101.3, 93.72, 68.24, 43.24, 204.52, 52.13, 156.24, 117.15, 51.07, 77.32, 156.43, 226.49, 370.02, 168.97, 131.45, 162.97, 80.88, 180.26, 107.39, 83.26, 101.17, 71.47]}
{'stock_no': ['018880', '096770', '000120', '098460'], 'deal_power': [370.02, 366.94, 311.21, 297.79]}
buy_able_money < market_in_pro
0
buy_able_money < market_in_pro
0
timer600틱 끝 timer1 재시작
timer600틱 시작 timer1 중지
-----
10분에 한번씩 클럭 발생::체결강도 전송 실행시간 : 12:56:31
계좌평가잔고내역요청 전송
000810;001040;002380;002790;003670;004800;004990;005380;006280;008560;009540;017670;018880;024110;034730;035250;035420;069960;078340;097950;139480;316140;
22
{'stock_no': ['000810', '001040', '002380', '002790', '003670', '004800', '004990', '005380', '006280', '008560', '009540', '017670', '018880', '024110', '034730', '035250', '035420', '069960', '078340', '097950', '139480', '316140'], 'stock_name': ['삼성화재', 'CJ', 'KCC', '아모레G', '포스코케미칼', '효성', '롯데지주', '현대차', '녹십자', '메리츠종금증권', '한국조선해양', 'SK텔레콤', '한온시스템', '기업은행', 'SK', '강원랜드', 'NAVER', '현대백화점', '컴투스', 'CJ제일제당', '이마트', '우리금융지주'], 'market_in_price': [272500, 103000, 278500, 66700, 55600, 75500, 44750, 142500, 127000, 5600, 123500, 262000, 11750, 14150, 239000, 31050, 120500, 81500, 104800, 301000, 144500, 14100], 'myhave_cnt': [5, 14, 4, 17, 21, 15, 33, 10, 9, 266, 12, 5, 100, 84, 6, 48, 9, 14, 14, 4, 8, 84], 'run_price': [261000, 98600, 260000, 62000, 53100, 72600, 41250, 139500, 115000, 5300, 115500, 259500, 11500, 13700, 224000, 29950, 118000, 80800, 97600, 288500, 140000, 13850], 'sell_price': [261500, 98600, 260500, 62100, 53100, 72700, 41350, 140000, 115500, 5310, 116000, 259500, 11550, 13750, 224500, 30000, 118000, 80800, 97700, 289000, 140500, 13900], 'sell_cnt': [2629, 637, 139, 10170, 2428, 267, 349, 34581, 1009, 14481, 6261, 1253, 21975, 55024, 1328, 3960, 9657, 347, 45, 530, 4370, 34566], 'buy_price': [261000, 98500, 260000, 62000, 53000, 72600, 41250, 139500, 115000, 5300, 115500, 259000, 11500, 13700, 224000, 29950, 117500, 80600, 97600, 288500, 140000, 13850], 'buy_cnt': [2325, 135, 189, 5360, 1176, 508, 1148, 18324, 103, 6886, 6001, 5511, 25111, 26985, 2215, 6071, 7130, 290, 32, 218, 5865, 23585], 'vol_cnt': [35935, 24906, 12217, 79197, 198388, 15423, 55834, 351357, 7591, 447014, 88924, 60121, 227362, 263297, 40460, 173563, 101241, 23963, 15600, 7350, 130302, 463257], 'deal_power': [102.03, 92.85, 69.7, 41.68, 205.7, 51.18, 153.83, 116.39, 47.4, 83.2, 153.49, 236.32, 375.31, 171.7, 135.59, 160.68, 79.98, 179.89, 107.0, 83.44, 101.96, 70.02]}
{'stock_no': ['018880', '096770', '000120'], 'deal_power': [375.31, 363.77, 303.53]}
buy_able_money < market_in_pro
0
timer600틱 끝 timer1 재시작
timer600틱 시작 timer1 중지
-----
10분에 한번씩 클럭 발생::체결강도 전송 실행시간 : 13:06:31
계좌평가잔고내역요청 전송
000810;001040;002380;002790;003670;004800;004990;005380;006280;008560;009540;017670;018880;024110;034730;035250;035420;069960;078340;097950;139480;316140;
22
{'stock_no': ['000810', '001040', '002380', '002790', '003670', '004800', '004990', '005380', '006280', '008560', '009540', '017670', '018880', '024110', '034730', '035250', '035420', '069960', '078340', '097950', '139480', '316140'], 'stock_name': ['삼성화재', 'CJ', 'KCC', '아모레G', '포스코케미칼', '효성', '롯데지주', '현대차', '녹십자', '메리츠종금증권', '한국조선해양', 'SK텔레콤', '한온시스템', '기업은행', 'SK', '강원랜드', 'NAVER', '현대백화점', '컴투스', 'CJ제일제당', '이마트', '우리금융지주'], 'market_in_price': [272500, 103000, 278500, 66700, 55600, 75500, 44750, 142500, 127000, 5600, 123500, 262000, 11750, 14150, 239000, 31050, 120500, 81500, 104800, 301000, 144500, 14100], 'myhave_cnt': [5, 14, 4, 17, 21, 15, 33, 10, 9, 266, 12, 5, 100, 84, 6, 48, 9, 14, 14, 4, 8, 84], 'run_price': [261000, 98500, 260500, 62000, 53000, 72800, 41300, 139500, 115500, 5300, 116000, 259500, 11550, 13700, 224500, 30000, 117500, 80600, 97400, 288500, 140000, 13900], 'sell_price': [261500, 98600, 260500, 62100, 53000, 72900, 41300, 140000, 115500, 5310, 116000, 259500, 11550, 13750, 224500, 30000, 118000, 80700, 97500, 289000, 140000, 13900], 'sell_cnt': [2479, 835, 12, 10515, 1133, 130, 286, 39353, 1103, 7622, 5009, 3153, 24880, 71355, 1987, 5772, 8993, 332, 30, 567, 4390, 34646], 'buy_price': [261000, 98500, 260000, 62000, 52900, 72800, 41250, 139500, 115000, 5300, 115500, 259000, 11500, 13700, 224000, 29950, 117500, 80600, 97300, 288500, 139500, 13850], 'buy_cnt': [2148, 241, 38, 5756, 994, 13, 1671, 18997, 1148, 8563, 5572, 2618, 25032, 29463, 2248, 4632, 4000, 16, 28, 178, 2997, 17275], 'vol_cnt': [37154, 25066, 12488, 80444, 202188, 16471, 56605, 355265, 7838, 456381, 90885, 61073, 232622, 272986, 41184, 176303, 103028, 24511, 15770, 7727, 141400, 473244], 'deal_power': [105.09, 92.18, 71.18, 41.59, 201.9, 52.91, 155.58, 117.89, 46.17, 83.53, 152.2, 238.02, 378.77, 167.56, 137.61, 157.12, 79.42, 178.05, 105.14, 77.78, 89.23, 68.21]}
{'stock_no': ['018880', '098460'], 'deal_power': [378.78, 324.62]}
buy_able_money < market_in_pro
0
timer600틱 끝 timer1 재시작
timer600틱 시작 timer1 중지
-----
10분에 한번씩 클럭 발생::체결강도 전송 실행시간 : 13:16:31
계좌평가잔고내역요청 전송
000810;001040;002380;002790;003670;004800;004990;005380;006280;008560;009540;017670;018880;024110;034730;035250;035420;069960;078340;097950;139480;316140;
22
{'stock_no': ['000810', '001040', '002380', '002790', '003670', '004800', '004990', '005380', '006280', '008560', '009540', '017670', '018880', '024110', '034730', '035250', '035420', '069960', '078340', '097950', '139480', '316140'], 'stock_name': ['삼성화재', 'CJ', 'KCC', '아모레G', '포스코케미칼', '효성', '롯데지주', '현대차', '녹십자', '메리츠종금증권', '한국조선해양', 'SK텔레콤', '한온시스템', '기업은행', 'SK', '강원랜드', 'NAVER', '현대백화점', '컴투스', 'CJ제일제당', '이마트', '우리금융지주'], 'market_in_price': [272500, 103000, 278500, 66700, 55600, 75500, 44750, 142500, 127000, 5600, 123500, 262000, 11750, 14150, 239000, 31050, 120500, 81500, 104800, 301000, 144500, 14100], 'myhave_cnt': [5, 14, 4, 17, 21, 15, 33, 10, 9, 266, 12, 5, 100, 84, 6, 48, 9, 14, 14, 4, 8, 84], 'run_price': [261000, 98400, 260000, 62000, 53000, 72800, 41400, 139500, 116000, 5300, 116000, 259000, 11550, 13750, 224500, 29950, 117500, 80500, 97300, 288500, 139500, 13850], 'sell_price': [261500, 98400, 260500, 62100, 53000, 72900, 41400, 140000, 116000, 5310, 116000, 259000, 11550, 13750, 224500, 30000, 118000, 80800, 97300, 289000, 140000, 13900], 'sell_cnt': [2458, 744, 167, 11798, 2275, 396, 227, 39657, 1732, 3026, 4346, 1874, 25738, 47743, 2366, 5880, 10655, 1280, 96, 419, 5795, 32149], 'buy_price': [261000, 98300, 260000, 62000, 52900, 72800, 41350, 139500, 115500, 5300, 115500, 258500, 11500, 13700, 224000, 29950, 117500, 80500, 97200, 288500, 139500, 13850], 'buy_cnt': [1719, 234, 46, 5629, 476, 400, 1289, 7142, 255, 11951, 7883, 688, 29644, 30993, 2334, 4765, 2387, 472, 119, 152, 5536, 14576], 'vol_cnt': [37748, 26077, 12799, 81517, 204851, 17045, 58215, 375271, 8484, 469375, 93185, 64648, 239118, 278972, 42196, 178311, 105388, 25159, 15856, 7869, 143800, 482920], 'deal_power': [103.7, 85.84, 72.89, 41.15, 201.38, 50.45, 162.56, 106.74, 54.23, 84.18, 149.36, 211.54, 376.21, 169.57, 140.85, 153.37, 77.28, 179.4, 104.34, 77.49, 89.75, 67.09]}
{'stock_no': ['018880', '098460'], 'deal_power': [376.21, 317.0]}
buy_able_money < market_in_pro
0
timer600틱 끝 timer1 재시작
timer600틱 시작 timer1 중지
-----
10분에 한번씩 클럭 발생::체결강도 전송 실행시간 : 13:26:31
계좌평가잔고내역요청 전송
000810;001040;002380;002790;003670;004800;004990;005380;006280;008560;009540;017670;018880;024110;034730;035250;035420;069960;078340;097950;139480;316140;
22
{'stock_no': ['000810', '001040', '002380', '002790', '003670', '004800', '004990', '005380', '006280', '008560', '009540', '017670', '018880', '024110', '034730', '035250', '035420', '069960', '078340', '097950', '139480', '316140'], 'stock_name': ['삼성화재', 'CJ', 'KCC', '아모레G', '포스코케미칼', '효성', '롯데지주', '현대차', '녹십자', '메리츠종금증권', '한국조선해양', 'SK텔레콤', '한온시스템', '기업은행', 'SK', '강원랜드', 'NAVER', '현대백화점', '컴투스', 'CJ제일제당', '이마트', '우리금융지주'], 'market_in_price': [272500, 103000, 278500, 66700, 55600, 75500, 44750, 142500, 127000, 5600, 123500, 262000, 11750, 14150, 239000, 31050, 120500, 81500, 104800, 301000, 144500, 14100], 'myhave_cnt': [5, 14, 4, 17, 21, 15, 33, 10, 9, 266, 12, 5, 100, 84, 6, 48, 9, 14, 14, 4, 8, 84], 'run_price': [261500, 98300, 260500, 62000, 53100, 72800, 41450, 139500, 116000, 5290, 116000, 258500, 11550, 13700, 224000, 30000, 117500, 80400, 96900, 289000, 140000, 13850], 'sell_price': [261500, 98400, 260500, 62100, 53100, 72900, 41500, 140000, 116000, 5300, 116000, 259000, 11550, 13750, 224500, 30000, 118000, 80500, 97000, 289000, 140000, 13900], 'sell_cnt': [2690, 253, 164, 11696, 1769, 778, 681, 40239, 1737, 8922, 5751, 4209, 29957, 44425, 1061, 5582, 10750, 196, 138, 376, 4686, 30024], 'buy_price': [261000, 98300, 260000, 62000, 53000, 72800, 41450, 139500, 115500, 5290, 115500, 258500, 11500, 13700, 224000, 29950, 117500, 80400, 96900, 288500, 139500, 13850], 'buy_cnt': [1394, 232, 134, 4029, 726, 800, 1305, 8405, 127, 8087, 5676, 2769, 28564, 42398, 2317, 4712, 2135, 80, 517, 212, 5201, 5328], 'vol_cnt': [38441, 26269, 13045, 85752, 209296, 17399, 59690, 378823, 8672, 496171, 94895, 66663, 248579, 288119, 46449, 181022, 106666, 26095, 16636, 8096, 145761, 496607], 'deal_power': [103.49, 86.4, 74.13, 38.93, 206.13, 49.02, 164.62, 104.92, 53.04, 79.4, 149.04, 205.61, 357.92, 167.38, 143.72, 149.95, 76.13, 173.89, 95.59, 76.82, 89.97, 63.97]}
{'stock_no': ['018880', '098460'], 'deal_power': [357.91, 291.75]}
buy_able_money < market_in_pro
0
timer600틱 끝 timer1 재시작
timer600틱 시작 timer1 중지
-----
10분에 한번씩 클럭 발생::체결강도 전송 실행시간 : 13:36:31
계좌평가잔고내역요청 전송
000810;001040;002380;002790;003670;004800;004990;005380;006280;008560;009540;017670;018880;024110;034730;035250;035420;069960;078340;097950;139480;316140;
22
{'stock_no': ['000810', '001040', '002380', '002790', '003670', '004800', '004990', '005380', '006280', '008560', '009540', '017670', '018880', '024110', '034730', '035250', '035420', '069960', '078340', '097950', '139480', '316140'], 'stock_name': ['삼성화재', 'CJ', 'KCC', '아모레G', '포스코케미칼', '효성', '롯데지주', '현대차', '녹십자', '메리츠종금증권', '한국조선해양', 'SK텔레콤', '한온시스템', '기업은행', 'SK', '강원랜드', 'NAVER', '현대백화점', '컴투스', 'CJ제일제당', '이마트', '우리금융지주'], 'market_in_price': [272500, 103000, 278500, 66700, 55600, 75500, 44750, 142500, 127000, 5600, 123500, 262000, 11750, 14150, 239000, 31050, 120500, 81500, 104800, 301000, 144500, 14100], 'myhave_cnt': [5, 14, 4, 17, 21, 15, 33, 10, 9, 266, 12, 5, 100, 84, 6, 48, 9, 14, 14, 4, 8, 84], 'run_price': [261000, 98300, 261000, 62000, 53000, 72800, 41450, 139500, 115000, 5290, 116000, 258500, 11500, 13700, 224000, 29950, 117000, 80500, 96400, 289000, 139500, 13800], 'sell_price': [261500, 98400, 261000, 62100, 53100, 72900, 41500, 140000, 115500, 5300, 116000, 259000, 11550, 13750, 224500, 30000, 117500, 80600, 96400, 289000, 140000, 13850], 'sell_cnt': [2562, 855, 242, 13679, 2399, 1174, 206, 44004, 624, 16660, 8952, 3517, 25849, 61127, 1336, 5653, 3390, 239, 38, 249, 6182, 5813], 'buy_price': [261000, 98300, 260500, 62000, 53000, 72800, 41450, 139500, 115000, 5290, 115500, 258500, 11500, 13700, 224000, 29950, 117000, 80500, 96300, 288500, 139500, 13800], 'buy_cnt': [1859, 368, 96, 960, 1635, 310, 1482, 13823, 922, 3538, 7600, 2986, 24551, 36493, 3259, 5526, 8435, 278, 197, 247, 4285, 61923], 'vol_cnt': [39080, 27227, 13413, 89666, 212652, 19100, 60920, 384758, 9101, 512779, 96912, 68637, 259737, 312435, 48847, 184828, 110201, 26852, 18475, 8397, 148998, 507570], 'deal_power': [102.49, 81.7, 75.76, 37.06, 205.25, 43.15, 168.74, 106.6, 49.52, 78.2, 148.56, 201.83, 325.74, 142.07, 147.58, 148.38, 72.47, 176.95, 84.7, 80.18, 89.92, 62.61]}
{'stock_no': ['018880'], 'deal_power': [325.74]}
timer600틱 끝 timer1 재시작
timer600틱 시작 timer1 중지
-----
10분에 한번씩 클럭 발생::체결강도 전송 실행시간 : 13:46:31
계좌평가잔고내역요청 전송
000810;001040;002380;002790;003670;004800;004990;005380;006280;008560;009540;017670;018880;024110;034730;035250;035420;069960;078340;097950;139480;316140;
22
{'stock_no': ['000810', '001040', '002380', '002790', '003670', '004800', '004990', '005380', '006280', '008560', '009540', '017670', '018880', '024110', '034730', '035250', '035420', '069960', '078340', '097950', '139480', '316140'], 'stock_name': ['삼성화재', 'CJ', 'KCC', '아모레G', '포스코케미칼', '효성', '롯데지주', '현대차', '녹십자', '메리츠종금증권', '한국조선해양', 'SK텔레콤', '한온시스템', '기업은행', 'SK', '강원랜드', 'NAVER', '현대백화점', '컴투스', 'CJ제일제당', '이마트', '우리금융지주'], 'market_in_price': [272500, 103000, 278500, 66700, 55600, 75500, 44750, 142500, 127000, 5600, 123500, 262000, 11750, 14150, 239000, 31050, 120500, 81500, 104800, 301000, 144500, 14100], 'myhave_cnt': [5, 14, 4, 17, 21, 15, 33, 10, 9, 266, 12, 5, 100, 84, 6, 48, 9, 14, 14, 4, 8, 84], 'run_price': [261000, 98300, 262000, 61900, 53100, 72900, 41400, 139500, 115500, 5290, 115500, 259000, 11550, 13700, 224500, 30000, 117000, 80400, 96600, 288500, 139500, 13850], 'sell_price': [261500, 98300, 262000, 62000, 53100, 73000, 41450, 139500, 115500, 5300, 116000, 259000, 11550, 13750, 224500, 30000, 117500, 80500, 96700, 289000, 140000, 13900], 'sell_cnt': [2753, 228, 207, 13071, 3028, 336, 541, 6943, 179, 7239, 9014, 3055, 20711, 60170, 103, 4414, 6814, 11, 41, 82, 5059, 26133], 'buy_price': [261000, 98200, 261500, 61900, 53000, 72900, 41400, 139000, 115000, 5290, 115500, 258500, 11500, 13700, 224000, 29950, 117000, 80400, 96600, 288500, 139500, 13850], 'buy_cnt': [2513, 353, 95, 1472, 1359, 33, 1160, 22370, 1670, 11451, 7430, 5287, 20784, 38728, 4066, 4944, 8865, 225, 8, 303, 4954, 2963], 'vol_cnt': [39800, 27876, 13864, 92537, 215888, 21554, 63347, 403306, 9397, 527797, 99189, 70032, 272241, 319492, 50588, 189109, 111878, 28474, 18791, 8942, 151557, 523091], 'deal_power': [102.08, 78.61, 79.08, 35.88, 203.4, 53.68, 161.12, 99.93, 48.35, 76.92, 147.93, 202.67, 305.99, 140.69, 153.94, 145.61, 72.08, 175.32, 84.39, 84.31, 91.17, 63.17]}
{'stock_no': ['018880'], 'deal_power': [305.99]}
timer600틱 끝 timer1 재시작
timer600틱 시작 timer1 중지
-----
10분에 한번씩 클럭 발생::체결강도 전송 실행시간 : 13:56:31
계좌평가잔고내역요청 전송
000810;001040;002380;002790;003670;004800;004990;005380;006280;008560;009540;017670;018880;024110;034730;035250;035420;069960;078340;097950;139480;316140;
22
{'stock_no': ['000810', '001040', '002380', '002790', '003670', '004800', '004990', '005380', '006280', '008560', '009540', '017670', '018880', '024110', '034730', '035250', '035420', '069960', '078340', '097950', '139480', '316140'], 'stock_name': ['삼성화재', 'CJ', 'KCC', '아모레G', '포스코케미칼', '효성', '롯데지주', '현대차', '녹십자', '메리츠종금증권', '한국조선해양', 'SK텔레콤', '한온시스템', '기업은행', 'SK', '강원랜드', 'NAVER', '현대백화점', '컴투스', 'CJ제일제당', '이마트', '우리금융지주'], 'market_in_price': [272500, 103000, 278500, 66700, 55600, 75500, 44750, 142500, 127000, 5600, 123500, 262000, 11750, 14150, 239000, 31050, 120500, 81500, 104800, 301000, 144500, 14100], 'myhave_cnt': [5, 14, 4, 17, 21, 15, 33, 10, 9, 266, 12, 5, 100, 84, 6, 48, 9, 14, 14, 4, 8, 84], 'run_price': [261500, 98200, 262000, 61800, 53100, 72900, 41350, 139000, 115000, 5290, 115500, 259500, 11500, 13700, 224500, 29950, 117000, 80500, 96500, 289000, 139500, 13800], 'sell_price': [261500, 98300, 262000, 61900, 53100, 73000, 41400, 139500, 115500, 5300, 116000, 259500, 11550, 13750, 224500, 30000, 117500, 80600, 96800, 289500, 140000, 13850], 'sell_cnt': [2716, 335, 61, 14324, 4006, 551, 350, 10379, 234, 5585, 7856, 2432, 23899, 58103, 3598, 4449, 7976, 183, 135, 246, 4462, 4418], 'buy_price': [261000, 98200, 261500, 61800, 53000, 72800, 41350, 139000, 115000, 5290, 115500, 259000, 11500, 13700, 224000, 29950, 117000, 80500, 96500, 289000, 139500, 13800], 'buy_cnt': [1679, 236, 136, 3273, 1624, 1038, 799, 17934, 1611, 14001, 6734, 4802, 23500, 38291, 5078, 6803, 9098, 403, 13, 35, 4154, 68969], 'vol_cnt': [40407, 28026, 14241, 95352, 219789, 22254, 65499, 405597, 9575, 539161, 102374, 76755, 281456, 328801, 51501, 193167, 113201, 28882, 19616, 11166, 153873, 533775], 'deal_power': [102.22, 78.18, 79.94, 35.11, 202.94, 54.15, 153.03, 99.31, 47.61, 77.39, 149.42, 219.52, 285.55, 142.57, 155.1, 144.83, 71.29, 176.33, 81.81, 84.8, 92.01, 62.34]}
{'stock_no': [], 'deal_power': []}
timer600틱 끝 timer1 재시작
timer600틱 시작 timer1 중지
-----
10분에 한번씩 클럭 발생::체결강도 전송 실행시간 : 14:06:31
계좌평가잔고내역요청 전송
000810;001040;002380;002790;003670;004800;004990;005380;006280;008560;009540;017670;018880;024110;034730;035250;035420;069960;078340;097950;139480;316140;
22
{'stock_no': ['000810', '001040', '002380', '002790', '003670', '004800', '004990', '005380', '006280', '008560', '009540', '017670', '018880', '024110', '034730', '035250', '035420', '069960', '078340', '097950', '139480', '316140'], 'stock_name': ['삼성화재', 'CJ', 'KCC', '아모레G', '포스코케미칼', '효성', '롯데지주', '현대차', '녹십자', '메리츠종금증권', '한국조선해양', 'SK텔레콤', '한온시스템', '기업은행', 'SK', '강원랜드', 'NAVER', '현대백화점', '컴투스', 'CJ제일제당', '이마트', '우리금융지주'], 'market_in_price': [272500, 103000, 278500, 66700, 55600, 75500, 44750, 142500, 127000, 5600, 123500, 262000, 11750, 14150, 239000, 31050, 120500, 81500, 104800, 301000, 144500, 14100], 'myhave_cnt': [5, 14, 4, 17, 21, 15, 33, 10, 9, 266, 12, 5, 100, 84, 6, 48, 9, 14, 14, 4, 8, 84], 'run_price': [261000, 98300, 263000, 61800, 52900, 72900, 41300, 139500, 115500, 5300, 115500, 260000, 11500, 13700, 224000, 29950, 117000, 80600, 96400, 290000, 140500, 13800], 'sell_price': [261500, 98300, 263000, 61900, 52900, 73000, 41350, 139500, 115500, 5300, 116000, 260500, 11550, 13750, 224500, 30000, 117500, 80600, 96500, 290000, 140500, 13850], 'sell_cnt': [2606, 492, 22, 15111, 2268, 506, 564, 9921, 1315, 4976, 9027, 724, 27565, 55261, 3861, 2423, 9426, 217, 105, 500, 4557, 45635], 'buy_price': [261000, 98200, 262000, 61800, 52800, 72800, 41300, 139000, 115000, 5290, 115500, 260000, 11500, 13700, 224000, 29950, 117000, 80500, 96400, 289500, 140000, 13800], 'buy_cnt': [1562, 886, 340, 1862, 700, 1079, 466, 17708, 2514, 29835, 3058, 1084, 31504, 32800, 5167, 6816, 12497, 210, 151, 169, 3151, 66519], 'vol_cnt': [41149, 28197, 14558, 97174, 226465, 23500, 67461, 418238, 9821, 555325, 108104, 86656, 291007, 338864, 52359, 197901, 114535, 29766, 20041, 11900, 160302, 542668], 'deal_power': [101.04, 77.9, 81.6, 34.33, 193.94, 59.77, 148.7, 104.37, 47.76, 76.7, 137.44, 245.78, 271.66, 143.28, 156.38, 145.57, 70.53, 179.21, 82.11, 91.64, 98.35, 61.31]}
{'stock_no': [], 'deal_power': []}
timer600틱 끝 timer1 재시작
timer600틱 시작 timer1 중지
-----
10분에 한번씩 클럭 발생::체결강도 전송 실행시간 : 14:16:31
계좌평가잔고내역요청 전송
000810;001040;002380;002790;003670;004800;004990;005380;006280;008560;009540;017670;018880;024110;034730;035250;035420;069960;078340;097950;139480;316140;
22
{'stock_no': ['000810', '001040', '002380', '002790', '003670', '004800', '004990', '005380', '006280', '008560', '009540', '017670', '018880', '024110', '034730', '035250', '035420', '069960', '078340', '097950', '139480', '316140'], 'stock_name': ['삼성화재', 'CJ', 'KCC', '아모레G', '포스코케미칼', '효성', '롯데지주', '현대차', '녹십자', '메리츠종금증권', '한국조선해양', 'SK텔레콤', '한온시스템', '기업은행', 'SK', '강원랜드', 'NAVER', '현대백화점', '컴투스', 'CJ제일제당', '이마트', '우리금융지주'], 'market_in_price': [272500, 103000, 278500, 66700, 55600, 75500, 44750, 142500, 127000, 5600, 123500, 262000, 11750, 14150, 239000, 31050, 120500, 81500, 104800, 301000, 144500, 14100], 'myhave_cnt': [5, 14, 4, 17, 21, 15, 33, 10, 9, 266, 12, 5, 100, 84, 6, 48, 9, 14, 14, 4, 8, 84], 'run_price': [261000, 98300, 265500, 62100, 53000, 72800, 41300, 139500, 115000, 5300, 116000, 260500, 11550, 13750, 224500, 30000, 117000, 81000, 96500, 290000, 140500, 13800], 'sell_price': [261500, 98300, 265500, 62200, 53000, 72900, 41350, 139500, 115500, 5310, 116000, 260500, 11550, 13750, 224500, 30000, 117500, 81000, 96500, 290000, 140500, 13850], 'sell_cnt': [2411, 462, 48, 3600, 8174, 373, 506, 5139, 1016, 18683, 8540, 402, 26527, 49484, 3179, 1823, 9434, 924, 106, 215, 2784, 23688], 'buy_price': [261000, 98200, 265000, 62100, 52900, 72800, 41300, 139000, 115000, 5300, 115500, 260000, 11500, 13700, 224000, 29950, 117000, 80900, 96400, 289500, 140000, 13800], 'buy_cnt': [1815, 215, 95, 647, 440, 1157, 454, 19018, 2743, 15934, 3618, 2238, 28682, 32110, 5370, 6253, 9857, 284, 395, 101, 3289, 57930], 'vol_cnt': [41864, 29143, 15062, 116238, 232527, 24173, 69255, 426385, 9981, 576586, 110150, 89656, 305867, 348265, 53451, 201411, 116401, 31735, 20108, 12805, 162579, 554496], 'deal_power': [100.17, 74.01, 84.33, 55.34, 195.95, 60.95, 148.34, 107.6, 46.93, 76.92, 136.75, 252.6, 259.61, 143.12, 157.14, 144.92, 69.9, 194.36, 82.53, 96.65, 100.2, 60.14]}
{'stock_no': [], 'deal_power': []}
timer600틱 끝 timer1 재시작
timer600틱 시작 timer1 중지
-----
10분에 한번씩 클럭 발생::체결강도 전송 실행시간 : 14:26:31
계좌평가잔고내역요청 전송
000810;001040;002380;002790;003670;004800;004990;005380;006280;008560;009540;017670;018880;024110;034730;035250;035420;069960;078340;097950;139480;316140;
22
{'stock_no': ['000810', '001040', '002380', '002790', '003670', '004800', '004990', '005380', '006280', '008560', '009540', '017670', '018880', '024110', '034730', '035250', '035420', '069960', '078340', '097950', '139480', '316140'], 'stock_name': ['삼성화재', 'CJ', 'KCC', '아모레G', '포스코케미칼', '효성', '롯데지주', '현대차', '녹십자', '메리츠종금증권', '한국조선해양', 'SK텔레콤', '한온시스템', '기업은행', 'SK', '강원랜드', 'NAVER', '현대백화점', '컴투스', 'CJ제일제당', '이마트', '우리금융지주'], 'market_in_price': [272500, 103000, 278500, 66700, 55600, 75500, 44750, 142500, 127000, 5600, 123500, 262000, 11750, 14150, 239000, 31050, 120500, 81500, 104800, 301000, 144500, 14100], 'myhave_cnt': [5, 14, 4, 17, 21, 15, 33, 10, 9, 266, 12, 5, 100, 84, 6, 48, 9, 14, 14, 4, 8, 84], 'run_price': [261000, 98400, 267000, 62000, 53000, 72900, 41250, 140000, 115000, 5300, 116000, 260500, 11550, 13700, 224500, 29950, 117500, 81000, 96700, 291000, 140000, 13850], 'sell_price': [261500, 98400, 267500, 62100, 53000, 73000, 41300, 140000, 115500, 5310, 116000, 260500, 11550, 13750, 224500, 30000, 117500, 81000, 96900, 291000, 140500, 13900], 'sell_cnt': [2598, 937, 152, 1327, 2322, 331, 737, 66861, 1930, 16497, 10261, 921, 22961, 45633, 4140, 1427, 8942, 659, 71, 551, 1998, 28831], 'buy_price': [261000, 98300, 267000, 62000, 52900, 72900, 41250, 139500, 115000, 5300, 115500, 260000, 11500, 13700, 224000, 29950, 117000, 80900, 96700, 290500, 140000, 13850], 'buy_cnt': [1546, 762, 20, 1271, 309, 162, 1611, 13383, 666, 11418, 2641, 770, 23482, 49381, 484, 5844, 12166, 561, 11, 65, 4182, 3585], 'vol_cnt': [42617, 29869, 16136, 118472, 236441, 25482, 71148, 435243, 10214, 597462, 114281, 91453, 318569, 359697, 61135, 206640, 118088, 34963, 20508, 13741, 164691, 582902], 'deal_power': [100.64, 76.08, 90.19, 55.16, 194.82, 63.02, 147.47, 110.3, 46.33, 76.39, 137.48, 257.28, 254.29, 144.29, 131.35, 143.11, 69.82, 223.22, 83.32, 103.78, 101.82, 64.78]}
{'stock_no': [], 'deal_power': []}
timer600틱 끝 timer1 재시작
timer600틱 시작 timer1 중지
-----
10분에 한번씩 클럭 발생::체결강도 전송 실행시간 : 14:36:31
계좌평가잔고내역요청 전송
000810;001040;002380;002790;003670;004800;004990;005380;006280;008560;009540;017670;018880;024110;034730;035250;035420;069960;078340;097950;139480;316140;
22
{'stock_no': ['000810', '001040', '002380', '002790', '003670', '004800', '004990', '005380', '006280', '008560', '009540', '017670', '018880', '024110', '034730', '035250', '035420', '069960', '078340', '097950', '139480', '316140'], 'stock_name': ['삼성화재', 'CJ', 'KCC', '아모레G', '포스코케미칼', '효성', '롯데지주', '현대차', '녹십자', '메리츠종금증권', '한국조선해양', 'SK텔레콤', '한온시스템', '기업은행', 'SK', '강원랜드', 'NAVER', '현대백화점', '컴투스', 'CJ제일제당', '이마트', '우리금융지주'], 'market_in_price': [272500, 103000, 278500, 66700, 55600, 75500, 44750, 142500, 127000, 5600, 123500, 262000, 11750, 14150, 239000, 31050, 120500, 81500, 104800, 301000, 144500, 14100], 'myhave_cnt': [5, 14, 4, 17, 21, 15, 33, 10, 9, 266, 12, 5, 100, 84, 6, 48, 9, 14, 14, 4, 8, 84], 'run_price': [260500, 98400, 268000, 62000, 53000, 73000, 41300, 140000, 115500, 5300, 115000, 260500, 11550, 13700, 224500, 30000, 117000, 81200, 97000, 292500, 141000, 13850], 'sell_price': [261000, 98400, 268000, 62100, 53000, 73000, 41300, 140000, 115500, 5310, 115500, 260500, 11550, 13750, 224500, 30000, 117500, 81200, 97000, 292500, 141000, 13850], 'sell_cnt': [1692, 984, 205, 2946, 2618, 336, 1684, 65053, 1727, 2809, 6851, 926, 22743, 32535, 4912, 322, 8408, 51, 14, 328, 3594, 16692], 'buy_price': [260500, 98300, 267500, 62000, 52900, 72900, 41250, 139500, 115000, 5300, 115000, 260000, 11500, 13700, 224000, 29950, 117000, 81100, 96900, 292000, 140500, 13800], 'buy_cnt': [332, 983, 2, 2111, 802, 170, 1899, 21172, 455, 19200, 6616, 1588, 29115, 52846, 2191, 6396, 11410, 382, 103, 272, 2499, 59037], 'vol_cnt': [45549, 29967, 16745, 119236, 239749, 26347, 72175, 438061, 10745, 626202, 119143, 93688, 333618, 376745, 61844, 211422, 120472, 39054, 20736, 15235, 168438, 604067], 'deal_power': [95.53, 76.05, 92.51, 54.68, 195.84, 64.64, 150.08, 111.15, 45.17, 78.94, 129.39, 264.92, 245.34, 149.9, 131.87, 144.72, 70.1, 240.28, 83.34, 118.53, 105.41, 66.57]}
{'stock_no': [], 'deal_power': []}
timer600틱 끝 timer1 재시작
timer600틱 시작 timer1 중지
-----
10분에 한번씩 클럭 발생::체결강도 전송 실행시간 : 14:46:31
계좌평가잔고내역요청 전송
000810;001040;002380;002790;003670;004800;004990;005380;006280;008560;009540;017670;018880;024110;034730;035250;035420;069960;078340;097950;139480;316140;
22
{'stock_no': ['000810', '001040', '002380', '002790', '003670', '004800', '004990', '005380', '006280', '008560', '009540', '017670', '018880', '024110', '034730', '035250', '035420', '069960', '078340', '097950', '139480', '316140'], 'stock_name': ['삼성화재', 'CJ', 'KCC', '아모레G', '포스코케미칼', '효성', '롯데지주', '현대차', '녹십자', '메리츠종금증권', '한국조선해양', 'SK텔레콤', '한온시스템', '기업은행', 'SK', '강원랜드', 'NAVER', '현대백화점', '컴투스', 'CJ제일제당', '이마트', '우리금융지주'], 'market_in_price': [272500, 103000, 278500, 66700, 55600, 75500, 44750, 142500, 127000, 5600, 123500, 262000, 11750, 14150, 239000, 31050, 120500, 81500, 104800, 301000, 144500, 14100], 'myhave_cnt': [5, 14, 4, 17, 21, 15, 33, 10, 9, 266, 12, 5, 100, 84, 6, 48, 9, 14, 14, 4, 8, 84], 'run_price': [260500, 98400, 268500, 62200, 52900, 72900, 41250, 140000, 115500, 5290, 115000, 261000, 11500, 13700, 224500, 30000, 117500, 81300, 96700, 292000, 140500, 13800], 'sell_price': [260500, 98400, 268500, 62300, 52900, 73000, 41300, 140000, 115500, 5300, 115500, 261000, 11550, 13750, 224500, 30000, 117500, 81300, 96800, 292000, 141000, 13850], 'sell_cnt': [990, 825, 21, 526, 953, 370, 785, 61918, 1663, 20282, 7004, 321, 28794, 29179, 4433, 1689, 7708, 87, 67, 241, 5623, 4640], 'buy_price': [260000, 98300, 268000, 62200, 52800, 72900, 41250, 139500, 115000, 5290, 115000, 260500, 11500, 13700, 224000, 29950, 117000, 81200, 96700, 291500, 140500, 13800], 'buy_cnt': [3599, 1087, 61, 2908, 663, 419, 1701, 22039, 157, 22229, 7006, 2417, 24853, 45754, 3380, 5150, 10226, 244, 106, 98, 82, 57809], 'vol_cnt': [47079, 30291, 17435, 124787, 247988, 26883, 73726, 446142, 11222, 654185, 121131, 99910, 344464, 389354, 63488, 216367, 122974, 43384, 21357, 16447, 173273, 630781], 'deal_power': [90.83, 77.56, 95.77, 59.36, 191.51, 66.6, 154.3, 112.4, 45.03, 77.16, 128.29, 274.61, 235.07, 146.9, 131.09, 144.0, 70.78, 253.2, 80.91, 116.37, 103.73, 68.01]}
{'stock_no': [], 'deal_power': []}
timer600틱 끝 timer1 재시작
timer600틱 시작 timer1 중지
-----
10분에 한번씩 클럭 발생::체결강도 전송 실행시간 : 14:56:31
계좌평가잔고내역요청 전송
000810;001040;002380;002790;003670;004800;004990;005380;006280;008560;009540;017670;018880;024110;034730;035250;035420;069960;078340;097950;139480;316140;
22
{'stock_no': ['000810', '001040', '002380', '002790', '003670', '004800', '004990', '005380', '006280', '008560', '009540', '017670', '018880', '024110', '034730', '035250', '035420', '069960', '078340', '097950', '139480', '316140'], 'stock_name': ['삼성화재', 'CJ', 'KCC', '아모레G', '포스코케미칼', '효성', '롯데지주', '현대차', '녹십자', '메리츠종금증권', '한국조선해양', 'SK텔레콤', '한온시스템', '기업은행', 'SK', '강원랜드', 'NAVER', '현대백화점', '컴투스', 'CJ제일제당', '이마트', '우리금융지주'], 'market_in_price': [272500, 103000, 278500, 66700, 55600, 75500, 44750, 142500, 127000, 5600, 123500, 262000, 11750, 14150, 239000, 31050, 120500, 81500, 104800, 301000, 144500, 14100], 'myhave_cnt': [5, 14, 4, 17, 21, 15, 33, 10, 9, 266, 12, 5, 100, 84, 6, 48, 9, 14, 14, 4, 8, 84], 'run_price': [260000, 98300, 267000, 62200, 53000, 72900, 41250, 139500, 115500, 5290, 115500, 260500, 11550, 13750, 223500, 30000, 117500, 81300, 96700, 291500, 140500, 13800], 'sell_price': [260500, 98400, 267000, 62300, 53000, 73000, 41300, 140000, 115500, 5300, 115500, 261000, 11600, 13750, 224000, 30000, 117500, 81300, 96700, 292000, 140500, 13850], 'sell_cnt': [2273, 1177, 70, 1232, 1311, 198, 338, 57286, 1500, 15120, 6931, 2343, 32935, 30092, 3409, 1175, 6772, 149, 97, 726, 3347, 24577], 'buy_price': [260000, 98300, 266500, 62200, 52900, 72900, 41250, 139500, 115000, 5290, 115000, 260500, 11550, 13700, 223500, 29950, 117000, 81200, 96500, 291500, 140000, 13800], 'buy_cnt': [2891, 14, 156, 4098, 583, 36, 998, 20378, 6, 15581, 7201, 1228, 13793, 51495, 3196, 4806, 9046, 235, 151, 9, 5602, 64678], 'vol_cnt': [48644, 31239, 18658, 126558, 255351, 29703, 75351, 455885, 11709, 676375, 124204, 103742, 396026, 400783, 70072, 221238, 125979, 47323, 21861, 17640, 176579, 642131], 'deal_power': [87.83, 75.58, 94.14, 58.73, 195.37, 63.06, 157.77, 112.96, 45.1, 76.49, 125.17, 271.13, 240.83, 145.14, 118.47, 141.51, 71.74, 245.17, 77.95, 116.04, 104.69, 69.1]}
{'stock_no': [], 'deal_power': []}
timer600틱 끝 timer1 재시작
timer600틱 시작 timer1 중지
-----
10분에 한번씩 클럭 발생::체결강도 전송 실행시간 : 15:06:31
계좌평가잔고내역요청 전송
000810;001040;002380;002790;003670;004800;004990;005380;006280;008560;009540;017670;018880;024110;034730;035250;035420;069960;078340;097950;139480;316140;
22
{'stock_no': ['000810', '001040', '002380', '002790', '003670', '004800', '004990', '005380', '006280', '008560', '009540', '017670', '018880', '024110', '034730', '035250', '035420', '069960', '078340', '097950', '139480', '316140'], 'stock_name': ['삼성화재', 'CJ', 'KCC', '아모레G', '포스코케미칼', '효성', '롯데지주', '현대차', '녹십자', '메리츠종금증권', '한국조선해양', 'SK텔레콤', '한온시스템', '기업은행', 'SK', '강원랜드', 'NAVER', '현대백화점', '컴투스', 'CJ제일제당', '이마트', '우리금융지주'], 'market_in_price': [272500, 103000, 278500, 66700, 55600, 75500, 44750, 142500, 127000, 5600, 123500, 262000, 11750, 14150, 239000, 31050, 120500, 81500, 104800, 301000, 144500, 14100], 'myhave_cnt': [5, 14, 4, 17, 21, 15, 33, 10, 9, 266, 12, 5, 100, 84, 6, 48, 9, 14, 14, 4, 8, 84], 'run_price': [260000, 98300, 264500, 62200, 52900, 73000, 41250, 139500, 115500, 5290, 115000, 261000, 11550, 13700, 224000, 30000, 117000, 81500, 96400, 291500, 140500, 13800], 'sell_price': [260500, 98300, 265000, 62300, 53000, 73000, 41300, 140000, 115500, 5300, 115500, 261000, 11550, 13750, 224000, 30000, 117500, 81500, 96500, 291500, 140500, 13850], 'sell_cnt': [2256, 334, 51, 1846, 1608, 88, 1356, 47957, 1544, 9508, 8108, 1387, 16510, 21280, 4055, 1647, 6715, 119, 33, 274, 3773, 22923], 'buy_price': [260000, 98200, 264500, 62200, 52900, 72900, 41250, 139500, 115000, 5290, 115000, 260500, 11500, 13700, 223500, 29950, 117000, 81400, 96400, 291000, 140000, 13800], 'buy_cnt': [3187, 505, 175, 4654, 427, 98, 573, 9770, 704, 14261, 2850, 911, 37365, 46234, 3792, 2208, 6357, 292, 372, 2941, 5024, 56506], 'vol_cnt': [50704, 31435, 21189, 127967, 262089, 30302, 76420, 476669, 11890, 695236, 128636, 106087, 435220, 420591, 71898, 229572, 129813, 52016, 22067, 18481, 179713, 655791], 'deal_power': [83.92, 75.73, 85.63, 58.2, 195.03, 64.85, 159.94, 112.2, 45.86, 76.21, 122.69, 269.12, 225.32, 142.62, 118.53, 139.53, 71.21, 245.88, 76.87, 119.09, 105.81, 68.89]}
{'stock_no': [], 'deal_power': []}
timer600틱 끝 timer1 재시작
timer600틱 시작 timer1 중지
-----
10분에 한번씩 클럭 발생::체결강도 전송 실행시간 : 15:16:31
계좌평가잔고내역요청 전송
000810;001040;002380;002790;003670;004800;004990;005380;006280;008560;009540;017670;018880;024110;034730;035250;035420;069960;078340;097950;139480;316140;
22
{'stock_no': ['000810', '001040', '002380', '002790', '003670', '004800', '004990', '005380', '006280', '008560', '009540', '017670', '018880', '024110', '034730', '035250', '035420', '069960', '078340', '097950', '139480', '316140'], 'stock_name': ['삼성화재', 'CJ', 'KCC', '아모레G', '포스코케미칼', '효성', '롯데지주', '현대차', '녹십자', '메리츠종금증권', '한국조선해양', 'SK텔레콤', '한온시스템', '기업은행', 'SK', '강원랜드', 'NAVER', '현대백화점', '컴투스', 'CJ제일제당', '이마트', '우리금융지주'], 'market_in_price': [272500, 103000, 278500, 66700, 55600, 75500, 44750, 142500, 127000, 5600, 123500, 262000, 11750, 14150, 239000, 31050, 120500, 81500, 104800, 301000, 144500, 14100], 'myhave_cnt': [5, 14, 4, 17, 21, 15, 33, 10, 9, 266, 12, 5, 100, 84, 6, 48, 9, 14, 14, 4, 8, 84], 'run_price': [261000, 98300, 264500, 62300, 53000, 73100, 41250, 139000, 115000, 5290, 115500, 260500, 11550, 13750, 223500, 30000, 117500, 81600, 96600, 291500, 140500, 13850], 'sell_price': [261500, 98400, 265000, 62400, 53000, 73100, 41250, 139500, 115500, 5300, 115500, 260500, 11550, 13750, 224000, 30000, 117500, 81600, 96700, 291500, 140500, 13900], 'sell_cnt': [3920, 565, 104, 1614, 1977, 533, 835, 8066, 933, 11946, 6512, 1690, 6826, 37861, 2788, 1829, 4864, 624, 109, 198, 1526, 29469], 'buy_price': [261000, 98300, 264500, 62300, 52900, 73000, 41200, 139000, 115000, 5290, 115000, 260000, 11500, 13700, 223500, 29950, 117000, 81500, 96600, 291000, 140000, 13850], 'buy_cnt': [1039, 36, 90, 282, 679, 162, 425, 14869, 3015, 5583, 4072, 241, 39392, 24766, 2439, 225, 10029, 144, 296, 2783, 4006, 25020], 'vol_cnt': [54531, 33662, 23168, 130907, 267794, 30918, 78138, 498917, 12158, 729671, 132517, 109629, 477842, 448954, 74012, 240598, 134452, 57767, 22491, 19345, 184106, 681880], 'deal_power': [90.98, 78.45, 80.99, 59.07, 195.44, 66.6, 153.31, 106.62, 46.53, 75.64, 119.01, 258.97, 248.88, 145.43, 119.0, 140.4, 68.83, 244.18, 77.1, 119.68, 106.54, 72.18]}
{'stock_no': [], 'deal_power': []}
timer600틱 끝 timer1 재시작
4
장종료 알림 4, 8
8
장종료 알림 4, 8
계좌평가잔고내역요청 전송
000810;001040;002380;002790;003670;004800;004990;005380;006280;008560;009540;017670;018880;024110;034730;035250;035420;069960;078340;097950;139480;316140;
22
{'stock_no': ['000810', '001040', '002380', '002790', '003670', '004800', '004990', '005380', '006280', '008560', '009540', '017670', '018880', '024110', '034730', '035250', '035420', '069960', '078340', '097950', '139480', '316140'], 'stock_name': ['삼성화재', 'CJ', 'KCC', '아모레G', '포스코케미칼', '효성', '롯데지주', '현대차', '녹십자', '메리츠종금증권', '한국조선해양', 'SK텔레콤', '한온시스템', '기업은행', 'SK', '강원랜드', 'NAVER', '현대백화점', '컴투스', 'CJ제일제당', '이마트', '우리금융지주'], 'market_in_price': [272500, 103000, 278500, 66700, 55600, 75500, 44750, 142500, 127000, 5600, 123500, 262000, 11750, 14150, 239000, 31050, 120500, 81500, 104800, 301000, 144500, 14100], 'myhave_cnt': [5, 14, 4, 17, 21, 15, 33, 10, 9, 266, 12, 5, 100, 84, 6, 48, 9, 14, 14, 4, 8, 84], 'run_price': [260500, 98400, 264500, 62400, 52900, 73100, 41150, 139500, 115500, 5280, 115000, 260000, 11500, 13750, 223500, 30000, 117000, 81300, 96900, 291000, 140000, 13850], 'sell_price': [261000, 98400, 264500, 62500, 53000, 73100, 41200, 140000, 115500, 5290, 115500, 260500, 11550, 13750, 224000, 30000, 117500, 81400, 96900, 291500, 140500, 13900], 'sell_cnt': [1010, 251, 17, 477, 2472, 60, 1724, 40748, 541, 2999, 2858, 2320, 22400, 21742, 346, 3144, 11754, 427, 4, 389, 1194, 45554], 'buy_price': [260500, 98300, 264000, 62400, 52900, 73000, 41150, 139500, 115000, 5280, 115000, 260000, 11500, 13700, 223500, 29950, 117000, 81300, 96800, 291000, 140000, 13850], 'buy_cnt': [2491, 115, 995, 444, 1688, 75, 657, 2060, 3514, 26839, 7217, 544, 63484, 47141, 404, 3560, 3607, 242, 67, 1967, 4146, 14779], 'vol_cnt': [59921, 35627, 24590, 136876, 287250, 32502, 85306, 549234, 15396, 857747, 139079, 114693, 518736, 526374, 85096, 266429, 158619, 64916, 25611, 20971, 192474, 729970], 'deal_power': [91.77, 78.2, 80.93, 58.44, 194.04, 67.61, 151.01, 107.18, 54.96, 76.57, 117.83, 257.07, 249.62, 146.46, 109.66, 142.08, 70.11, 241.35, 78.93, 119.09, 106.04, 72.86]}
-----
자동주문 버튼 True 실행시간 : 16:24:08
자동주문 클릭시 timer1 시작
자동주문 클릭시 timer600 시작
계좌평가잔고내역요청 전송
000810;001040;002380;002790;003670;004800;004990;005380;006280;008560;009540;017670;018880;024110;034730;035250;035420;069960;078340;097950;139480;316140;
22
{'stock_no': ['000810', '001040', '002380', '002790', '003670', '004800', '004990', '005380', '006280', '008560', '009540', '017670', '018880', '024110', '034730', '035250', '035420', '069960', '078340', '097950', '139480', '316140'], 'stock_name': ['삼성화재', 'CJ', 'KCC', '아모레G', '포스코케미칼', '효성', '롯데지주', '현대차', '녹십자', '메리츠종금증권', '한국조선해양', 'SK텔레콤', '한온시스템', '기업은행', 'SK', '강원랜드', 'NAVER', '현대백화점', '컴투스', 'CJ제일제당', '이마트', '우리금융지주'], 'market_in_price': [272500, 103000, 278500, 66700, 55600, 75500, 44750, 142500, 127000, 5600, 123500, 262000, 11750, 14150, 239000, 31050, 120500, 81500, 104800, 301000, 144500, 14100], 'myhave_cnt': [5, 14, 4, 17, 21, 15, 33, 10, 9, 266, 12, 5, 100, 84, 6, 48, 9, 14, 14, 4, 8, 84], 'run_price': [260500, 98400, 264500, 62400, 52900, 73100, 41150, 139500, 115500, 5280, 115000, 260000, 11500, 13750, 223500, 30000, 117000, 81300, 96900, 291000, 140000, 13850], 'sell_price': [261000, 98400, 264500, 62500, 53000, 73100, 41200, 140000, 115500, 5290, 115500, 260500, 11550, 13750, 224000, 30000, 117500, 81400, 96900, 291500, 140500, 13900], 'sell_cnt': [1010, 251, 17, 477, 2472, 60, 1724, 40748, 541, 2999, 2858, 2320, 22400, 21742, 346, 3144, 11754, 427, 4, 389, 1194, 45554], 'buy_price': [260500, 98300, 264000, 62400, 52900, 73000, 41150, 139500, 115000, 5280, 115000, 260000, 11500, 13700, 223500, 29950, 117000, 81300, 96800, 291000, 140000, 13850], 'buy_cnt': [2491, 115, 995, 444, 1688, 75, 657, 2060, 3514, 26839, 7217, 544, 63484, 47141, 404, 3560, 3607, 242, 67, 1967, 4146, 14779], 'vol_cnt': [59921, 35627, 24590, 136876, 287250, 32502, 85306, 549234, 15396, 857747, 139079, 114693, 518736, 526374, 85096, 266429, 158619, 64916, 25611, 20971, 192474, 729970], 'deal_power': [91.77, 78.2, 80.93, 58.44, 194.04, 67.61, 151.01, 107.18, 54.96, 76.57, 117.83, 257.07, 249.62, 146.46, 109.66, 142.08, 70.11, 241.35, 78.93, 119.09, 106.04, 72.86]}
-----
자동주문 버튼 True 실행시간 : 16:26:22
자동주문 클릭시 timer1 시작
자동주문 클릭시 timer600 시작
계좌평가잔고내역요청 전송
000810;001040;002380;002790;003670;004800;004990;005380;006280;008560;009540;017670;018880;024110;034730;035250;035420;069960;078340;097950;139480;316140;
22
{'stock_no': ['000810', '001040', '002380', '002790', '003670', '004800', '004990', '005380', '006280', '008560', '009540', '017670', '018880', '024110', '034730', '035250', '035420', '069960', '078340', '097950', '139480', '316140'], 'stock_name': ['삼성화재', 'CJ', 'KCC', '아모레G', '포스코케미칼', '효성', '롯데지주', '현대차', '녹십자', '메리츠종금증권', '한국조선해양', 'SK텔레콤', '한온시스템', '기업은행', 'SK', '강원랜드', 'NAVER', '현대백화점', '컴투스', 'CJ제일제당', '이마트', '우리금융지주'], 'market_in_price': [272500, 103000, 278500, 66700, 55600, 75500, 44750, 142500, 127000, 5600, 123500, 262000, 11750, 14150, 239000, 31050, 120500, 81500, 104800, 301000, 144500, 14100], 'myhave_cnt': [5, 14, 4, 17, 21, 15, 33, 10, 9, 266, 12, 5, 100, 84, 6, 48, 9, 14, 14, 4, 8, 84], 'run_price': [260500, 98400, 264500, 62400, 52900, 73100, 41150, 139500, 115500, 5280, 115000, 260000, 11500, 13750, 223500, 30000, 117000, 81300, 96900, 291000, 140000, 13850], 'sell_price': [261000, 98400, 264500, 62500, 53000, 73100, 41200, 140000, 115500, 5290, 115500, 260500, 11550, 13750, 224000, 30000, 117500, 81400, 96900, 291500, 140500, 13900], 'sell_cnt': [1010, 251, 17, 477, 2472, 60, 1724, 40748, 541, 2999, 2858, 2320, 22400, 21742, 346, 3144, 11754, 427, 4, 389, 1194, 45554], 'buy_price': [260500, 98300, 264000, 62400, 52900, 73000, 41150, 139500, 115000, 5280, 115000, 260000, 11500, 13700, 223500, 29950, 117000, 81300, 96800, 291000, 140000, 13850], 'buy_cnt': [2491, 115, 995, 444, 1688, 75, 657, 2060, 3514, 26839, 7217, 544, 63484, 47141, 404, 3560, 3607, 242, 67, 1967, 4146, 14779], 'vol_cnt': [59921, 35627, 24590, 136876, 287250, 32502, 85306, 549234, 15396, 857747, 139079, 114693, 518736, 526374, 85096, 266429, 158619, 64916, 25611, 20971, 192474, 729970], 'deal_power': [91.77, 78.2, 80.93, 58.44, 194.04, 67.61, 151.01, 107.18, 54.96, 76.57, 117.83, 257.07, 249.62, 146.46, 109.66, 142.08, 70.11, 241.35, 78.93, 119.09, 106.04, 72.86]}
-----
자동주문 버튼 True 실행시간 : 16:30:55
자동주문 클릭시 timer1 시작
자동주문 클릭시 timer600 시작
계좌평가잔고내역요청 전송
000810;001040;002380;002790;003670;004800;004990;005380;006280;008560;009540;017670;018880;024110;034730;035250;035420;069960;078340;097950;139480;316140;
22
{'stock_no': ['000810', '001040', '002380', '002790', '003670', '004800', '004990', '005380', '006280', '008560', '009540', '017670', '018880', '024110', '034730', '035250', '035420', '069960', '078340', '097950', '139480', '316140'], 'stock_name': ['삼성화재', 'CJ', 'KCC', '아모레G', '포스코케미칼', '효성', '롯데지주', '현대차', '녹십자', '메리츠종금증권', '한국조선해양', 'SK텔레콤', '한온시스템', '기업은행', 'SK', '강원랜드', 'NAVER', '현대백화점', '컴투스', 'CJ제일제당', '이마트', '우리금융지주'], 'market_in_price': [272500, 103000, 278500, 66700, 55600, 75500, 44750, 142500, 127000, 5600, 123500, 262000, 11750, 14150, 239000, 31050, 120500, 81500, 104800, 301000, 144500, 14100], 'myhave_cnt': [5, 14, 4, 17, 21, 15, 33, 10, 9, 266, 12, 5, 100, 84, 6, 48, 9, 14, 14, 4, 8, 84], 'run_price': [260500, 98400, 264500, 62400, 52900, 73100, 41150, 139500, 115500, 5280, 115000, 260000, 11500, 13750, 223500, 30000, 117000, 81300, 96900, 291000, 140000, 13850], 'sell_price': [261000, 98400, 264500, 62500, 53000, 73100, 41200, 140000, 115500, 5290, 115500, 260500, 11550, 13750, 224000, 30000, 117500, 81400, 96900, 291500, 140500, 13900], 'sell_cnt': [1010, 251, 17, 477, 2472, 60, 1724, 40748, 541, 2999, 2858, 2320, 22400, 21742, 346, 3144, 11754, 427, 4, 389, 1194, 45554], 'buy_price': [260500, 98300, 264000, 62400, 52900, 73000, 41150, 139500, 115000, 5280, 115000, 260000, 11500, 13700, 223500, 29950, 117000, 81300, 96800, 291000, 140000, 13850], 'buy_cnt': [2491, 115, 995, 444, 1688, 75, 657, 2060, 3514, 26839, 7217, 544, 63484, 47141, 404, 3560, 3607, 242, 67, 1967, 4146, 14779], 'vol_cnt': [59921, 35627, 24590, 136876, 287250, 32502, 85306, 549234, 15396, 857747, 139079, 114693, 518736, 526374, 85096, 266429, 158619, 64916, 25611, 20971, 192474, 729970], 'deal_power': [91.77, 78.2, 80.93, 58.44, 194.04, 67.61, 151.01, 107.18, 54.96, 76.57, 117.83, 257.07, 249.62, 146.46, 109.66, 142.08, 70.11, 241.35, 78.93, 119.09, 106.04, 72.86]}
-----
자동주문 버튼 True 실행시간 : 16:45:13
자동주문 클릭시 timer1 시작
자동주문 클릭시 timer600 시작
