계좌평가잔고내역요청 전송
000810;001040;002380;002790;003670;004800;004990;005380;006280;008560;009540;017670;018880;024110;034730;035250;035420;069960;078340;097950;139480;316140;
22
{'stock_no': ['000810', '001040', '002380', '002790', '003670', '004800', '004990', '005380', '006280', '008560', '009540', '017670', '018880', '024110', '034730', '035250', '035420', '069960', '078340', '097950', '139480', '316140'], 'stock_name': ['삼성화재', 'CJ', 'KCC', '아모레G', '포스코케미칼', '효성', '롯데지주', '현대차', '녹십자', '메리츠종금증권', '한국조선해양', 'SK텔레콤', '한온시스템', '기업은행', 'SK', '강원랜드', 'NAVER', '현대백화점', '컴투스', 'CJ제일제당', '이마트', '우리금융지주'], 'market_in_price': [272500, 103000, 278500, 66700, 55600, 75500, 44750, 142500, 127000, 5600, 123500, 262000, 11750, 14150, 239000, 31050, 120500, 81500, 104800, 301000, 144500, 14100], 'myhave_cnt': [5, 14, 4, 17, 21, 15, 33, 10, 9, 266, 12, 5, 100, 84, 6, 48, 9, 14, 14, 4, 8, 84], 'run_price': [260500, 97100, 264500, 62700, 53200, 73200, 41100, 138000, 113500, 5210, 116500, 262000, 11600, 13800, 223000, 29850, 119500, 80200, 96800, 287500, 136500, 13800], 'sell_price': [261000, 97200, 265000, 62700, 53200, 73300, 41150, 138500, 114000, 5210, 116500, 262500, 11600, 13850, 223000, 29900, 119500, 80200, 96900, 288000, 136500, 13850], 'sell_cnt': [1159, 238, 103, 133, 1305, 343, 1094, 15047, 611, 1236, 1936, 1633, 20767, 110289, 1540, 1726, 3611, 235, 88, 121, 4174, 28300], 'buy_price': [260500, 97000, 264500, 62600, 53100, 73200, 41100, 138000, 113500, 5200, 116000, 262000, 11550, 13800, 222500, 29850, 119000, 80100, 96700, 287500, 136000, 13800], 'buy_cnt': [1160, 354, 272, 528, 549, 226, 578, 18434, 543, 17101, 1628, 1375, 7105, 7729, 2319, 807, 6409, 593, 85, 245, 6703, 12094], 'vol_cnt': [4829, 8976, 2221, 24513, 59958, 4781, 11171, 56746, 6763, 150631, 32923, 19867, 105068, 113335, 7358, 46872, 88779, 7251, 8556, 5791, 67299, 72319], 'deal_power': [30.74, 40.54, 87.11, 125.13, 130.66, 145.34, 55.07, 71.6, 11.66, 27.37, 178.63, 249.4, 86.98, 239.25, 84.3, 68.51, 229.33, 50.57, 65.13, 37.6, 40.23, 17.67]}
-----
자동주문 버튼 True 실행시간 : 10:14:00
자동주문 클릭시 timer1 시작
자동주문 클릭시 timer600 시작
timer600틱 시작 timer1 중지
-----
10분에 한번씩 클럭 발생::체결강도 전송 실행시간 : 10:24:00
계좌평가잔고내역요청 전송
000810;001040;002380;002790;003670;004800;004990;005380;006280;008560;009540;017670;018880;024110;034730;035250;035420;069960;078340;097950;139480;316140;
22
{'stock_no': ['000810', '001040', '002380', '002790', '003670', '004800', '004990', '005380', '006280', '008560', '009540', '017670', '018880', '024110', '034730', '035250', '035420', '069960', '078340', '097950', '139480', '316140'], 'stock_name': ['삼성화재', 'CJ', 'KCC', '아모레G', '포스코케미칼', '효성', '롯데지주', '현대차', '녹십자', '메리츠종금증권', '한국조선해양', 'SK텔레콤', '한온시스템', '기업은행', 'SK', '강원랜드', 'NAVER', '현대백화점', '컴투스', 'CJ제일제당', '이마트', '우리금융지주'], 'market_in_price': [272500, 103000, 278500, 66700, 55600, 75500, 44750, 142500, 127000, 5600, 123500, 262000, 11750, 14150, 239000, 31050, 120500, 81500, 104800, 301000, 144500, 14100], 'myhave_cnt': [5, 14, 4, 17, 21, 15, 33, 10, 9, 266, 12, 5, 100, 84, 6, 48, 9, 14, 14, 4, 8, 84], 'run_price': [260500, 97000, 263000, 62600, 53100, 73200, 41000, 137500, 113500, 5200, 116000, 262000, 11500, 13750, 222500, 29800, 119500, 80100, 96600, 287500, 135500, 13750], 'sell_price': [261000, 97100, 263500, 62700, 53200, 73300, 41050, 138000, 113500, 5210, 116000, 262000, 11550, 13800, 223000, 29850, 119500, 80200, 96700, 288000, 135500, 13800], 'sell_cnt': [1417, 223, 105, 816, 1509, 171, 1407, 11478, 123, 338, 984, 2512, 10426, 9157, 1417, 3156, 6482, 334, 7, 159, 3867, 12962], 'buy_price': [260500, 97000, 263000, 62600, 53100, 73200, 41000, 137500, 113000, 5200, 115500, 261500, 11500, 13750, 222500, 29800, 119000, 80100, 96600, 287500, 135000, 13750], 'buy_cnt': [606, 468, 254, 683, 207, 274, 773, 252, 885, 17027, 4400, 1511, 44322, 72223, 2103, 3268, 4746, 168, 174, 137, 8929, 50209], 'vol_cnt': [5134, 9135, 2552, 27625, 62327, 5318, 12817, 95506, 10234, 167643, 36530, 22335, 118157, 143683, 8349, 49069, 91816, 8484, 9698, 6013, 87793, 88497], 'deal_power': [30.04, 40.05, 73.44, 125.85, 127.13, 161.02, 46.23, 50.01, 7.98, 28.38, 163.47, 203.53, 75.12, 235.76, 98.25, 66.39, 215.31, 53.76, 61.31, 37.0, 37.53, 14.97]}
{'stock_no': ['032640', '035720'], 'deal_power': [295.73, 290.75]}
buy_able_money < market_in_pro
0
buy_able_money < market_in_pro
0
timer600틱 끝 timer1 재시작
timer600틱 시작 timer1 중지
-----
10분에 한번씩 클럭 발생::체결강도 전송 실행시간 : 10:34:00
계좌평가잔고내역요청 전송
000810;001040;002380;002790;003670;004800;004990;005380;006280;008560;009540;017670;018880;024110;034730;035250;035420;069960;078340;097950;139480;316140;
22
{'stock_no': ['000810', '001040', '002380', '002790', '003670', '004800', '004990', '005380', '006280', '008560', '009540', '017670', '018880', '024110', '034730', '035250', '035420', '069960', '078340', '097950', '139480', '316140'], 'stock_name': ['삼성화재', 'CJ', 'KCC', '아모레G', '포스코케미칼', '효성', '롯데지주', '현대차', '녹십자', '메리츠종금증권', '한국조선해양', 'SK텔레콤', '한온시스템', '기업은행', 'SK', '강원랜드', 'NAVER', '현대백화점', '컴투스', 'CJ제일제당', '이마트', '우리금융지주'], 'market_in_price': [272500, 103000, 278500, 66700, 55600, 75500, 44750, 142500, 127000, 5600, 123500, 262000, 11750, 14150, 239000, 31050, 120500, 81500, 104800, 301000, 144500, 14100], 'myhave_cnt': [5, 14, 4, 17, 21, 15, 33, 10, 9, 266, 12, 5, 100, 84, 6, 48, 9, 14, 14, 4, 8, 84], 'run_price': [260000, 97200, 263000, 62400, 53000, 73100, 41000, 137000, 113000, 5210, 116000, 262000, 11500, 13750, 223000, 29750, 119500, 79900, 96600, 287500, 135500, 13800], 'sell_price': [260500, 97200, 263000, 62400, 53100, 73200, 41000, 137500, 113500, 5210, 116000, 262000, 11550, 13800, 223000, 29800, 119500, 80000, 96700, 288000, 135500, 13800], 'sell_cnt': [1239, 432, 183, 1139, 660, 598, 876, 1152, 334, 18464, 2865, 1650, 9262, 3888, 1970, 2049, 8671, 288, 52, 157, 6884, 22796], 'buy_price': [260000, 97100, 262500, 62300, 53000, 73100, 40950, 137000, 113000, 5200, 115500, 261500, 11500, 13750, 222500, 29750, 119000, 79900, 96600, 287500, 135000, 13750], 'buy_cnt': [346, 901, 125, 616, 344, 270, 1187, 25914, 915, 9928, 4010, 587, 38711, 73673, 1585, 1505, 6094, 526, 60, 212, 9653, 63870], 'vol_cnt': [6348, 9711, 2728, 29788, 66667, 5732, 14330, 97816, 10375, 181938, 38755, 23110, 125694, 152023, 8986, 53531, 93046, 10141, 10242, 6357, 93858, 95298], 'deal_power': [23.5, 44.83, 70.06, 108.28, 123.53, 139.97, 43.68, 50.0, 8.22, 29.28, 172.7, 200.38, 75.98, 250.72, 100.94, 61.12, 214.93, 45.75, 60.17, 35.72, 44.41, 17.41]}
{'stock_no': ['032640'], 'deal_power': [298.0]}
buy_able_money < market_in_pro
0
timer600틱 끝 timer1 재시작
timer600틱 시작 timer1 중지
-----
10분에 한번씩 클럭 발생::체결강도 전송 실행시간 : 10:44:00
계좌평가잔고내역요청 전송
000810;001040;002380;002790;003670;004800;004990;005380;006280;008560;009540;017670;018880;024110;034730;035250;035420;069960;078340;097950;139480;316140;
22
{'stock_no': ['000810', '001040', '002380', '002790', '003670', '004800', '004990', '005380', '006280', '008560', '009540', '017670', '018880', '024110', '034730', '035250', '035420', '069960', '078340', '097950', '139480', '316140'], 'stock_name': ['삼성화재', 'CJ', 'KCC', '아모레G', '포스코케미칼', '효성', '롯데지주', '현대차', '녹십자', '메리츠종금증권', '한국조선해양', 'SK텔레콤', '한온시스템', '기업은행', 'SK', '강원랜드', 'NAVER', '현대백화점', '컴투스', 'CJ제일제당', '이마트', '우리금융지주'], 'market_in_price': [272500, 103000, 278500, 66700, 55600, 75500, 44750, 142500, 127000, 5600, 123500, 262000, 11750, 14150, 239000, 31050, 120500, 81500, 104800, 301000, 144500, 14100], 'myhave_cnt': [5, 14, 4, 17, 21, 15, 33, 10, 9, 266, 12, 5, 100, 84, 6, 48, 9, 14, 14, 4, 8, 84], 'run_price': [259500, 97300, 262500, 62100, 53100, 73000, 40950, 137000, 112500, 5200, 116000, 261000, 11500, 13800, 223000, 29700, 119000, 79600, 96700, 287500, 135000, 13750], 'sell_price': [260000, 97400, 263000, 62200, 53100, 73000, 40950, 137500, 113000, 5200, 116000, 261500, 11550, 13800, 223000, 29750, 119000, 79700, 96700, 288000, 135000, 13800], 'sell_cnt': [1395, 554, 203, 1030, 1010, 464, 1125, 5177, 403, 3344, 2669, 74, 22058, 26431, 2036, 3959, 954, 510, 85, 293, 6807, 26855], 'buy_price': [259500, 97300, 262500, 62100, 53000, 72900, 40900, 137000, 112500, 5190, 115500, 261000, 11500, 13750, 222500, 29700, 118500, 79600, 96600, 287500, 134500, 13750], 'buy_cnt': [484, 441, 21, 584, 699, 301, 107, 28504, 332, 14429, 1253, 1450, 34478, 74370, 1079, 845, 4350, 625, 91, 157, 7351, 61944], 'vol_cnt': [6944, 11143, 2935, 31569, 69357, 6354, 16330, 99281, 12696, 202168, 40899, 25089, 132388, 159786, 9846, 57683, 102443, 12310, 10452, 6567, 103955, 103102], 'deal_power': [24.12, 52.72, 64.97, 97.17, 123.77, 112.24, 43.01, 50.31, 8.19, 28.8, 160.73, 183.36, 73.63, 266.7, 97.27, 55.37, 177.06, 39.39, 60.69, 35.11, 41.24, 22.48]}
{'stock_no': [], 'deal_power': []}
timer600틱 끝 timer1 재시작
timer600틱 시작 timer1 중지
-----
10분에 한번씩 클럭 발생::체결강도 전송 실행시간 : 10:54:00
계좌평가잔고내역요청 전송
000810;001040;002380;002790;003670;004800;004990;005380;006280;008560;009540;017670;018880;024110;034730;035250;035420;069960;078340;097950;139480;316140;
22
{'stock_no': ['000810', '001040', '002380', '002790', '003670', '004800', '004990', '005380', '006280', '008560', '009540', '017670', '018880', '024110', '034730', '035250', '035420', '069960', '078340', '097950', '139480', '316140'], 'stock_name': ['삼성화재', 'CJ', 'KCC', '아모레G', '포스코케미칼', '효성', '롯데지주', '현대차', '녹십자', '메리츠종금증권', '한국조선해양', 'SK텔레콤', '한온시스템', '기업은행', 'SK', '강원랜드', 'NAVER', '현대백화점', '컴투스', 'CJ제일제당', '이마트', '우리금융지주'], 'market_in_price': [272500, 103000, 278500, 66700, 55600, 75500, 44750, 142500, 127000, 5600, 123500, 262000, 11750, 14150, 239000, 31050, 120500, 81500, 104800, 301000, 144500, 14100], 'myhave_cnt': [5, 14, 4, 17, 21, 15, 33, 10, 9, 266, 12, 5, 100, 84, 6, 48, 9, 14, 14, 4, 8, 84], 'run_price': [259500, 97100, 262000, 62400, 53000, 72800, 40650, 137000, 112500, 5190, 116000, 262000, 11500, 13850, 222500, 29650, 119000, 79600, 96500, 287000, 135500, 13800], 'sell_price': [260000, 97200, 262500, 62400, 53000, 72800, 40650, 137500, 113000, 5200, 116000, 262000, 11550, 13850, 222500, 29700, 119000, 79600, 96500, 287500, 135500, 13800], 'sell_cnt': [1241, 191, 103, 860, 354, 446, 247, 10622, 4, 14404, 5680, 3172, 22326, 72342, 1362, 3080, 3148, 536, 109, 394, 2765, 28552], 'buy_price': [259500, 97100, 262000, 62200, 52900, 72700, 40600, 137000, 112500, 5190, 115500, 261500, 11500, 13800, 222000, 29650, 118500, 79500, 96400, 287000, 135000, 13750], 'buy_cnt': [1303, 17, 81, 1669, 560, 274, 553, 25222, 1036, 10991, 652, 8, 31825, 10469, 1798, 3057, 7438, 451, 163, 752, 786, 62645], 'vol_cnt': [7275, 12722, 3049, 34315, 72696, 7558, 21407, 105120, 13354, 215325, 43062, 26177, 138288, 180985, 11407, 63019, 103791, 13016, 11256, 6881, 123215, 110460], 'deal_power': [28.3, 44.31, 64.88, 109.78, 121.79, 88.55, 32.18, 57.07, 10.8, 29.38, 150.23, 178.9, 72.34, 308.44, 80.85, 51.55, 179.19, 36.91, 58.23, 34.1, 51.52, 23.55]}
{'stock_no': ['024110'], 'deal_power': [308.44]}
timer600틱 끝 timer1 재시작
timer600틱 시작 timer1 중지
-----
10분에 한번씩 클럭 발생::체결강도 전송 실행시간 : 11:04:00
계좌평가잔고내역요청 전송
000810;001040;002380;002790;003670;004800;004990;005380;006280;008560;009540;017670;018880;024110;034730;035250;035420;069960;078340;097950;139480;316140;
22
{'stock_no': ['000810', '001040', '002380', '002790', '003670', '004800', '004990', '005380', '006280', '008560', '009540', '017670', '018880', '024110', '034730', '035250', '035420', '069960', '078340', '097950', '139480', '316140'], 'stock_name': ['삼성화재', 'CJ', 'KCC', '아모레G', '포스코케미칼', '효성', '롯데지주', '현대차', '녹십자', '메리츠종금증권', '한국조선해양', 'SK텔레콤', '한온시스템', '기업은행', 'SK', '강원랜드', 'NAVER', '현대백화점', '컴투스', 'CJ제일제당', '이마트', '우리금융지주'], 'market_in_price': [272500, 103000, 278500, 66700, 55600, 75500, 44750, 142500, 127000, 5600, 123500, 262000, 11750, 14150, 239000, 31050, 120500, 81500, 104800, 301000, 144500, 14100], 'myhave_cnt': [5, 14, 4, 17, 21, 15, 33, 10, 9, 266, 12, 5, 100, 84, 6, 48, 9, 14, 14, 4, 8, 84], 'run_price': [261000, 97400, 264000, 62500, 53200, 72900, 40750, 137000, 113500, 5240, 116000, 262000, 11500, 13850, 224000, 29750, 119500, 79700, 96900, 288000, 136000, 13800], 'sell_price': [261500, 97500, 264000, 62700, 53200, 73000, 40750, 137500, 113500, 5250, 116000, 262000, 11550, 13850, 224000, 29800, 119500, 79700, 96900, 288500, 136000, 13800], 'sell_cnt': [1512, 575, 120, 472, 2397, 292, 337, 8278, 529, 8766, 5620, 2765, 20729, 66961, 250, 1726, 15139, 527, 126, 61, 2733, 6978], 'buy_price': [260500, 97400, 263500, 62600, 53100, 72900, 40700, 137000, 113000, 5240, 115500, 261500, 11500, 13800, 223500, 29750, 119000, 79600, 96800, 288000, 135500, 13750], 'buy_cnt': [661, 379, 39, 1019, 602, 39, 3067, 27101, 985, 11553, 4914, 521, 33699, 44563, 1362, 3419, 7408, 1035, 217, 292, 157, 70042], 'vol_cnt': [11763, 13069, 3447, 36487, 78075, 8468, 24108, 113179, 13653, 253595, 44328, 27715, 146128, 188670, 16302, 77225, 108320, 13911, 11928, 7566, 127653, 185664], 'deal_power': [57.13, 45.99, 77.99, 115.77, 131.19, 100.22, 44.07, 60.9, 11.23, 49.47, 151.35, 179.76, 75.06, 323.47, 151.81, 63.68, 187.84, 45.08, 65.77, 43.2, 55.57, 61.23]}
{'stock_no': ['024110'], 'deal_power': [323.47]}
timer600틱 끝 timer1 재시작
timer600틱 시작 timer1 중지
-----
10분에 한번씩 클럭 발생::체결강도 전송 실행시간 : 11:14:00
계좌평가잔고내역요청 전송
000810;001040;002380;002790;003670;004800;004990;005380;006280;008560;009540;017670;018880;024110;034730;035250;035420;069960;078340;097950;139480;316140;
22
{'stock_no': ['000810', '001040', '002380', '002790', '003670', '004800', '004990', '005380', '006280', '008560', '009540', '017670', '018880', '024110', '034730', '035250', '035420', '069960', '078340', '097950', '139480', '316140'], 'stock_name': ['삼성화재', 'CJ', 'KCC', '아모레G', '포스코케미칼', '효성', '롯데지주', '현대차', '녹십자', '메리츠종금증권', '한국조선해양', 'SK텔레콤', '한온시스템', '기업은행', 'SK', '강원랜드', 'NAVER', '현대백화점', '컴투스', 'CJ제일제당', '이마트', '우리금융지주'], 'market_in_price': [272500, 103000, 278500, 66700, 55600, 75500, 44750, 142500, 127000, 5600, 123500, 262000, 11750, 14150, 239000, 31050, 120500, 81500, 104800, 301000, 144500, 14100], 'myhave_cnt': [5, 14, 4, 17, 21, 15, 33, 10, 9, 266, 12, 5, 100, 84, 6, 48, 9, 14, 14, 4, 8, 84], 'run_price': [260500, 97400, 263000, 62800, 53200, 72800, 40800, 137500, 113500, 5240, 116000, 262000, 11500, 13800, 223500, 29750, 119000, 79700, 96800, 288000, 135500, 13750], 'sell_price': [261000, 97500, 263000, 62800, 53300, 72800, 40800, 138000, 113500, 5250, 116000, 262000, 11550, 13850, 224000, 29800, 119500, 79700, 96900, 288500, 135500, 13800], 'sell_cnt': [1028, 319, 131, 945, 3349, 149, 719, 15470, 1022, 11942, 5201, 2349, 34673, 62933, 2856, 6254, 16626, 735, 220, 82, 2984, 19493], 'buy_price': [260500, 97400, 262500, 62700, 53200, 72700, 40750, 137500, 113000, 5240, 115500, 261500, 11500, 13800, 223500, 29750, 119000, 79600, 96800, 288000, 135000, 13750], 'buy_cnt': [504, 241, 50, 971, 715, 259, 668, 9960, 702, 10160, 47, 359, 12295, 48993, 3200, 3162, 8186, 1391, 39, 219, 2638, 80166], 'vol_cnt': [12022, 14615, 3923, 38126, 82678, 8926, 26042, 118767, 14061, 260671, 50288, 29077, 186290, 196746, 17188, 78456, 109157, 14209, 12198, 7919, 131095, 196141], 'deal_power': [59.76, 50.44, 75.68, 120.03, 134.48, 92.73, 54.35, 64.9, 11.92, 52.19, 137.83, 169.41, 55.1, 334.35, 149.75, 62.75, 186.56, 46.68, 63.98, 44.52, 54.96, 65.2]}
{'stock_no': ['024110'], 'deal_power': [334.35]}
timer600틱 끝 timer1 재시작
timer600틱 시작 timer1 중지
-----
10분에 한번씩 클럭 발생::체결강도 전송 실행시간 : 11:24:00
계좌평가잔고내역요청 전송
000810;001040;002380;002790;003670;004800;004990;005380;006280;008560;009540;017670;018880;024110;034730;035250;035420;069960;078340;097950;139480;316140;
22
{'stock_no': ['000810', '001040', '002380', '002790', '003670', '004800', '004990', '005380', '006280', '008560', '009540', '017670', '018880', '024110', '034730', '035250', '035420', '069960', '078340', '097950', '139480', '316140'], 'stock_name': ['삼성화재', 'CJ', 'KCC', '아모레G', '포스코케미칼', '효성', '롯데지주', '현대차', '녹십자', '메리츠종금증권', '한국조선해양', 'SK텔레콤', '한온시스템', '기업은행', 'SK', '강원랜드', 'NAVER', '현대백화점', '컴투스', 'CJ제일제당', '이마트', '우리금융지주'], 'market_in_price': [272500, 103000, 278500, 66700, 55600, 75500, 44750, 142500, 127000, 5600, 123500, 262000, 11750, 14150, 239000, 31050, 120500, 81500, 104800, 301000, 144500, 14100], 'myhave_cnt': [5, 14, 4, 17, 21, 15, 33, 10, 9, 266, 12, 5, 100, 84, 6, 48, 9, 14, 14, 4, 8, 84], 'run_price': [260500, 97500, 263000, 62700, 53200, 72800, 40800, 137500, 113000, 5230, 115500, 261500, 11500, 13850, 224000, 29750, 119000, 79600, 96400, 288000, 135500, 13750], 'sell_price': [261000, 97600, 263000, 62800, 53200, 72800, 40800, 138000, 113500, 5240, 116000, 262000, 11550, 13850, 224000, 29800, 119500, 79700, 96700, 288500, 135500, 13800], 'sell_cnt': [1032, 705, 176, 1179, 737, 688, 502, 14959, 1123, 8806, 3949, 406, 33844, 63478, 2686, 7118, 20822, 938, 41, 209, 253, 34814], 'buy_price': [260500, 97500, 262500, 62700, 53100, 72700, 40750, 137500, 113000, 5230, 115500, 261500, 11500, 13800, 223500, 29750, 119000, 79600, 96400, 288000, 135000, 13750], 'buy_cnt': [1242, 51, 101, 736, 938, 213, 1684, 13692, 2012, 8727, 2373, 1609, 9083, 57953, 3798, 2372, 6050, 1205, 174, 69, 3739, 67361], 'vol_cnt': [12344, 15203, 4025, 38499, 85691, 9492, 26753, 120752, 14297, 283138, 53129, 29982, 192446, 204720, 17697, 81128, 113135, 14546, 12382, 8142, 136392, 200621], 'deal_power': [62.21, 49.35, 75.76, 118.8, 136.69, 84.69, 57.72, 64.01, 11.92, 50.15, 141.96, 170.52, 54.54, 340.72, 147.85, 60.66, 170.97, 46.9, 63.01, 44.09, 57.67, 64.19]}
{'stock_no': ['024110', '018260'], 'deal_power': [340.72, 323.89]}
buy_able_money < market_in_pro
0
timer600틱 끝 timer1 재시작
timer600틱 시작 timer1 중지
-----
10분에 한번씩 클럭 발생::체결강도 전송 실행시간 : 11:34:00
계좌평가잔고내역요청 전송
000810;001040;002380;002790;003670;004800;004990;005380;006280;008560;009540;017670;018880;024110;034730;035250;035420;069960;078340;097950;139480;316140;
22
{'stock_no': ['000810', '001040', '002380', '002790', '003670', '004800', '004990', '005380', '006280', '008560', '009540', '017670', '018880', '024110', '034730', '035250', '035420', '069960', '078340', '097950', '139480', '316140'], 'stock_name': ['삼성화재', 'CJ', 'KCC', '아모레G', '포스코케미칼', '효성', '롯데지주', '현대차', '녹십자', '메리츠종금증권', '한국조선해양', 'SK텔레콤', '한온시스템', '기업은행', 'SK', '강원랜드', 'NAVER', '현대백화점', '컴투스', 'CJ제일제당', '이마트', '우리금융지주'], 'market_in_price': [272500, 103000, 278500, 66700, 55600, 75500, 44750, 142500, 127000, 5600, 123500, 262000, 11750, 14150, 239000, 31050, 120500, 81500, 104800, 301000, 144500, 14100], 'myhave_cnt': [5, 14, 4, 17, 21, 15, 33, 10, 9, 266, 12, 5, 100, 84, 6, 48, 9, 14, 14, 4, 8, 84], 'run_price': [261000, 97400, 262500, 62900, 53300, 72800, 40800, 137500, 114000, 5240, 116000, 262500, 11550, 13800, 224000, 29700, 119500, 79700, 96700, 288000, 135500, 13750], 'sell_price': [261000, 97400, 263000, 62900, 53300, 72800, 40800, 138000, 114000, 5250, 116000, 262500, 11550, 13850, 224000, 29750, 119500, 79700, 96700, 288500, 136000, 13800], 'sell_cnt': [706, 219, 237, 666, 3338, 722, 820, 14517, 887, 8927, 7249, 1819, 32334, 61475, 2504, 4346, 23496, 315, 16, 223, 4269, 37303], 'buy_price': [260500, 97300, 262500, 62800, 53200, 72700, 40750, 137500, 113500, 5240, 115500, 262000, 11500, 13800, 223500, 29700, 119000, 79600, 96500, 288000, 135500, 13750], 'buy_cnt': [1570, 102, 112, 958, 640, 77, 2797, 16606, 33, 6943, 1457, 17, 19625, 59036, 3972, 2028, 16139, 1407, 278, 34, 657, 72439], 'vol_cnt': [12714, 15949, 4201, 40976, 89372, 10172, 27889, 122629, 15633, 301169, 56588, 31650, 207939, 215439, 18739, 85567, 114320, 16024, 13230, 8356, 138109, 206372], 'deal_power': [65.72, 46.81, 74.59, 122.12, 143.2, 76.14, 63.96, 63.29, 18.07, 56.38, 137.88, 172.91, 50.23, 341.07, 140.13, 56.18, 168.17, 58.65, 59.23, 43.37, 58.44, 63.99]}
{'stock_no': ['024110', '018260'], 'deal_power': [341.07, 335.86]}
buy_able_money < market_in_pro
0
timer600틱 끝 timer1 재시작
timer600틱 시작 timer1 중지
-----
10분에 한번씩 클럭 발생::체결강도 전송 실행시간 : 11:44:00
계좌평가잔고내역요청 전송
000810;001040;002380;002790;003670;004800;004990;005380;006280;008560;009540;017670;018880;024110;034730;035250;035420;069960;078340;097950;139480;316140;
22
{'stock_no': ['000810', '001040', '002380', '002790', '003670', '004800', '004990', '005380', '006280', '008560', '009540', '017670', '018880', '024110', '034730', '035250', '035420', '069960', '078340', '097950', '139480', '316140'], 'stock_name': ['삼성화재', 'CJ', 'KCC', '아모레G', '포스코케미칼', '효성', '롯데지주', '현대차', '녹십자', '메리츠종금증권', '한국조선해양', 'SK텔레콤', '한온시스템', '기업은행', 'SK', '강원랜드', 'NAVER', '현대백화점', '컴투스', 'CJ제일제당', '이마트', '우리금융지주'], 'market_in_price': [272500, 103000, 278500, 66700, 55600, 75500, 44750, 142500, 127000, 5600, 123500, 262000, 11750, 14150, 239000, 31050, 120500, 81500, 104800, 301000, 144500, 14100], 'myhave_cnt': [5, 14, 4, 17, 21, 15, 33, 10, 9, 266, 12, 5, 100, 84, 6, 48, 9, 14, 14, 4, 8, 84], 'run_price': [261000, 97200, 263000, 62900, 53300, 72600, 40650, 137500, 113000, 5250, 116000, 262000, 11550, 13800, 224000, 29700, 118500, 79700, 96600, 288000, 136000, 13750], 'sell_price': [261500, 97300, 263000, 63000, 53300, 72700, 40700, 138000, 113500, 5250, 116000, 262500, 11550, 13850, 224000, 29750, 119000, 79700, 96700, 288500, 136000, 13800], 'sell_cnt': [1236, 63, 223, 964, 2393, 919, 2013, 13900, 25, 12735, 7882, 2624, 31737, 47632, 1870, 6187, 11988, 458, 32, 150, 2183, 40627], 'buy_price': [261000, 97200, 262500, 62900, 53200, 72600, 40650, 137500, 113000, 5240, 115500, 262000, 11500, 13800, 223500, 29700, 118500, 79600, 96600, 288000, 135500, 13750], 'buy_cnt': [876, 220, 63, 873, 1169, 548, 315, 23098, 1831, 3963, 739, 141, 19025, 59809, 3290, 1229, 3146, 1179, 42, 242, 2301, 72933], 'vol_cnt': [13640, 16280, 4390, 43074, 91447, 10640, 32953, 124577, 16583, 310631, 58113, 32496, 212954, 224564, 20361, 88042, 123210, 16378, 13381, 8572, 139018, 215307], 'deal_power': [77.11, 45.54, 72.18, 122.87, 143.48, 77.47, 51.64, 62.65, 17.52, 56.72, 135.65, 174.37, 50.43, 348.96, 135.67, 54.36, 140.92, 59.54, 60.55, 42.76, 59.34, 65.0]}
{'stock_no': ['024110'], 'deal_power': [348.96]}
timer600틱 끝 timer1 재시작
timer600틱 시작 timer1 중지
-----
10분에 한번씩 클럭 발생::체결강도 전송 실행시간 : 11:54:00
계좌평가잔고내역요청 전송
000810;001040;002380;002790;003670;004800;004990;005380;006280;008560;009540;017670;018880;024110;034730;035250;035420;069960;078340;097950;139480;316140;
22
{'stock_no': ['000810', '001040', '002380', '002790', '003670', '004800', '004990', '005380', '006280', '008560', '009540', '017670', '018880', '024110', '034730', '035250', '035420', '069960', '078340', '097950', '139480', '316140'], 'stock_name': ['삼성화재', 'CJ', 'KCC', '아모레G', '포스코케미칼', '효성', '롯데지주', '현대차', '녹십자', '메리츠종금증권', '한국조선해양', 'SK텔레콤', '한온시스템', '기업은행', 'SK', '강원랜드', 'NAVER', '현대백화점', '컴투스', 'CJ제일제당', '이마트', '우리금융지주'], 'market_in_price': [272500, 103000, 278500, 66700, 55600, 75500, 44750, 142500, 127000, 5600, 123500, 262000, 11750, 14150, 239000, 31050, 120500, 81500, 104800, 301000, 144500, 14100], 'myhave_cnt': [5, 14, 4, 17, 21, 15, 33, 10, 9, 266, 12, 5, 100, 84, 6, 48, 9, 14, 14, 4, 8, 84], 'run_price': [261000, 97300, 262500, 63000, 53200, 72700, 40700, 137500, 113000, 5230, 116000, 262000, 11550, 13850, 224000, 29650, 118000, 79800, 96700, 288500, 135500, 13800], 'sell_price': [261500, 97400, 263000, 63100, 53300, 72800, 40700, 138000, 113500, 5230, 116000, 262000, 11550, 13850, 224000, 29700, 118500, 79800, 96700, 288500, 136000, 13800], 'sell_cnt': [1659, 181, 298, 958, 2169, 152, 2051, 12907, 884, 9147, 5932, 1016, 32030, 8124, 2635, 4147, 3734, 412, 25, 293, 1731, 42289], 'buy_price': [261000, 97200, 262500, 63000, 53200, 72700, 40650, 137500, 113000, 5220, 115500, 261000, 11500, 13800, 223500, 29650, 118000, 79700, 96600, 288000, 135500, 13750], 'buy_cnt': [816, 382, 307, 437, 997, 185, 1469, 16517, 1594, 14720, 1328, 1030, 14450, 82994, 2204, 2718, 6170, 1020, 18, 22, 2614, 67313], 'vol_cnt': [13919, 16713, 4491, 44991, 93551, 12479, 33636, 127771, 16802, 324767, 63657, 33898, 219936, 262481, 21449, 90637, 127891, 17522, 13437, 8821, 140715, 220592], 'deal_power': [79.68, 44.97, 71.69, 123.77, 144.02, 91.64, 52.15, 62.84, 17.56, 55.53, 144.93, 168.44, 50.25, 407.85, 130.38, 52.62, 131.49, 64.65, 60.59, 41.97, 61.11, 64.45]}
{'stock_no': ['024110', '032640'], 'deal_power': [407.85, 292.36]}
buy_able_money < market_in_pro
0
timer600틱 끝 timer1 재시작
timer600틱 시작 timer1 중지
-----
10분에 한번씩 클럭 발생::체결강도 전송 실행시간 : 12:04:00
계좌평가잔고내역요청 전송
000810;001040;002380;002790;003670;004800;004990;005380;006280;008560;009540;017670;018880;024110;034730;035250;035420;069960;078340;097950;139480;316140;
22
{'stock_no': ['000810', '001040', '002380', '002790', '003670', '004800', '004990', '005380', '006280', '008560', '009540', '017670', '018880', '024110', '034730', '035250', '035420', '069960', '078340', '097950', '139480', '316140'], 'stock_name': ['삼성화재', 'CJ', 'KCC', '아모레G', '포스코케미칼', '효성', '롯데지주', '현대차', '녹십자', '메리츠종금증권', '한국조선해양', 'SK텔레콤', '한온시스템', '기업은행', 'SK', '강원랜드', 'NAVER', '현대백화점', '컴투스', 'CJ제일제당', '이마트', '우리금융지주'], 'market_in_price': [272500, 103000, 278500, 66700, 55600, 75500, 44750, 142500, 127000, 5600, 123500, 262000, 11750, 14150, 239000, 31050, 120500, 81500, 104800, 301000, 144500, 14100], 'myhave_cnt': [5, 14, 4, 17, 21, 15, 33, 10, 9, 266, 12, 5, 100, 84, 6, 48, 9, 14, 14, 4, 8, 84], 'run_price': [261000, 97100, 263000, 62700, 53200, 72800, 40650, 138000, 113000, 5220, 115500, 261500, 11500, 13900, 224000, 29650, 118500, 79800, 96600, 287500, 136000, 13750], 'sell_price': [261500, 97200, 263000, 62800, 53300, 72800, 40700, 138500, 113500, 5230, 115500, 261500, 11500, 13900, 224000, 29700, 118500, 79800, 96600, 288000, 136000, 13800], 'sell_cnt': [1098, 263, 219, 1162, 2993, 411, 2861, 16191, 920, 13840, 3018, 261, 15726, 82651, 2370, 5067, 2914, 601, 190, 301, 438, 62874], 'buy_price': [261000, 97100, 262500, 62700, 53200, 72700, 40650, 138000, 113000, 5220, 115000, 261000, 11450, 13850, 223500, 29650, 118000, 79700, 96500, 287500, 135500, 13750], 'buy_cnt': [1434, 130, 184, 220, 316, 269, 2454, 3925, 1644, 16045, 15541, 1357, 38884, 17227, 1790, 2639, 3142, 946, 230, 302, 3319, 34049], 'vol_cnt': [14282, 17428, 4700, 48370, 95852, 12957, 34513, 140509, 17039, 334774, 65836, 34788, 239703, 273785, 22297, 92291, 131644, 17699, 13644, 9035, 143113, 255982], 'deal_power': [83.05, 43.31, 68.31, 110.2, 143.06, 91.71, 51.62, 74.22, 17.52, 59.9, 138.8, 168.09, 45.83, 388.81, 127.65, 51.6, 136.52, 64.47, 60.53, 41.47, 63.73, 51.91]}
{'stock_no': ['024110', '032640'], 'deal_power': [388.81, 298.24]}
buy_able_money < market_in_pro
0
timer600틱 끝 timer1 재시작
timer600틱 시작 timer1 중지
-----
10분에 한번씩 클럭 발생::체결강도 전송 실행시간 : 12:13:57
계좌평가잔고내역요청 전송
000810;001040;002380;002790;003670;004800;004990;005380;006280;008560;009540;017670;018880;024110;034730;035250;035420;069960;078340;097950;139480;316140;
22
{'stock_no': ['000810', '001040', '002380', '002790', '003670', '004800', '004990', '005380', '006280', '008560', '009540', '017670', '018880', '024110', '034730', '035250', '035420', '069960', '078340', '097950', '139480', '316140'], 'stock_name': ['삼성화재', 'CJ', 'KCC', '아모레G', '포스코케미칼', '효성', '롯데지주', '현대차', '녹십자', '메리츠종금증권', '한국조선해양', 'SK텔레콤', '한온시스템', '기업은행', 'SK', '강원랜드', 'NAVER', '현대백화점', '컴투스', 'CJ제일제당', '이마트', '우리금융지주'], 'market_in_price': [272500, 103000, 278500, 66700, 55600, 75500, 44750, 142500, 127000, 5600, 123500, 262000, 11750, 14150, 239000, 31050, 120500, 81500, 104800, 301000, 144500, 14100], 'myhave_cnt': [5, 14, 4, 17, 21, 15, 33, 10, 9, 266, 12, 5, 100, 84, 6, 48, 9, 14, 14, 4, 8, 84], 'run_price': [261000, 97100, 263000, 62700, 53200, 72700, 40600, 138000, 113000, 5220, 115000, 261500, 11450, 13850, 224000, 29650, 118500, 79700, 96400, 287500, 136500, 13800], 'sell_price': [261500, 97200, 263500, 62800, 53200, 72800, 40600, 138500, 113500, 5230, 115500, 262000, 11500, 13900, 224000, 29700, 118500, 79800, 96400, 288000, 136500, 13800], 'sell_cnt': [1449, 306, 460, 1197, 485, 79, 1926, 18376, 988, 13793, 4566, 2129, 15912, 99831, 2950, 5800, 3957, 748, 111, 535, 3055, 62452], 'buy_price': [261000, 97100, 263000, 62700, 53100, 72700, 40550, 138000, 113000, 5220, 115000, 261500, 11450, 13850, 223500, 29650, 118000, 79700, 96300, 287500, 136000, 13750], 'buy_cnt': [1611, 217, 208, 557, 1108, 256, 2388, 11355, 921, 17054, 7273, 988, 38039, 32402, 1094, 2787, 4057, 1001, 136, 777, 3294, 35619], 'vol_cnt': [14362, 17628, 4934, 48730, 98025, 13784, 39487, 142051, 17872, 343167, 67683, 35845, 245290, 277640, 23360, 94829, 133128, 17943, 13985, 9266, 144385, 263974], 'deal_power': [82.34, 42.59, 73.28, 109.55, 144.03, 103.22, 45.87, 73.5, 17.13, 60.72, 136.05, 170.82, 46.53, 374.58, 119.42, 49.92, 135.29, 64.35, 58.48, 40.75, 65.01, 52.11]}
{'stock_no': ['024110', '032640'], 'deal_power': [374.58, 312.82]}
buy_able_money < market_in_pro
0
timer600틱 끝 timer1 재시작
timer600틱 시작 timer1 중지
-----
10분에 한번씩 클럭 발생::체결강도 전송 실행시간 : 12:23:57
계좌평가잔고내역요청 전송
000810;001040;002380;002790;003670;004800;004990;005380;006280;008560;009540;017670;018880;024110;034730;035250;035420;069960;078340;097950;139480;316140;
22
{'stock_no': ['000810', '001040', '002380', '002790', '003670', '004800', '004990', '005380', '006280', '008560', '009540', '017670', '018880', '024110', '034730', '035250', '035420', '069960', '078340', '097950', '139480', '316140'], 'stock_name': ['삼성화재', 'CJ', 'KCC', '아모레G', '포스코케미칼', '효성', '롯데지주', '현대차', '녹십자', '메리츠종금증권', '한국조선해양', 'SK텔레콤', '한온시스템', '기업은행', 'SK', '강원랜드', 'NAVER', '현대백화점', '컴투스', 'CJ제일제당', '이마트', '우리금융지주'], 'market_in_price': [272500, 103000, 278500, 66700, 55600, 75500, 44750, 142500, 127000, 5600, 123500, 262000, 11750, 14150, 239000, 31050, 120500, 81500, 104800, 301000, 144500, 14100], 'myhave_cnt': [5, 14, 4, 17, 21, 15, 33, 10, 9, 266, 12, 5, 100, 84, 6, 48, 9, 14, 14, 4, 8, 84], 'run_price': [261500, 97300, 263500, 62600, 53200, 72700, 40600, 138000, 113500, 5220, 115500, 262000, 11500, 13850, 224000, 29650, 118000, 79700, 96400, 287500, 136500, 13800], 'sell_price': [262000, 97400, 263500, 62700, 53300, 72800, 40600, 138500, 113500, 5230, 115500, 262000, 11500, 13900, 224000, 29700, 118500, 79800, 96400, 288000, 136500, 13800], 'sell_cnt': [1784, 179, 458, 993, 2219, 578, 148, 18535, 1024, 12110, 3764, 1583, 17261, 103661, 2577, 1085, 4973, 962, 121, 680, 1944, 37828], 'buy_price': [261500, 97300, 263000, 62600, 53200, 72700, 40550, 138000, 113000, 5220, 115000, 261500, 11450, 13850, 223500, 29650, 118000, 79700, 96300, 287500, 136000, 13750], 'buy_cnt': [876, 326, 243, 813, 268, 343, 1409, 13166, 921, 21918, 9615, 1451, 37336, 39787, 657, 4967, 6137, 1280, 234, 899, 4249, 68130], 'vol_cnt': [15960, 18342, 5029, 50619, 99975, 14236, 43215, 143365, 18125, 352122, 69063, 36786, 250740, 280121, 24879, 102998, 134596, 18181, 14072, 9549, 146579, 283209], 'deal_power': [101.39, 44.61, 72.96, 104.77, 147.26, 97.25, 53.26, 73.36, 17.03, 61.48, 134.86, 170.85, 46.74, 369.42, 110.06, 53.66, 135.63, 64.68, 58.37, 40.42, 66.92, 58.14]}
{'stock_no': ['024110', '032640', '055550'], 'deal_power': [369.42, 322.96, 288.44]}
buy_able_money < market_in_pro
0
buy_able_money < market_in_pro
0
timer600틱 끝 timer1 재시작
timer600틱 시작 timer1 중지
-----
10분에 한번씩 클럭 발생::체결강도 전송 실행시간 : 12:33:57
계좌평가잔고내역요청 전송
000810;001040;002380;002790;003670;004800;004990;005380;006280;008560;009540;017670;018880;024110;034730;035250;035420;069960;078340;097950;139480;316140;
22
{'stock_no': ['000810', '001040', '002380', '002790', '003670', '004800', '004990', '005380', '006280', '008560', '009540', '017670', '018880', '024110', '034730', '035250', '035420', '069960', '078340', '097950', '139480', '316140'], 'stock_name': ['삼성화재', 'CJ', 'KCC', '아모레G', '포스코케미칼', '효성', '롯데지주', '현대차', '녹십자', '메리츠종금증권', '한국조선해양', 'SK텔레콤', '한온시스템', '기업은행', 'SK', '강원랜드', 'NAVER', '현대백화점', '컴투스', 'CJ제일제당', '이마트', '우리금융지주'], 'market_in_price': [272500, 103000, 278500, 66700, 55600, 75500, 44750, 142500, 127000, 5600, 123500, 262000, 11750, 14150, 239000, 31050, 120500, 81500, 104800, 301000, 144500, 14100], 'myhave_cnt': [5, 14, 4, 17, 21, 15, 33, 10, 9, 266, 12, 5, 100, 84, 6, 48, 9, 14, 14, 4, 8, 84], 'run_price': [261500, 97300, 263500, 62600, 53400, 72600, 40700, 138000, 113500, 5270, 115500, 261500, 11450, 13850, 224000, 29650, 118000, 79700, 96400, 287500, 136500, 13800], 'sell_price': [262000, 97400, 263500, 62600, 53400, 72700, 40700, 138500, 113500, 5270, 115500, 261500, 11500, 13900, 224000, 29700, 118500, 79800, 96500, 288000, 136500, 13850], 'sell_cnt': [1330, 192, 369, 889, 7322, 439, 1873, 18544, 565, 7225, 2146, 1150, 16386, 92173, 3120, 2135, 5278, 1155, 43, 728, 3740, 61106], 'buy_price': [261500, 97300, 263000, 62500, 53300, 72600, 40650, 138000, 113000, 5260, 115000, 261000, 11450, 13850, 223500, 29650, 118000, 79700, 96400, 287500, 136000, 13800], 'buy_cnt': [1487, 522, 142, 995, 2038, 151, 783, 13136, 1956, 14016, 17034, 921, 35842, 29138, 1353, 8554, 6552, 1417, 262, 595, 4343, 15908], 'vol_cnt': [16114, 18473, 5248, 51953, 105615, 15071, 44246, 144603, 18770, 380460, 71108, 38902, 257217, 306326, 26333, 103920, 135942, 18403, 14562, 9923, 148018, 335238], 'deal_power': [101.4, 44.39, 69.94, 100.0, 156.33, 89.62, 56.4, 73.08, 19.1, 68.73, 132.98, 154.33, 47.24, 259.94, 106.56, 53.41, 135.1, 63.74, 58.48, 39.19, 68.13, 84.07]}
{'stock_no': ['032640'], 'deal_power': [321.6]}
buy_able_money < market_in_pro
0
timer600틱 끝 timer1 재시작
timer600틱 시작 timer1 중지
-----
10분에 한번씩 클럭 발생::체결강도 전송 실행시간 : 12:43:57
계좌평가잔고내역요청 전송
000810;001040;002380;002790;003670;004800;004990;005380;006280;008560;009540;017670;018880;024110;034730;035250;035420;069960;078340;097950;139480;316140;
22
{'stock_no': ['000810', '001040', '002380', '002790', '003670', '004800', '004990', '005380', '006280', '008560', '009540', '017670', '018880', '024110', '034730', '035250', '035420', '069960', '078340', '097950', '139480', '316140'], 'stock_name': ['삼성화재', 'CJ', 'KCC', '아모레G', '포스코케미칼', '효성', '롯데지주', '현대차', '녹십자', '메리츠종금증권', '한국조선해양', 'SK텔레콤', '한온시스템', '기업은행', 'SK', '강원랜드', 'NAVER', '현대백화점', '컴투스', 'CJ제일제당', '이마트', '우리금융지주'], 'market_in_price': [272500, 103000, 278500, 66700, 55600, 75500, 44750, 142500, 127000, 5600, 123500, 262000, 11750, 14150, 239000, 31050, 120500, 81500, 104800, 301000, 144500, 14100], 'myhave_cnt': [5, 14, 4, 17, 21, 15, 33, 10, 9, 266, 12, 5, 100, 84, 6, 48, 9, 14, 14, 4, 8, 84], 'run_price': [261500, 97200, 263000, 62400, 53400, 72700, 40650, 137500, 113000, 5260, 115000, 261000, 11450, 13850, 223500, 29650, 118000, 79700, 96400, 288500, 135500, 13850], 'sell_price': [262000, 97300, 263500, 62500, 53400, 72700, 40650, 138000, 113500, 5270, 115500, 261000, 11500, 13900, 224000, 29700, 118500, 79800, 96400, 288500, 135500, 13850], 'sell_cnt': [1678, 317, 441, 1847, 5737, 788, 945, 12505, 1064, 8222, 4677, 54, 20296, 93861, 3279, 3820, 4220, 1456, 93, 392, 2209, 67037], 'buy_price': [261500, 97200, 263000, 62400, 53300, 72600, 40600, 137500, 113000, 5260, 115000, 260500, 11450, 13850, 223500, 29650, 118000, 79700, 96300, 288000, 135000, 13800], 'buy_cnt': [941, 280, 72, 821, 2158, 310, 664, 22004, 1832, 12693, 13269, 1667, 30774, 39498, 1073, 7119, 195, 1761, 96, 108, 8620, 20967], 'vol_cnt': [16305, 19026, 5452, 53926, 108094, 15524, 45237, 154036, 19350, 394707, 72416, 40579, 265348, 308273, 27055, 105567, 148011, 18744, 15347, 11167, 156216, 343403], 'deal_power': [99.1, 42.84, 67.78, 93.3, 159.93, 85.13, 56.65, 66.04, 20.05, 69.66, 131.96, 155.35, 46.52, 257.8, 105.03, 53.21, 125.02, 62.63, 56.03, 49.84, 64.45, 83.6]}
{'stock_no': ['032640'], 'deal_power': [327.56]}
buy_able_money < market_in_pro
0
timer600틱 끝 timer1 재시작
timer600틱 시작 timer1 중지
-----
10분에 한번씩 클럭 발생::체결강도 전송 실행시간 : 12:53:57
계좌평가잔고내역요청 전송
000810;001040;002380;002790;003670;004800;004990;005380;006280;008560;009540;017670;018880;024110;034730;035250;035420;069960;078340;097950;139480;316140;
22
{'stock_no': ['000810', '001040', '002380', '002790', '003670', '004800', '004990', '005380', '006280', '008560', '009540', '017670', '018880', '024110', '034730', '035250', '035420', '069960', '078340', '097950', '139480', '316140'], 'stock_name': ['삼성화재', 'CJ', 'KCC', '아모레G', '포스코케미칼', '효성', '롯데지주', '현대차', '녹십자', '메리츠종금증권', '한국조선해양', 'SK텔레콤', '한온시스템', '기업은행', 'SK', '강원랜드', 'NAVER', '현대백화점', '컴투스', 'CJ제일제당', '이마트', '우리금융지주'], 'market_in_price': [272500, 103000, 278500, 66700, 55600, 75500, 44750, 142500, 127000, 5600, 123500, 262000, 11750, 14150, 239000, 31050, 120500, 81500, 104800, 301000, 144500, 14100], 'myhave_cnt': [5, 14, 4, 17, 21, 15, 33, 10, 9, 266, 12, 5, 100, 84, 6, 48, 9, 14, 14, 4, 8, 84], 'run_price': [261500, 97200, 263000, 62400, 53300, 72700, 40650, 137500, 113000, 5260, 115000, 260500, 11450, 13850, 224000, 29650, 118000, 79600, 96300, 288500, 135500, 13850], 'sell_price': [262000, 97300, 263500, 62500, 53400, 72700, 40650, 138000, 113500, 5270, 115000, 260500, 11500, 13900, 224000, 29700, 118000, 79700, 96300, 288500, 135500, 13850], 'sell_cnt': [1641, 316, 425, 2164, 4937, 857, 2240, 12610, 1181, 10485, 3178, 1137, 23076, 93991, 2981, 4199, 5644, 833, 167, 315, 5067, 66533], 'buy_price': [261500, 97200, 263000, 62400, 53300, 72600, 40600, 137500, 113000, 5260, 114500, 260000, 11450, 13850, 223500, 29650, 117500, 79600, 96200, 288000, 135000, 13800], 'buy_cnt': [1224, 376, 54, 1472, 1944, 197, 653, 22913, 1574, 11684, 14196, 2394, 28684, 45316, 263, 7533, 11052, 544, 325, 86, 8519, 6145], 'vol_cnt': [16599, 19168, 5611, 54414, 110083, 16030, 46368, 155885, 19761, 403568, 78012, 47550, 271718, 310651, 28675, 107134, 151653, 20841, 15846, 11544, 159501, 367356], 'deal_power': [99.34, 42.51, 66.21, 92.48, 160.91, 81.12, 56.26, 66.31, 20.29, 70.7, 117.98, 125.1, 46.75, 255.01, 96.88, 53.39, 125.73, 53.35, 53.94, 48.97, 66.78, 75.0]}
{'stock_no': ['032640'], 'deal_power': [336.74]}
buy_able_money < market_in_pro
0
timer600틱 끝 timer1 재시작
timer600틱 시작 timer1 중지
-----
10분에 한번씩 클럭 발생::체결강도 전송 실행시간 : 13:03:57
계좌평가잔고내역요청 전송
000810;001040;002380;002790;003670;004800;004990;005380;006280;008560;009540;017670;018880;024110;034730;035250;035420;069960;078340;097950;139480;316140;
22
{'stock_no': ['000810', '001040', '002380', '002790', '003670', '004800', '004990', '005380', '006280', '008560', '009540', '017670', '018880', '024110', '034730', '035250', '035420', '069960', '078340', '097950', '139480', '316140'], 'stock_name': ['삼성화재', 'CJ', 'KCC', '아모레G', '포스코케미칼', '효성', '롯데지주', '현대차', '녹십자', '메리츠종금증권', '한국조선해양', 'SK텔레콤', '한온시스템', '기업은행', 'SK', '강원랜드', 'NAVER', '현대백화점', '컴투스', 'CJ제일제당', '이마트', '우리금융지주'], 'market_in_price': [272500, 103000, 278500, 66700, 55600, 75500, 44750, 142500, 127000, 5600, 123500, 262000, 11750, 14150, 239000, 31050, 120500, 81500, 104800, 301000, 144500, 14100], 'myhave_cnt': [5, 14, 4, 17, 21, 15, 33, 10, 9, 266, 12, 5, 100, 84, 6, 48, 9, 14, 14, 4, 8, 84], 'run_price': [261500, 97100, 263500, 62400, 53300, 72700, 40600, 137500, 113000, 5260, 115000, 261000, 11500, 13850, 224000, 29650, 118000, 79700, 96200, 288000, 135500, 13850], 'sell_price': [262000, 97200, 263500, 62500, 53300, 72700, 40600, 138000, 113500, 5270, 115000, 261000, 11500, 13900, 224000, 29700, 118000, 79700, 96200, 288500, 135500, 13850], 'sell_cnt': [1803, 238, 193, 2111, 1943, 897, 1008, 12465, 1507, 13266, 1930, 2258, 21206, 103916, 2097, 6311, 1223, 1035, 70, 324, 4576, 66762], 'buy_price': [261500, 97100, 263000, 62400, 53200, 72600, 40550, 137500, 113000, 5260, 114500, 260500, 11450, 13850, 223500, 29650, 117500, 79600, 96100, 288000, 135000, 13800], 'buy_cnt': [1451, 171, 88, 1222, 539, 219, 2468, 24222, 1037, 12775, 13410, 1977, 25252, 51908, 2149, 5826, 9175, 754, 285, 50, 8847, 1335], 'vol_cnt': [16811, 19793, 5898, 55354, 114205, 16498, 47977, 157298, 20294, 411912, 81219, 50521, 279298, 312328, 29807, 109510, 156440, 21024, 16399, 11794, 163446, 380793], 'deal_power': [98.1, 41.59, 65.39, 90.06, 154.35, 79.31, 58.41, 66.22, 20.3, 71.38, 122.53, 135.95, 47.67, 255.02, 98.1, 52.47, 122.29, 53.19, 52.59, 48.49, 70.54, 70.77]}
{'stock_no': ['032640'], 'deal_power': [321.03]}
buy_able_money < market_in_pro
0
timer600틱 끝 timer1 재시작
timer600틱 시작 timer1 중지
-----
10분에 한번씩 클럭 발생::체결강도 전송 실행시간 : 13:13:57
계좌평가잔고내역요청 전송
000810;001040;002380;002790;003670;004800;004990;005380;006280;008560;009540;017670;018880;024110;034730;035250;035420;069960;078340;097950;139480;316140;
22
{'stock_no': ['000810', '001040', '002380', '002790', '003670', '004800', '004990', '005380', '006280', '008560', '009540', '017670', '018880', '024110', '034730', '035250', '035420', '069960', '078340', '097950', '139480', '316140'], 'stock_name': ['삼성화재', 'CJ', 'KCC', '아모레G', '포스코케미칼', '효성', '롯데지주', '현대차', '녹십자', '메리츠종금증권', '한국조선해양', 'SK텔레콤', '한온시스템', '기업은행', 'SK', '강원랜드', 'NAVER', '현대백화점', '컴투스', 'CJ제일제당', '이마트', '우리금융지주'], 'market_in_price': [272500, 103000, 278500, 66700, 55600, 75500, 44750, 142500, 127000, 5600, 123500, 262000, 11750, 14150, 239000, 31050, 120500, 81500, 104800, 301000, 144500, 14100], 'myhave_cnt': [5, 14, 4, 17, 21, 15, 33, 10, 9, 266, 12, 5, 100, 84, 6, 48, 9, 14, 14, 4, 8, 84], 'run_price': [262000, 97200, 263500, 62500, 53200, 72600, 40550, 137500, 113000, 5270, 115500, 260500, 11450, 13850, 223500, 29650, 118000, 79700, 96000, 288000, 135500, 13800], 'sell_price': [262000, 97300, 263500, 62600, 53200, 72600, 40600, 138000, 113500, 5270, 115500, 261000, 11500, 13900, 224000, 29700, 118000, 79700, 96200, 288500, 135500, 13850], 'sell_cnt': [1880, 102, 248, 259, 1401, 836, 154, 16761, 1329, 10735, 8112, 2768, 20179, 8782, 2201, 4735, 5276, 1147, 146, 235, 3665, 69013], 'buy_price': [261500, 97200, 263000, 62500, 53100, 72500, 40550, 137500, 113000, 5260, 115000, 260500, 11450, 13850, 223500, 29650, 117500, 79600, 96000, 288000, 135000, 13800], 'buy_cnt': [1699, 373, 71, 1522, 1259, 1399, 2773, 27021, 770, 14058, 1695, 1851, 32846, 64027, 266, 5560, 8627, 985, 105, 388, 10395, 793], 'vol_cnt': [17054, 20222, 6027, 60547, 119131, 17370, 52199, 159327, 20907, 422694, 89972, 51660, 285397, 411594, 33497, 111892, 158810, 21229, 17960, 12083, 165398, 387319], 'deal_power': [98.43, 43.2, 64.57, 94.97, 156.97, 73.78, 67.1, 66.82, 21.7, 74.04, 139.06, 136.35, 48.22, 316.05, 84.14, 52.08, 122.49, 52.78, 47.66, 48.76, 72.13, 70.27]}
{'stock_no': ['032640', '024110'], 'deal_power': [321.69, 316.05]}
buy_able_money < market_in_pro
0
timer600틱 끝 timer1 재시작
timer600틱 시작 timer1 중지
-----
10분에 한번씩 클럭 발생::체결강도 전송 실행시간 : 13:23:57
계좌평가잔고내역요청 전송
000810;001040;002380;002790;003670;004800;004990;005380;006280;008560;009540;017670;018880;024110;034730;035250;035420;069960;078340;097950;139480;316140;
22
{'stock_no': ['000810', '001040', '002380', '002790', '003670', '004800', '004990', '005380', '006280', '008560', '009540', '017670', '018880', '024110', '034730', '035250', '035420', '069960', '078340', '097950', '139480', '316140'], 'stock_name': ['삼성화재', 'CJ', 'KCC', '아모레G', '포스코케미칼', '효성', '롯데지주', '현대차', '녹십자', '메리츠종금증권', '한국조선해양', 'SK텔레콤', '한온시스템', '기업은행', 'SK', '강원랜드', 'NAVER', '현대백화점', '컴투스', 'CJ제일제당', '이마트', '우리금융지주'], 'market_in_price': [272500, 103000, 278500, 66700, 55600, 75500, 44750, 142500, 127000, 5600, 123500, 262000, 11750, 14150, 239000, 31050, 120500, 81500, 104800, 301000, 144500, 14100], 'myhave_cnt': [5, 14, 4, 17, 21, 15, 33, 10, 9, 266, 12, 5, 100, 84, 6, 48, 9, 14, 14, 4, 8, 84], 'run_price': [261500, 97200, 262500, 62400, 53000, 72600, 40550, 137500, 113000, 5260, 114500, 260500, 11450, 13850, 223500, 29850, 117500, 79600, 96000, 288500, 135000, 13800], 'sell_price': [262000, 97300, 263000, 62500, 53000, 72600, 40600, 138000, 113500, 5270, 115000, 261000, 11500, 13900, 224000, 29900, 118000, 79700, 96000, 288500, 135500, 13850], 'sell_cnt': [2061, 270, 234, 1622, 1964, 630, 528, 15832, 1176, 11546, 3989, 3807, 21160, 8612, 3437, 5625, 4870, 1344, 165, 269, 4229, 64781], 'buy_price': [261500, 97200, 262500, 62400, 52900, 72500, 40550, 137500, 113000, 5260, 114500, 260500, 11450, 13850, 223500, 29850, 117500, 79600, 95900, 288000, 135000, 13800], 'buy_cnt': [1665, 219, 115, 248, 1478, 766, 2667, 30181, 41, 14048, 11511, 1999, 27023, 68519, 54, 850, 8452, 1079, 260, 322, 9915, 10166], 'vol_cnt': [17253, 21381, 6210, 63096, 124407, 18810, 53226, 161136, 22328, 434019, 92630, 52738, 293663, 417200, 34821, 124813, 163279, 21621, 18839, 12319, 166638, 398615], 'deal_power': [97.92, 42.87, 63.49, 89.91, 146.83, 75.68, 69.82, 66.98, 22.68, 75.34, 133.58, 138.37, 48.13, 320.21, 85.44, 63.83, 124.56, 52.09, 46.14, 48.81, 73.23, 69.91]}
{'stock_no': ['032640', '024110'], 'deal_power': [332.77, 320.21]}
buy_able_money < market_in_pro
0
timer600틱 끝 timer1 재시작
timer600틱 시작 timer1 중지
-----
10분에 한번씩 클럭 발생::체결강도 전송 실행시간 : 13:33:57
계좌평가잔고내역요청 전송
000810;001040;002380;002790;003670;004800;004990;005380;006280;008560;009540;017670;018880;024110;034730;035250;035420;069960;078340;097950;139480;316140;
22
{'stock_no': ['000810', '001040', '002380', '002790', '003670', '004800', '004990', '005380', '006280', '008560', '009540', '017670', '018880', '024110', '034730', '035250', '035420', '069960', '078340', '097950', '139480', '316140'], 'stock_name': ['삼성화재', 'CJ', 'KCC', '아모레G', '포스코케미칼', '효성', '롯데지주', '현대차', '녹십자', '메리츠종금증권', '한국조선해양', 'SK텔레콤', '한온시스템', '기업은행', 'SK', '강원랜드', 'NAVER', '현대백화점', '컴투스', 'CJ제일제당', '이마트', '우리금융지주'], 'market_in_price': [272500, 103000, 278500, 66700, 55600, 75500, 44750, 142500, 127000, 5600, 123500, 262000, 11750, 14150, 239000, 31050, 120500, 81500, 104800, 301000, 144500, 14100], 'myhave_cnt': [5, 14, 4, 17, 21, 15, 33, 10, 9, 266, 12, 5, 100, 84, 6, 48, 9, 14, 14, 4, 8, 84], 'run_price': [262000, 97200, 262500, 62300, 53000, 72500, 40600, 138000, 112500, 5260, 114500, 261000, 11450, 13900, 223500, 29800, 118000, 79500, 95900, 288000, 135500, 13800], 'sell_price': [262000, 97300, 263000, 62400, 53000, 72600, 40600, 138500, 113000, 5260, 114500, 261000, 11500, 13900, 224000, 29850, 118000, 79600, 96100, 288500, 135500, 13850], 'sell_cnt': [2173, 351, 223, 1359, 2322, 969, 730, 24545, 111, 4268, 2955, 4718, 22762, 11037, 3079, 2470, 2151, 1252, 60, 416, 4191, 65492], 'buy_price': [261500, 97200, 262500, 62300, 52900, 72500, 40550, 138000, 112500, 5250, 114000, 260500, 11450, 13850, 223500, 29800, 117500, 79500, 96000, 288000, 135000, 13800], 'buy_cnt': [1627, 27, 108, 1221, 978, 164, 2617, 2390, 3717, 13986, 8058, 2673, 31881, 86860, 256, 4440, 8467, 589, 2, 122, 10500, 35689], 'vol_cnt': [17490, 22013, 6354, 63910, 126488, 19554, 53806, 178241, 22858, 459737, 103440, 53926, 301256, 429118, 36985, 126914, 169159, 22730, 20200, 12617, 168287, 402796], 'deal_power': [97.57, 41.68, 62.9, 89.12, 147.52, 72.66, 71.46, 76.2, 23.82, 73.31, 108.2, 140.21, 48.07, 324.51, 81.85, 62.4, 127.82, 48.64, 51.44, 48.55, 74.71, 69.02]}
{'stock_no': ['032640', '024110'], 'deal_power': [341.88, 324.51]}
buy_able_money < market_in_pro
0
timer600틱 끝 timer1 재시작
timer600틱 시작 timer1 중지
-----
10분에 한번씩 클럭 발생::체결강도 전송 실행시간 : 13:43:57
계좌평가잔고내역요청 전송
000810;001040;002380;002790;003670;004800;004990;005380;006280;008560;009540;017670;018880;024110;034730;035250;035420;069960;078340;097950;139480;316140;
22
{'stock_no': ['000810', '001040', '002380', '002790', '003670', '004800', '004990', '005380', '006280', '008560', '009540', '017670', '018880', '024110', '034730', '035250', '035420', '069960', '078340', '097950', '139480', '316140'], 'stock_name': ['삼성화재', 'CJ', 'KCC', '아모레G', '포스코케미칼', '효성', '롯데지주', '현대차', '녹십자', '메리츠종금증권', '한국조선해양', 'SK텔레콤', '한온시스템', '기업은행', 'SK', '강원랜드', 'NAVER', '현대백화점', '컴투스', 'CJ제일제당', '이마트', '우리금융지주'], 'market_in_price': [272500, 103000, 278500, 66700, 55600, 75500, 44750, 142500, 127000, 5600, 123500, 262000, 11750, 14150, 239000, 31050, 120500, 81500, 104800, 301000, 144500, 14100], 'myhave_cnt': [5, 14, 4, 17, 21, 15, 33, 10, 9, 266, 12, 5, 100, 84, 6, 48, 9, 14, 14, 4, 8, 84], 'run_price': [262000, 97500, 263000, 62300, 53100, 72500, 40600, 138000, 113500, 5260, 114000, 261000, 11450, 13850, 224000, 29800, 117500, 79300, 96000, 288000, 135000, 13750], 'sell_price': [262000, 97600, 263000, 62400, 53100, 72500, 40650, 138000, 113500, 5260, 114500, 261000, 11500, 13900, 224000, 29850, 118000, 79400, 96000, 288500, 135500, 13800], 'sell_cnt': [2216, 180, 238, 1582, 594, 1378, 1619, 5662, 519, 5030, 1763, 3150, 21420, 32353, 3706, 1564, 481, 1401, 26, 236, 3146, 13104], 'buy_price': [261500, 97500, 262500, 62300, 53000, 72400, 40600, 137500, 113000, 5250, 114000, 260500, 11450, 13850, 223500, 29800, 117500, 79300, 95900, 288000, 135000, 13750], 'buy_cnt': [1699, 255, 304, 1425, 1333, 659, 1103, 46974, 895, 19152, 22496, 1116, 28575, 86034, 76, 2382, 8048, 358, 121, 522, 11922, 110261], 'vol_cnt': [17842, 23367, 6481, 64282, 130876, 20123, 55678, 182450, 23813, 477623, 109236, 57431, 311619, 432372, 39049, 135261, 175416, 24250, 20336, 12909, 170364, 420208], 'deal_power': [98.07, 47.0, 62.48, 88.83, 154.94, 70.84, 75.25, 74.79, 27.77, 78.45, 113.1, 146.84, 47.9, 324.79, 78.73, 61.18, 131.82, 45.01, 51.61, 48.85, 76.71, 66.31]}
{'stock_no': ['032640', '024110'], 'deal_power': [346.14, 324.79]}
buy_able_money < market_in_pro
0
timer600틱 끝 timer1 재시작
timer600틱 시작 timer1 중지
-----
10분에 한번씩 클럭 발생::체결강도 전송 실행시간 : 13:53:57
계좌평가잔고내역요청 전송
000810;001040;002380;002790;003670;004800;004990;005380;006280;008560;009540;017670;018880;024110;034730;035250;035420;069960;078340;097950;139480;316140;
22
{'stock_no': ['000810', '001040', '002380', '002790', '003670', '004800', '004990', '005380', '006280', '008560', '009540', '017670', '018880', '024110', '034730', '035250', '035420', '069960', '078340', '097950', '139480', '316140'], 'stock_name': ['삼성화재', 'CJ', 'KCC', '아모레G', '포스코케미칼', '효성', '롯데지주', '현대차', '녹십자', '메리츠종금증권', '한국조선해양', 'SK텔레콤', '한온시스템', '기업은행', 'SK', '강원랜드', 'NAVER', '현대백화점', '컴투스', 'CJ제일제당', '이마트', '우리금융지주'], 'market_in_price': [272500, 103000, 278500, 66700, 55600, 75500, 44750, 142500, 127000, 5600, 123500, 262000, 11750, 14150, 239000, 31050, 120500, 81500, 104800, 301000, 144500, 14100], 'myhave_cnt': [5, 14, 4, 17, 21, 15, 33, 10, 9, 266, 12, 5, 100, 84, 6, 48, 9, 14, 14, 4, 8, 84], 'run_price': [262000, 97600, 263000, 62400, 53100, 72400, 40600, 138000, 113500, 5270, 114500, 261000, 11500, 13900, 224000, 29800, 118500, 79400, 96000, 288000, 136000, 13800], 'sell_price': [262000, 97700, 263000, 62400, 53100, 72400, 40650, 138000, 113500, 5270, 114500, 261000, 11500, 13900, 224000, 29850, 118500, 79400, 96100, 288500, 136000, 13800], 'sell_cnt': [2387, 88, 199, 1941, 1624, 1071, 1530, 3465, 502, 13807, 2004, 3293, 21823, 29748, 3834, 2062, 4291, 1080, 33, 279, 7897, 16825], 'buy_price': [261500, 97600, 262500, 62300, 53000, 72300, 40600, 137500, 113000, 5260, 114000, 260500, 11450, 13850, 223500, 29800, 118000, 79300, 96000, 288000, 135500, 13750], 'buy_cnt': [1669, 224, 126, 1309, 1604, 865, 1640, 48167, 1518, 10111, 9709, 2085, 23954, 90200, 297, 4180, 4693, 1086, 32, 457, 2078, 110584], 'vol_cnt': [18142, 23688, 6627, 64543, 132710, 21504, 56638, 186104, 24190, 493821, 111923, 58653, 319129, 448874, 40143, 137228, 181358, 24658, 20715, 13196, 176191, 428543], 'deal_power': [96.61, 48.06, 61.64, 88.96, 157.53, 65.99, 75.74, 76.33, 27.97, 82.9, 112.72, 148.41, 47.78, 285.42, 79.22, 60.43, 134.45, 45.37, 51.59, 48.64, 79.59, 65.72]}
{'stock_no': ['032640'], 'deal_power': [353.37]}
buy_able_money < market_in_pro
0
timer600틱 끝 timer1 재시작
timer600틱 시작 timer1 중지
-----
10분에 한번씩 클럭 발생::체결강도 전송 실행시간 : 14:03:57
계좌평가잔고내역요청 전송
000810;001040;002380;002790;003670;004800;004990;005380;006280;008560;009540;017670;018880;024110;034730;035250;035420;069960;078340;097950;139480;316140;
22
{'stock_no': ['000810', '001040', '002380', '002790', '003670', '004800', '004990', '005380', '006280', '008560', '009540', '017670', '018880', '024110', '034730', '035250', '035420', '069960', '078340', '097950', '139480', '316140'], 'stock_name': ['삼성화재', 'CJ', 'KCC', '아모레G', '포스코케미칼', '효성', '롯데지주', '현대차', '녹십자', '메리츠종금증권', '한국조선해양', 'SK텔레콤', '한온시스템', '기업은행', 'SK', '강원랜드', 'NAVER', '현대백화점', '컴투스', 'CJ제일제당', '이마트', '우리금융지주'], 'market_in_price': [272500, 103000, 278500, 66700, 55600, 75500, 44750, 142500, 127000, 5600, 123500, 262000, 11750, 14150, 239000, 31050, 120500, 81500, 104800, 301000, 144500, 14100], 'myhave_cnt': [5, 14, 4, 17, 21, 15, 33, 10, 9, 266, 12, 5, 100, 84, 6, 48, 9, 14, 14, 4, 8, 84], 'run_price': [261000, 97500, 262500, 62300, 52900, 72300, 40550, 138000, 113000, 5270, 114500, 261000, 11450, 13900, 224000, 29800, 118000, 79300, 96100, 288000, 135500, 13750], 'sell_price': [261500, 97600, 263000, 62400, 52900, 72400, 40600, 138500, 113500, 5270, 114500, 261000, 11500, 13900, 224000, 29850, 118500, 79400, 96100, 288500, 136000, 13800], 'sell_cnt': [2258, 44, 192, 2142, 1540, 1896, 2160, 31333, 411, 7897, 2643, 20, 29272, 33892, 3289, 3127, 4823, 1383, 13, 436, 7123, 28584], 'buy_price': [261000, 97500, 262500, 62300, 52800, 72300, 40550, 138000, 113000, 5260, 114000, 260500, 11450, 13850, 223500, 29800, 118000, 79300, 96000, 288000, 135500, 13750], 'buy_cnt': [1898, 277, 110, 1799, 2495, 584, 2309, 231, 1355, 25666, 4500, 2834, 10654, 95008, 159, 4123, 3117, 1171, 65, 813, 3379, 82147], 'vol_cnt': [20170, 24205, 6772, 64856, 138693, 22540, 58563, 194005, 24745, 508364, 115232, 61116, 334614, 451155, 42281, 138964, 183700, 24827, 20967, 13509, 177871, 435848], 'deal_power': [83.23, 46.53, 60.89, 88.95, 151.14, 63.08, 73.14, 80.2, 28.03, 86.33, 110.72, 154.54, 45.74, 283.3, 76.66, 59.71, 132.18, 45.56, 51.54, 48.75, 80.34, 64.79]}
{'stock_no': ['032640'], 'deal_power': [367.11]}
buy_able_money < market_in_pro
0
timer600틱 끝 timer1 재시작
timer600틱 시작 timer1 중지
-----
10분에 한번씩 클럭 발생::체결강도 전송 실행시간 : 14:13:57
계좌평가잔고내역요청 전송
000810;001040;002380;002790;003670;004800;004990;005380;006280;008560;009540;017670;018880;024110;034730;035250;035420;069960;078340;097950;139480;316140;
22
{'stock_no': ['000810', '001040', '002380', '002790', '003670', '004800', '004990', '005380', '006280', '008560', '009540', '017670', '018880', '024110', '034730', '035250', '035420', '069960', '078340', '097950', '139480', '316140'], 'stock_name': ['삼성화재', 'CJ', 'KCC', '아모레G', '포스코케미칼', '효성', '롯데지주', '현대차', '녹십자', '메리츠종금증권', '한국조선해양', 'SK텔레콤', '한온시스템', '기업은행', 'SK', '강원랜드', 'NAVER', '현대백화점', '컴투스', 'CJ제일제당', '이마트', '우리금융지주'], 'market_in_price': [272500, 103000, 278500, 66700, 55600, 75500, 44750, 142500, 127000, 5600, 123500, 262000, 11750, 14150, 239000, 31050, 120500, 81500, 104800, 301000, 144500, 14100], 'myhave_cnt': [5, 14, 4, 17, 21, 15, 33, 10, 9, 266, 12, 5, 100, 84, 6, 48, 9, 14, 14, 4, 8, 84], 'run_price': [261000, 97600, 262500, 62300, 52900, 72300, 40600, 138000, 113000, 5280, 114500, 261000, 11450, 13850, 223500, 29800, 118500, 79400, 96000, 288500, 136000, 13850], 'sell_price': [261500, 97700, 263000, 62400, 52900, 72400, 40600, 138500, 113500, 5280, 114500, 261000, 11450, 13900, 223500, 29850, 118500, 79400, 96100, 288500, 136000, 13850], 'sell_cnt': [2352, 279, 272, 2242, 479, 2210, 2668, 30510, 1397, 12818, 3879, 3823, 2303, 52969, 2204, 5656, 1629, 1626, 135, 344, 7810, 70405], 'buy_price': [261000, 97600, 262500, 62300, 52800, 72300, 40550, 138000, 113000, 5270, 114000, 260500, 11400, 13850, 223000, 29800, 118000, 79300, 96000, 288000, 135500, 13800], 'buy_cnt': [1757, 639, 65, 1673, 2631, 326, 1651, 1220, 920, 20960, 3840, 966, 20171, 98153, 443, 3871, 2113, 1218, 174, 735, 3219, 588], 'vol_cnt': [20527, 24580, 6944, 65391, 140517, 23439, 60482, 197560, 25397, 537089, 118052, 62229, 359664, 467190, 43521, 141255, 197598, 25243, 21134, 13834, 179870, 482455], 'deal_power': [81.59, 47.21, 59.88, 89.16, 153.71, 59.74, 72.59, 79.09, 27.85, 88.79, 109.55, 156.33, 46.49, 291.82, 76.37, 58.35, 132.29, 46.19, 52.12, 48.68, 81.22, 75.93]}
{'stock_no': ['032640', '024110'], 'deal_power': [374.26, 291.82]}
buy_able_money < market_in_pro
0
timer600틱 끝 timer1 재시작
timer600틱 시작 timer1 중지
-----
10분에 한번씩 클럭 발생::체결강도 전송 실행시간 : 14:23:57
계좌평가잔고내역요청 전송
000810;001040;002380;002790;003670;004800;004990;005380;006280;008560;009540;017670;018880;024110;034730;035250;035420;069960;078340;097950;139480;316140;
22
{'stock_no': ['000810', '001040', '002380', '002790', '003670', '004800', '004990', '005380', '006280', '008560', '009540', '017670', '018880', '024110', '034730', '035250', '035420', '069960', '078340', '097950', '139480', '316140'], 'stock_name': ['삼성화재', 'CJ', 'KCC', '아모레G', '포스코케미칼', '효성', '롯데지주', '현대차', '녹십자', '메리츠종금증권', '한국조선해양', 'SK텔레콤', '한온시스템', '기업은행', 'SK', '강원랜드', 'NAVER', '현대백화점', '컴투스', 'CJ제일제당', '이마트', '우리금융지주'], 'market_in_price': [272500, 103000, 278500, 66700, 55600, 75500, 44750, 142500, 127000, 5600, 123500, 262000, 11750, 14150, 239000, 31050, 120500, 81500, 104800, 301000, 144500, 14100], 'myhave_cnt': [5, 14, 4, 17, 21, 15, 33, 10, 9, 266, 12, 5, 100, 84, 6, 48, 9, 14, 14, 4, 8, 84], 'run_price': [261000, 97600, 262000, 62300, 52900, 72500, 40550, 138000, 113000, 5270, 114500, 261000, 11400, 13850, 223000, 29750, 118000, 79300, 96100, 288000, 135500, 13800], 'sell_price': [261500, 97700, 262500, 62400, 52900, 72500, 40600, 138000, 113500, 5280, 114500, 261000, 11450, 13900, 223500, 29800, 118500, 79400, 96100, 288500, 135500, 13850], 'sell_cnt': [2423, 236, 173, 2934, 1725, 90, 1694, 9578, 1411, 16119, 3582, 3813, 4249, 56322, 1984, 2006, 3828, 1629, 169, 676, 3569, 52522], 'buy_price': [261000, 97600, 262000, 62300, 52800, 72400, 40550, 137500, 113000, 5270, 114000, 260500, 11400, 13850, 223000, 29750, 118000, 79300, 96000, 288000, 135000, 13800], 'buy_cnt': [1572, 553, 311, 497, 475, 156, 320, 49256, 490, 15180, 2158, 1950, 34163, 97715, 580, 3790, 2954, 870, 47, 314, 7817, 10041], 'vol_cnt': [20953, 24896, 7146, 67056, 146322, 26070, 67443, 203294, 26114, 574874, 121761, 64792, 388964, 471247, 44604, 147777, 200076, 25657, 22647, 14454, 184838, 520628], 'deal_power': [79.8, 47.23, 58.5, 86.17, 149.41, 68.92, 72.2, 79.28, 27.59, 86.54, 107.19, 162.5, 46.91, 291.6, 76.53, 55.64, 131.39, 45.93, 50.59, 47.53, 79.55, 83.83]}
{'stock_no': ['032640', '024110'], 'deal_power': [352.04, 291.6]}
buy_able_money < market_in_pro
0
timer600틱 끝 timer1 재시작
timer600틱 시작 timer1 중지
-----
10분에 한번씩 클럭 발생::체결강도 전송 실행시간 : 14:33:57
계좌평가잔고내역요청 전송
000810;001040;002380;002790;003670;004800;004990;005380;006280;008560;009540;017670;018880;024110;034730;035250;035420;069960;078340;097950;139480;316140;
22
{'stock_no': ['000810', '001040', '002380', '002790', '003670', '004800', '004990', '005380', '006280', '008560', '009540', '017670', '018880', '024110', '034730', '035250', '035420', '069960', '078340', '097950', '139480', '316140'], 'stock_name': ['삼성화재', 'CJ', 'KCC', '아모레G', '포스코케미칼', '효성', '롯데지주', '현대차', '녹십자', '메리츠종금증권', '한국조선해양', 'SK텔레콤', '한온시스템', '기업은행', 'SK', '강원랜드', 'NAVER', '현대백화점', '컴투스', 'CJ제일제당', '이마트', '우리금융지주'], 'market_in_price': [272500, 103000, 278500, 66700, 55600, 75500, 44750, 142500, 127000, 5600, 123500, 262000, 11750, 14150, 239000, 31050, 120500, 81500, 104800, 301000, 144500, 14100], 'myhave_cnt': [5, 14, 4, 17, 21, 15, 33, 10, 9, 266, 12, 5, 100, 84, 6, 48, 9, 14, 14, 4, 8, 84], 'run_price': [261000, 97700, 263000, 62400, 52900, 72400, 40550, 138000, 113000, 5280, 114000, 261000, 11450, 13900, 223000, 29750, 118500, 79300, 96000, 287500, 135500, 13800], 'sell_price': [261500, 97700, 263000, 62400, 52900, 72400, 40550, 138000, 113000, 5280, 114000, 261000, 11500, 13900, 223500, 29800, 118500, 79400, 96100, 288000, 135500, 13800], 'sell_cnt': [2172, 202, 147, 3327, 849, 293, 631, 14035, 1116, 17536, 1647, 3183, 22854, 55911, 2856, 2852, 1924, 1666, 233, 159, 2915, 5554], 'buy_price': [261000, 97600, 262500, 62300, 52800, 72300, 40500, 137500, 112500, 5270, 113500, 260500, 11450, 13850, 223000, 29750, 118000, 79300, 96000, 287500, 135000, 13750], 'buy_cnt': [1804, 623, 42, 761, 2435, 509, 852, 51841, 3381, 20287, 10274, 432, 12678, 73284, 356, 3736, 6244, 948, 67, 95, 8525, 88913], 'vol_cnt': [21387, 25129, 7512, 67548, 148809, 26578, 68886, 206717, 27561, 589656, 127188, 69617, 411249, 496198, 46014, 151050, 206173, 26188, 22991, 15383, 186361, 559505], 'deal_power': [78.18, 46.98, 61.59, 86.01, 153.46, 68.81, 71.98, 79.66, 30.43, 86.81, 103.96, 166.88, 51.41, 247.88, 75.92, 54.02, 134.51, 46.61, 50.27, 46.24, 80.51, 88.26]}
{'stock_no': ['032640'], 'deal_power': [359.04]}
buy_able_money < market_in_pro
0
timer600틱 끝 timer1 재시작
timer600틱 시작 timer1 중지
-----
10분에 한번씩 클럭 발생::체결강도 전송 실행시간 : 14:43:57
계좌평가잔고내역요청 전송
000810;001040;002380;002790;003670;004800;004990;005380;006280;008560;009540;017670;018880;024110;034730;035250;035420;069960;078340;097950;139480;316140;
22
{'stock_no': ['000810', '001040', '002380', '002790', '003670', '004800', '004990', '005380', '006280', '008560', '009540', '017670', '018880', '024110', '034730', '035250', '035420', '069960', '078340', '097950', '139480', '316140'], 'stock_name': ['삼성화재', 'CJ', 'KCC', '아모레G', '포스코케미칼', '효성', '롯데지주', '현대차', '녹십자', '메리츠종금증권', '한국조선해양', 'SK텔레콤', '한온시스템', '기업은행', 'SK', '강원랜드', 'NAVER', '현대백화점', '컴투스', 'CJ제일제당', '이마트', '우리금융지주'], 'market_in_price': [272500, 103000, 278500, 66700, 55600, 75500, 44750, 142500, 127000, 5600, 123500, 262000, 11750, 14150, 239000, 31050, 120500, 81500, 104800, 301000, 144500, 14100], 'myhave_cnt': [5, 14, 4, 17, 21, 15, 33, 10, 9, 266, 12, 5, 100, 84, 6, 48, 9, 14, 14, 4, 8, 84], 'run_price': [261000, 97400, 262500, 62300, 53000, 72200, 40550, 138000, 113000, 5270, 114000, 260500, 11450, 13850, 223000, 29800, 118500, 79300, 96100, 287500, 135000, 13800], 'sell_price': [261500, 97500, 263000, 62400, 53000, 72300, 40550, 138000, 113000, 5280, 114500, 261000, 11500, 13900, 223500, 29850, 118500, 79400, 96100, 287500, 135000, 13850], 'sell_cnt': [2105, 377, 218, 3421, 2231, 445, 1206, 12968, 749, 16735, 5464, 591, 22736, 56862, 2048, 2338, 2374, 1919, 128, 111, 8800, 34082], 'buy_price': [261000, 97400, 262500, 62300, 52900, 72200, 40500, 137500, 112500, 5270, 114000, 260500, 11450, 13850, 223000, 29800, 118000, 79300, 96000, 287000, 134500, 13800], 'buy_cnt': [1572, 473, 26, 2332, 148, 1181, 829, 49580, 3434, 22797, 190, 1751, 4577, 75862, 186, 3362, 6097, 1045, 299, 1013, 2099, 327], 'vol_cnt': [21841, 26386, 7670, 73136, 152767, 27764, 70500, 210840, 27805, 607406, 131557, 72606, 419736, 501231, 47509, 156314, 210915, 26783, 23323, 16330, 204714, 583635], 'deal_power': [78.47, 44.26, 61.13, 96.98, 159.17, 65.91, 71.84, 79.79, 30.88, 90.24, 106.55, 174.0, 50.92, 247.08, 75.33, 56.63, 136.66, 45.8, 50.95, 44.97, 73.4, 95.08]}
{'stock_no': ['032640'], 'deal_power': [297.93]}
buy_able_money < market_in_pro
0
timer600틱 끝 timer1 재시작
timer600틱 시작 timer1 중지
-----
10분에 한번씩 클럭 발생::체결강도 전송 실행시간 : 14:53:57
계좌평가잔고내역요청 전송
000810;001040;002380;002790;003670;004800;004990;005380;006280;008560;009540;017670;018880;024110;034730;035250;035420;069960;078340;097950;139480;316140;
22
{'stock_no': ['000810', '001040', '002380', '002790', '003670', '004800', '004990', '005380', '006280', '008560', '009540', '017670', '018880', '024110', '034730', '035250', '035420', '069960', '078340', '097950', '139480', '316140'], 'stock_name': ['삼성화재', 'CJ', 'KCC', '아모레G', '포스코케미칼', '효성', '롯데지주', '현대차', '녹십자', '메리츠종금증권', '한국조선해양', 'SK텔레콤', '한온시스템', '기업은행', 'SK', '강원랜드', 'NAVER', '현대백화점', '컴투스', 'CJ제일제당', '이마트', '우리금융지주'], 'market_in_price': [272500, 103000, 278500, 66700, 55600, 75500, 44750, 142500, 127000, 5600, 123500, 262000, 11750, 14150, 239000, 31050, 120500, 81500, 104800, 301000, 144500, 14100], 'myhave_cnt': [5, 14, 4, 17, 21, 15, 33, 10, 9, 266, 12, 5, 100, 84, 6, 48, 9, 14, 14, 4, 8, 84], 'run_price': [261000, 97300, 262500, 62300, 52900, 72600, 40550, 138000, 112500, 5290, 114000, 261500, 11450, 13900, 223000, 29800, 118500, 79300, 96100, 287000, 134500, 13850], 'sell_price': [261500, 97400, 263000, 62400, 52900, 72600, 40550, 138000, 113000, 5290, 114500, 261500, 11500, 13900, 223000, 29850, 119000, 79300, 96200, 287500, 135000, 13850], 'sell_cnt': [2083, 111, 265, 3830, 63, 19, 1720, 9256, 817, 14312, 2653, 3758, 23871, 54726, 359, 4842, 12416, 1137, 180, 282, 8790, 10153], 'buy_price': [261000, 97300, 262500, 62300, 52800, 72400, 40500, 137500, 112500, 5280, 114000, 261000, 11450, 13850, 222500, 29800, 118500, 79200, 96100, 287000, 134500, 13800], 'buy_cnt': [1969, 533, 111, 2632, 1635, 132, 268, 48816, 3627, 23995, 2851, 349, 19492, 76047, 2028, 3905, 1549, 1823, 85, 352, 2323, 38867], 'vol_cnt': [22330, 26867, 7874, 73372, 157326, 29328, 72944, 217886, 29347, 645025, 140196, 75793, 429613, 507465, 51897, 158087, 216916, 29265, 25440, 17256, 206794, 611501], 'deal_power': [78.85, 43.65, 60.89, 97.16, 155.59, 74.36, 70.73, 81.59, 37.45, 98.92, 111.04, 180.24, 50.18, 249.51, 80.25, 56.12, 136.52, 43.61, 54.09, 43.84, 73.87, 101.06]}
{'stock_no': [], 'deal_power': []}
timer600틱 끝 timer1 재시작
timer600틱 시작 timer1 중지
-----
10분에 한번씩 클럭 발생::체결강도 전송 실행시간 : 15:03:57
계좌평가잔고내역요청 전송
000810;001040;002380;002790;003670;004800;004990;005380;006280;008560;009540;017670;018880;024110;034730;035250;035420;069960;078340;097950;139480;316140;
22
{'stock_no': ['000810', '001040', '002380', '002790', '003670', '004800', '004990', '005380', '006280', '008560', '009540', '017670', '018880', '024110', '034730', '035250', '035420', '069960', '078340', '097950', '139480', '316140'], 'stock_name': ['삼성화재', 'CJ', 'KCC', '아모레G', '포스코케미칼', '효성', '롯데지주', '현대차', '녹십자', '메리츠종금증권', '한국조선해양', 'SK텔레콤', '한온시스템', '기업은행', 'SK', '강원랜드', 'NAVER', '현대백화점', '컴투스', 'CJ제일제당', '이마트', '우리금융지주'], 'market_in_price': [272500, 103000, 278500, 66700, 55600, 75500, 44750, 142500, 127000, 5600, 123500, 262000, 11750, 14150, 239000, 31050, 120500, 81500, 104800, 301000, 144500, 14100], 'myhave_cnt': [5, 14, 4, 17, 21, 15, 33, 10, 9, 266, 12, 5, 100, 84, 6, 48, 9, 14, 14, 4, 8, 84], 'run_price': [261500, 97300, 263000, 62400, 52900, 72300, 40550, 138000, 112500, 5290, 114500, 260500, 11500, 13900, 223500, 29800, 118500, 79300, 96200, 287000, 135000, 13900], 'sell_price': [261500, 97400, 263000, 62400, 52900, 72400, 40550, 138000, 112500, 5290, 114500, 261000, 11500, 13900, 223500, 29850, 118500, 79400, 96200, 287000, 135000, 13900], 'sell_cnt': [1861, 564, 250, 4127, 2922, 170, 996, 5520, 1477, 755, 3111, 3216, 24105, 41934, 1044, 5464, 826, 288, 99, 173, 8951, 73980], 'buy_price': [261000, 97300, 262500, 62300, 52800, 72300, 40500, 137500, 112000, 5280, 114000, 260500, 11450, 13850, 223000, 29800, 118000, 79300, 96100, 286500, 134500, 13850], 'buy_cnt': [1620, 593, 79, 2495, 765, 167, 1127, 45809, 4281, 25847, 3048, 455, 12331, 87947, 101, 2373, 6036, 350, 112, 74, 2006, 8134], 'vol_cnt': [23012, 27789, 8071, 74366, 166471, 30434, 76661, 225511, 34007, 682074, 142688, 79232, 439503, 534524, 57576, 161778, 224191, 31540, 25921, 18329, 210555, 643871], 'deal_power': [78.3, 42.03, 60.2, 96.44, 154.88, 71.88, 70.39, 83.88, 34.91, 106.84, 110.03, 181.92, 49.69, 231.74, 81.42, 54.45, 136.15, 52.43, 55.79, 42.38, 73.24, 108.7]}
{'stock_no': [], 'deal_power': []}
timer600틱 끝 timer1 재시작
timer600틱 시작 timer1 중지
-----
10분에 한번씩 클럭 발생::체결강도 전송 실행시간 : 15:13:57
계좌평가잔고내역요청 전송
000810;001040;002380;002790;003670;004800;004990;005380;006280;008560;009540;017670;018880;024110;034730;035250;035420;069960;078340;097950;139480;316140;
22
{'stock_no': ['000810', '001040', '002380', '002790', '003670', '004800', '004990', '005380', '006280', '008560', '009540', '017670', '018880', '024110', '034730', '035250', '035420', '069960', '078340', '097950', '139480', '316140'], 'stock_name': ['삼성화재', 'CJ', 'KCC', '아모레G', '포스코케미칼', '효성', '롯데지주', '현대차', '녹십자', '메리츠종금증권', '한국조선해양', 'SK텔레콤', '한온시스템', '기업은행', 'SK', '강원랜드', 'NAVER', '현대백화점', '컴투스', 'CJ제일제당', '이마트', '우리금융지주'], 'market_in_price': [272500, 103000, 278500, 66700, 55600, 75500, 44750, 142500, 127000, 5600, 123500, 262000, 11750, 14150, 239000, 31050, 120500, 81500, 104800, 301000, 144500, 14100], 'myhave_cnt': [5, 14, 4, 17, 21, 15, 33, 10, 9, 266, 12, 5, 100, 84, 6, 48, 9, 14, 14, 4, 8, 84], 'run_price': [261000, 97200, 262000, 62400, 52900, 72100, 40550, 138000, 113000, 5270, 114500, 260500, 11450, 13850, 223000, 29850, 118500, 79600, 96100, 287000, 135000, 13850], 'sell_price': [261500, 97300, 262500, 62400, 52900, 72200, 40550, 138500, 113000, 5280, 114500, 261500, 11500, 13900, 223500, 29850, 118500, 79600, 96200, 287000, 135000, 13850], 'sell_cnt': [1855, 455, 116, 1461, 1462, 52, 871, 40519, 1191, 596, 2499, 2420, 11327, 41564, 1109, 5999, 9124, 126, 319, 296, 7802, 7723], 'buy_price': [261000, 97200, 262000, 62300, 52800, 72100, 40500, 138000, 112500, 5270, 114000, 260500, 11450, 13850, 223000, 29800, 118000, 79500, 96100, 286500, 134500, 13800], 'buy_cnt': [1566, 928, 86, 2049, 1714, 2078, 1885, 3374, 876, 13166, 2106, 1458, 13228, 99974, 1432, 2829, 4007, 72, 115, 167, 726, 27408], 'vol_cnt': [23807, 28687, 8363, 78218, 173084, 32564, 78403, 237873, 35828, 749383, 144586, 84395, 476071, 547192, 61500, 168851, 234920, 32963, 26331, 19080, 217304, 696567], 'deal_power': [75.5, 40.47, 58.19, 100.62, 155.01, 67.31, 69.21, 88.52, 36.43, 99.37, 109.62, 182.81, 56.43, 225.21, 86.7, 51.42, 131.51, 56.08, 55.83, 41.49, 73.91, 109.57]}
{'stock_no': [], 'deal_power': []}
timer600틱 끝 timer1 재시작
4
장종료 알림 4, 8
8
장종료 알림 4, 8
