계좌평가잔고내역요청 전송
000120;000810;001040;002380;002790;003670;004990;005380;006280;008560;009540;011070;017670;024110;034730;035250;069960;078340;097950;139480;267250;316140;
22
{'stock_no': ['000120', '000810', '001040', '002380', '002790', '003670', '004990', '005380', '006280', '008560', '009540', '011070', '017670', '024110', '034730', '035250', '069960', '078340', '097950', '139480', '267250', '316140'], 'stock_name': ['CJ대한통운', '삼성화재', 'CJ', 'KCC', '아모레G', '포스코케미칼', '롯데지주', '현대차', '녹십자', '메리츠종금증권', '한국조선해양', 'LG이노텍', 'SK텔레콤', '기업은행', 'SK', '강원랜드', '현대백화점', '컴투스', 'CJ제일제당', '이마트', '현대중공업지주', '우리금융지주'], 'market_in_price': [137500, 272500, 103000, 278500, 66700, 55600, 44750, 142500, 127000, 5600, 123500, 117500, 262000, 14150, 239000, 31050, 81500, 104800, 301000, 144500, 336000, 14100], 'myhave_cnt': [8, 5, 14, 4, 17, 21, 33, 10, 9, 266, 12, 9, 5, 84, 6, 48, 14, 14, 4, 8, 3, 84], 'run_price': [137000, 263000, 93200, 243500, 57500, 48700, 34000, 126500, 107500, 5070, 108500, 113000, 248500, 13150, 221000, 30750, 74100, 88300, 285000, 122000, 326000, 13100], 'sell_price': [138000, 264500, 93700, 244000, 57000, 48950, 33900, 126500, 108000, 5080, 109000, 112000, 245000, 13250, 219000, 30900, 74200, 89000, 286000, 121500, 328000, 13200], 'sell_cnt': [63, 180, 1, 20, 10, 19, 10, 130, 259, 295, 671, 74, 1000, 7639, 6, 237, 4, 51, 26, 21, 10, 2952], 'buy_price': [136000, 263000, 93000, 243500, 56000, 48700, 33750, 126000, 107500, 5070, 108500, 111500, 241500, 13200, 218000, 30800, 74100, 87400, 285000, 119500, 326000, 13150], 'buy_cnt': [61, 31, 2, 504, 611, 182, 1, 159, 244, 1005, 10, 548, 35, 661, 303, 2, 5, 2, 1, 734, 2, 7], 'vol_cnt': [0, 0, 0, 0, 0, 199, 1, 0, 0, 97, 0, 0, 0, 0, 0, 0, 0, 0, 0, 21, 10, 58], 'deal_power': [0.0, 0.0, 0.0, 0.0, 0.0, 249.12, 500.0, 0.0, 0.0, 500.0, 0.0, 0.0, 0.0, 0.0, 0.0, 0.0, 0.0, 0.0, 0.0, 500.0, 0.0, 500.0]}
-----
자동주문 버튼 True 실행시간 : 08:54:59
자동주문 클릭시 timer1 시작
자동주문 클릭시 timer600 시작
3
장시작 알림 3
장시작 알림 3 timer1 재시작
장시작 알림 3 timer600 재시작
-----
매도종목검색 실행시간 : 09:00:20
sell_item_list.append(strCode)
004990
44750
33900
tarket_earn_ret
-1
계좌평가잔고내역요청 전송
000120;000810;001040;002380;002790;003670;004990;005380;006280;008560;009540;011070;017670;024110;034730;035250;069960;078340;097950;139480;267250;316140;
22
{'stock_no': ['000120', '000810', '001040', '002380', '002790', '003670', '004990', '005380', '006280', '008560', '009540', '011070', '017670', '024110', '034730', '035250', '069960', '078340', '097950', '139480', '267250', '316140'], 'stock_name': ['CJ대한통운', '삼성화재', 'CJ', 'KCC', '아모레G', '포스코케미칼', '롯데지주', '현대차', '녹십자', '메리츠종금증권', '한국조선해양', 'LG이노텍', 'SK텔레콤', '기업은행', 'SK', '강원랜드', '현대백화점', '컴투스', 'CJ제일제당', '이마트', '현대중공업지주', '우리금융지주'], 'market_in_price': [137500, 272500, 103000, 278500, 66700, 55600, 44750, 142500, 127000, 5600, 123500, 117500, 262000, 14150, 239000, 31050, 81500, 104800, 301000, 144500, 336000, 14100], 'myhave_cnt': [8, 5, 14, 4, 17, 21, 33, 10, 9, 266, 12, 9, 5, 84, 6, 48, 14, 14, 4, 8, 3, 84], 'run_price': [136500, 261500, 92600, 239500, 55300, 47850, 34100, 125500, 106500, 5020, 106500, 110000, 245500, 13200, 216000, 30500, 74300, 87900, 281500, 119500, 321500, 13200], 'sell_price': [136500, 261500, 92600, 239500, 55400, 47900, 34100, 126000, 107500, 5020, 107000, 110000, 245500, 13200, 216500, 30500, 74300, 88300, 282000, 119500, 322000, 13250], 'sell_cnt': [244, 600, 291, 45, 4332, 397, 123, 2768, 458, 2755, 2143, 2424, 3746, 10616, 938, 2015, 69, 10, 209, 2344, 185, 30716], 'buy_price': [136000, 261000, 92500, 239000, 55300, 47800, 34050, 125500, 106500, 5010, 106500, 109500, 245000, 13150, 216000, 30450, 74100, 88000, 281500, 119000, 321500, 13200], 'buy_cnt': [452, 444, 530, 59, 908, 2302, 421, 10054, 177, 2803, 3484, 1459, 1294, 14960, 530, 2915, 48, 52, 77, 2274, 97, 3242], 'vol_cnt': [1186, 5585, 3004, 1208, 40945, 26246, 13635, 22959, 1945, 56452, 9939, 18127, 39190, 22853, 10777, 19358, 3169, 2455, 1378, 8941, 1332, 58773], 'deal_power': [119.15, 126.19, 69.01, 22.89, 76.11, 56.46, 148.95, 91.78, 52.88, 61.57, 48.63, 59.83, 108.72, 102.57, 25.76, 90.12, 91.48, 52.51, 125.17, 47.09, 68.32, 164.51]}
-----
자동주문 버튼 True 실행시간 : 09:23:30
자동주문 클릭시 timer1 시작
자동주문 클릭시 timer600 시작
-----
매도종목검색 실행시간 : 09:23:36
sell_item_list.append(strCode)
004990
44750
34100
tarket_earn_ret
-1
계좌평가잔고내역요청 전송
000120;000810;001040;002380;002790;003670;004990;005380;006280;008560;009540;011070;017670;024110;034730;035250;069960;078340;097950;139480;267250;316140;
22
{'stock_no': ['000120', '000810', '001040', '002380', '002790', '003670', '004990', '005380', '006280', '008560', '009540', '011070', '017670', '024110', '034730', '035250', '069960', '078340', '097950', '139480', '267250', '316140'], 'stock_name': ['CJ대한통운', '삼성화재', 'CJ', 'KCC', '아모레G', '포스코케미칼', '롯데지주', '현대차', '녹십자', '메리츠종금증권', '한국조선해양', 'LG이노텍', 'SK텔레콤', '기업은행', 'SK', '강원랜드', '현대백화점', '컴투스', 'CJ제일제당', '이마트', '현대중공업지주', '우리금융지주'], 'market_in_price': [137500, 272500, 103000, 278500, 66700, 55600, 44750, 142500, 127000, 5600, 123500, 117500, 262000, 14150, 239000, 31050, 81500, 104800, 301000, 144500, 336000, 14100], 'myhave_cnt': [8, 5, 14, 4, 17, 21, 33, 10, 9, 266, 12, 9, 5, 84, 6, 48, 14, 14, 4, 8, 3, 84], 'run_price': [136000, 261500, 92200, 239000, 55200, 47650, 34100, 126000, 106500, 5010, 107000, 110000, 245500, 13200, 216000, 30400, 73900, 87700, 281500, 119000, 321500, 13200], 'sell_price': [136000, 261500, 92200, 239500, 55300, 47700, 34150, 126000, 107000, 5020, 107000, 110000, 245500, 13200, 216500, 30400, 74000, 88600, 282000, 119500, 322000, 13250], 'sell_cnt': [4, 604, 144, 54, 5550, 27, 235, 2568, 276, 2789, 2225, 2299, 3354, 11082, 1041, 2520, 42, 32, 214, 2363, 188, 24855], 'buy_price': [135500, 261000, 92100, 239000, 55200, 47600, 34100, 125500, 106500, 5010, 106500, 109500, 245000, 13150, 216000, 30350, 73900, 87800, 281500, 119000, 321500, 13200], 'buy_cnt': [467, 573, 516, 59, 368, 640, 51, 10087, 228, 2694, 3399, 1399, 1465, 14961, 471, 1773, 225, 16, 84, 2194, 45, 7467], 'vol_cnt': [1708, 5640, 4031, 1224, 44986, 31273, 13877, 23437, 1963, 57040, 10103, 18388, 39389, 23417, 10823, 24164, 3545, 2952, 1390, 9333, 1432, 65102], 'deal_power': [68.53, 123.23, 45.41, 24.57, 68.66, 43.35, 148.96, 94.91, 52.25, 62.37, 48.07, 58.79, 107.46, 99.91, 25.88, 59.96, 78.48, 53.8, 125.3, 44.5, 65.53, 183.94]}
-----
자동주문 버튼 True 실행시간 : 09:25:40
자동주문 클릭시 timer1 시작
자동주문 클릭시 timer600 시작
-----
매도종목검색 실행시간 : 09:25:42
sell_item_list.append(strCode)
004990
44750
34100
tarket_earn_ret
-1
계좌평가잔고내역요청 전송
000120;000810;001040;002380;002790;003670;004990;005380;006280;008560;009540;011070;017670;024110;034730;035250;069960;078340;097950;139480;267250;316140;
22
{'stock_no': ['000120', '000810', '001040', '002380', '002790', '003670', '004990', '005380', '006280', '008560', '009540', '011070', '017670', '024110', '034730', '035250', '069960', '078340', '097950', '139480', '267250', '316140'], 'stock_name': ['CJ대한통운', '삼성화재', 'CJ', 'KCC', '아모레G', '포스코케미칼', '롯데지주', '현대차', '녹십자', '메리츠종금증권', '한국조선해양', 'LG이노텍', 'SK텔레콤', '기업은행', 'SK', '강원랜드', '현대백화점', '컴투스', 'CJ제일제당', '이마트', '현대중공업지주', '우리금융지주'], 'market_in_price': [137500, 272500, 103000, 278500, 66700, 55600, 44750, 142500, 127000, 5600, 123500, 117500, 262000, 14150, 239000, 31050, 81500, 104800, 301000, 144500, 336000, 14100], 'myhave_cnt': [8, 5, 14, 4, 17, 21, 33, 10, 9, 266, 12, 9, 5, 84, 6, 48, 14, 14, 4, 8, 3, 84], 'run_price': [135500, 261500, 92100, 238500, 54500, 47750, 34000, 126000, 106500, 5010, 106500, 109000, 245000, 13200, 216000, 30400, 73900, 87600, 281500, 119000, 322000, 13250], 'sell_price': [136000, 261500, 92100, 238500, 54600, 47800, 34050, 126000, 107000, 5020, 107000, 109500, 245500, 13200, 216000, 30400, 74000, 88000, 282000, 119000, 322000, 13250], 'sell_cnt': [365, 765, 313, 65, 6905, 519, 11, 3676, 285, 8272, 2582, 1537, 4333, 12364, 442, 3191, 108, 15, 266, 1078, 209, 17919], 'buy_price': [135500, 261000, 92000, 238000, 54500, 47750, 34000, 125500, 106500, 5010, 106500, 109000, 245000, 13150, 215500, 30350, 73900, 87600, 281500, 118500, 321500, 13200], 'buy_cnt': [555, 757, 736, 32, 384, 48, 177, 9401, 153, 3669, 2663, 3204, 1525, 15658, 1840, 1731, 482, 65, 84, 3008, 37, 8247], 'vol_cnt': [1754, 5740, 4764, 1350, 54621, 32895, 16989, 24149, 1998, 58418, 10289, 19989, 39509, 24349, 11477, 25054, 3607, 3125, 1411, 12059, 1523, 80232], 'deal_power': [67.92, 120.15, 42.65, 22.29, 60.72, 42.43, 102.03, 94.59, 52.83, 64.16, 47.64, 57.81, 107.63, 97.63, 25.81, 61.6, 77.46, 51.18, 123.93, 34.51, 66.28, 232.5]}
-----
자동주문 버튼 True 실행시간 : 09:29:58
자동주문 클릭시 timer1 시작
자동주문 클릭시 timer600 시작
timer600틱 시작 timer1 중지
-----
10분에 한번씩 클럭 발생::체결강도 전송 실행시간 : 09:39:58
계좌평가잔고내역요청 전송
000120;000810;001040;002380;002790;003670;004990;005380;006280;008560;009540;011070;017670;024110;034730;035250;069960;078340;097950;139480;267250;316140;
22
{'stock_no': ['000120', '000810', '001040', '002380', '002790', '003670', '004990', '005380', '006280', '008560', '009540', '011070', '017670', '024110', '034730', '035250', '069960', '078340', '097950', '139480', '267250', '316140'], 'stock_name': ['CJ대한통운', '삼성화재', 'CJ', 'KCC', '아모레G', '포스코케미칼', '롯데지주', '현대차', '녹십자', '메리츠종금증권', '한국조선해양', 'LG이노텍', 'SK텔레콤', '기업은행', 'SK', '강원랜드', '현대백화점', '컴투스', 'CJ제일제당', '이마트', '현대중공업지주', '우리금융지주'], 'market_in_price': [137500, 272500, 103000, 278500, 66700, 55600, 44750, 142500, 127000, 5600, 123500, 117500, 262000, 14150, 239000, 31050, 81500, 104800, 301000, 144500, 336000, 14100], 'myhave_cnt': [8, 5, 14, 4, 17, 21, 33, 10, 9, 266, 12, 9, 5, 84, 6, 48, 14, 14, 4, 8, 3, 84], 'run_price': [136500, 261000, 91500, 238500, 54000, 47750, 34000, 126500, 106500, 5010, 106000, 108500, 245000, 13250, 217000, 30350, 74100, 88000, 281500, 120000, 322000, 13200], 'sell_price': [136500, 261500, 91600, 239000, 54100, 47900, 34050, 126500, 107000, 5020, 106500, 109000, 245500, 13250, 217000, 30400, 74200, 88600, 281500, 120000, 322000, 13250], 'sell_cnt': [358, 1686, 1041, 65, 317, 421, 393, 9589, 420, 6407, 256, 1054, 2294, 27628, 618, 3477, 173, 31, 153, 959, 40, 19923], 'buy_price': [136000, 261000, 91500, 238000, 54000, 47750, 34000, 126000, 106500, 5010, 106000, 108500, 245000, 13200, 216500, 30350, 74100, 88000, 281000, 119500, 321500, 13200], 'buy_cnt': [216, 910, 231, 83, 80, 328, 2708, 171, 547, 4280, 5563, 2535, 1518, 16716, 263, 153, 66, 23, 334, 2141, 297, 6788], 'vol_cnt': [3058, 6100, 9989, 1789, 80415, 38738, 26710, 36888, 3029, 74695, 17666, 33148, 45966, 68128, 13472, 30656, 4997, 4181, 1786, 15286, 2022, 107612], 'deal_power': [83.57, 106.6, 50.1, 34.45, 92.94, 50.86, 93.05, 113.84, 50.09, 69.25, 35.31, 55.49, 121.16, 331.37, 42.27, 66.14, 73.02, 58.91, 143.26, 71.36, 88.31, 207.63]}
['20190801', '20190800', '20190799', '20190798', '20190797', '20190796']
[]
20190796
['20190801']
{'stock_no': [], 'deal_power': []}
# 전체종목 누적 체결강도 전체 평균값 보기
계좌평가잔고내역요청 전송
000120;000810;001040;002380;002790;003670;004990;005380;006280;008560;009540;011070;017670;024110;034730;035250;069960;078340;097950;139480;267250;316140;
22
{'stock_no': ['000120', '000810', '001040', '002380', '002790', '003670', '004990', '005380', '006280', '008560', '009540', '011070', '017670', '024110', '034730', '035250', '069960', '078340', '097950', '139480', '267250', '316140'], 'stock_name': ['CJ대한통운', '삼성화재', 'CJ', 'KCC', '아모레G', '포스코케미칼', '롯데지주', '현대차', '녹십자', '메리츠종금증권', '한국조선해양', 'LG이노텍', 'SK텔레콤', '기업은행', 'SK', '강원랜드', '현대백화점', '컴투스', 'CJ제일제당', '이마트', '현대중공업지주', '우리금융지주'], 'market_in_price': [137500, 272500, 103000, 278500, 66700, 55600, 44750, 142500, 127000, 5600, 123500, 117500, 262000, 14150, 239000, 31050, 81500, 104800, 301000, 144500, 336000, 14100], 'myhave_cnt': [8, 5, 14, 4, 17, 21, 33, 10, 9, 266, 12, 9, 5, 84, 6, 48, 14, 14, 4, 8, 3, 84], 'run_price': [136000, 261000, 91600, 238000, 54100, 47800, 33900, 127000, 107000, 5020, 106500, 109000, 245500, 13250, 216500, 30450, 73800, 87900, 281500, 119000, 322000, 13200], 'sell_price': [136500, 261500, 91700, 238500, 54100, 47850, 33950, 127000, 107000, 5020, 107000, 109500, 245500, 13250, 216500, 30500, 73900, 88400, 281500, 119500, 322500, 13250], 'sell_cnt': [649, 1492, 332, 115, 173, 19, 441, 6447, 468, 6212, 2787, 990, 2768, 34026, 1104, 2493, 293, 12, 224, 1277, 167, 22301], 'buy_price': [136000, 261000, 91600, 238000, 54000, 47800, 33900, 126500, 106500, 5010, 106500, 109000, 245000, 13200, 216000, 30450, 73800, 87900, 281000, 119000, 322000, 13200], 'buy_cnt': [347, 335, 397, 60, 1337, 228, 968, 7099, 391, 5839, 1536, 1991, 1961, 24367, 745, 431, 153, 15, 331, 2775, 535, 17401], 'vol_cnt': [3198, 7226, 11289, 1919, 92840, 40775, 29770, 42809, 3069, 77750, 19565, 34809, 46858, 69439, 13890, 35295, 5328, 4692, 1951, 18398, 2154, 108493], 'deal_power': [84.13, 73.65, 54.84, 34.95, 104.57, 51.16, 102.85, 146.46, 49.8, 71.37, 36.83, 60.19, 121.44, 313.88, 41.62, 77.22, 72.06, 54.13, 160.22, 66.7, 96.14, 208.12]}
-----
자동주문 버튼 True 실행시간 : 09:47:39
자동주문 클릭시 timer1 시작
자동주문 클릭시 timer600 시작
timer600틱 시작 timer1 중지
-----
10분에 한번씩 클럭 발생::체결강도 전송 실행시간 : 09:57:39
계좌평가잔고내역요청 전송
000120;000810;001040;002380;002790;003670;004990;005380;006280;008560;009540;011070;017670;024110;034730;035250;069960;078340;097950;139480;267250;316140;
22
{'stock_no': ['000120', '000810', '001040', '002380', '002790', '003670', '004990', '005380', '006280', '008560', '009540', '011070', '017670', '024110', '034730', '035250', '069960', '078340', '097950', '139480', '267250', '316140'], 'stock_name': ['CJ대한통운', '삼성화재', 'CJ', 'KCC', '아모레G', '포스코케미칼', '롯데지주', '현대차', '녹십자', '메리츠종금증권', '한국조선해양', 'LG이노텍', 'SK텔레콤', '기업은행', 'SK', '강원랜드', '현대백화점', '컴투스', 'CJ제일제당', '이마트', '현대중공업지주', '우리금융지주'], 'market_in_price': [137500, 272500, 103000, 278500, 66700, 55600, 44750, 142500, 127000, 5600, 123500, 117500, 262000, 14150, 239000, 31050, 81500, 104800, 301000, 144500, 336000, 14100], 'myhave_cnt': [8, 5, 14, 4, 17, 21, 33, 10, 9, 266, 12, 9, 5, 84, 6, 48, 14, 14, 4, 8, 3, 84], 'run_price': [136000, 260500, 91700, 237500, 54300, 47850, 33950, 128500, 106500, 5010, 107000, 109000, 245000, 13250, 216500, 30400, 73600, 87700, 281500, 119500, 322000, 13150], 'sell_price': [136000, 261000, 91700, 238000, 54300, 47950, 34000, 128500, 107000, 5010, 107000, 109500, 245000, 13250, 216500, 30450, 73600, 87800, 281500, 119500, 322500, 13200], 'sell_cnt': [13, 915, 543, 191, 2344, 622, 860, 57, 512, 17918, 3804, 1405, 3534, 46158, 938, 2112, 94, 104, 355, 2628, 280, 6480], 'buy_price': [135500, 260500, 91600, 237500, 54200, 47850, 33950, 128000, 106500, 5000, 106500, 109000, 244500, 13200, 216000, 30400, 73500, 87700, 281000, 119000, 322000, 13150], 'buy_cnt': [1082, 491, 361, 229, 3333, 226, 64, 4604, 366, 21896, 1377, 3208, 1658, 6861, 3855, 215, 70, 238, 419, 3340, 599, 26673], 'vol_cnt': [3782, 8216, 12208, 2038, 101291, 44509, 33445, 72767, 3138, 86889, 21193, 36281, 50028, 77524, 14586, 39518, 6194, 5099, 2065, 18925, 2320, 119785], 'deal_power': [75.32, 68.0, 57.18, 36.49, 115.47, 48.53, 108.5, 234.25, 49.97, 65.71, 36.09, 63.38, 101.77, 216.94, 47.0, 75.46, 62.04, 54.22, 158.15, 67.18, 102.98, 161.25]}
['20190801', '20190800', '20190799', '20190798', '20190797', '20190796']
[]
20190796
['20190801']
{'stock_no': [], 'deal_power': []}
{'stock_no': [], 'deal_power': []}
timer600틱 끝 timer1 재시작
timer600틱 시작 timer1 중지
-----
10분에 한번씩 클럭 발생::체결강도 전송 실행시간 : 10:07:39
계좌평가잔고내역요청 전송
000120;000810;001040;002380;002790;003670;004990;005380;006280;008560;009540;011070;017670;024110;034730;035250;069960;078340;097950;139480;267250;316140;
22
{'stock_no': ['000120', '000810', '001040', '002380', '002790', '003670', '004990', '005380', '006280', '008560', '009540', '011070', '017670', '024110', '034730', '035250', '069960', '078340', '097950', '139480', '267250', '316140'], 'stock_name': ['CJ대한통운', '삼성화재', 'CJ', 'KCC', '아모레G', '포스코케미칼', '롯데지주', '현대차', '녹십자', '메리츠종금증권', '한국조선해양', 'LG이노텍', 'SK텔레콤', '기업은행', 'SK', '강원랜드', '현대백화점', '컴투스', 'CJ제일제당', '이마트', '현대중공업지주', '우리금융지주'], 'market_in_price': [137500, 272500, 103000, 278500, 66700, 55600, 44750, 142500, 127000, 5600, 123500, 117500, 262000, 14150, 239000, 31050, 81500, 104800, 301000, 144500, 336000, 14100], 'myhave_cnt': [8, 5, 14, 4, 17, 21, 33, 10, 9, 266, 12, 9, 5, 84, 6, 48, 14, 14, 4, 8, 3, 84], 'run_price': [136500, 260500, 91700, 239000, 54200, 48050, 34000, 128500, 107000, 5030, 106500, 109500, 244500, 13200, 216500, 30450, 73700, 88400, 281500, 119500, 322500, 13200], 'sell_price': [136500, 261000, 91800, 239500, 54300, 48100, 34050, 128500, 107500, 5030, 106500, 109500, 245000, 13250, 217000, 30450, 73800, 88400, 281500, 119500, 322500, 13200], 'sell_cnt': [216, 707, 1697, 39, 632, 26, 1353, 6725, 358, 3031, 2005, 1736, 3649, 49993, 2120, 3619, 222, 59, 8, 2877, 444, 20264], 'buy_price': [136000, 260500, 91700, 239000, 54200, 48050, 34000, 128000, 107000, 5020, 106000, 109000, 244500, 13200, 216500, 30400, 73700, 88200, 281000, 119000, 322000, 13150], 'buy_cnt': [473, 965, 179, 33, 943, 584, 157, 5395, 13, 5294, 6855, 1970, 2285, 6828, 81, 1370, 344, 15, 485, 3449, 530, 14607], 'vol_cnt': [4437, 8481, 12844, 2634, 122084, 46626, 35495, 89051, 3602, 137463, 23141, 37392, 51074, 80479, 17574, 41066, 6640, 5828, 2476, 19363, 2567, 124558], 'deal_power': [83.51, 71.09, 62.27, 51.25, 122.53, 52.62, 114.79, 234.34, 54.65, 63.19, 34.27, 60.66, 101.83, 201.57, 57.14, 75.78, 61.25, 65.82, 208.14, 67.74, 108.01, 158.25]}
['20190801', '20190800', '20190799', '20190798', '20190797', '20190796']
[]
20190796
['20190801']
{'stock_no': [], 'deal_power': []}
{'stock_no': [], 'deal_power': []}
timer600틱 끝 timer1 재시작
timer600틱 시작 timer1 중지
-----
10분에 한번씩 클럭 발생::체결강도 전송 실행시간 : 10:17:39
계좌평가잔고내역요청 전송
000120;000810;001040;002380;002790;003670;004990;005380;006280;008560;009540;011070;017670;024110;034730;035250;069960;078340;097950;139480;267250;316140;
22
{'stock_no': ['000120', '000810', '001040', '002380', '002790', '003670', '004990', '005380', '006280', '008560', '009540', '011070', '017670', '024110', '034730', '035250', '069960', '078340', '097950', '139480', '267250', '316140'], 'stock_name': ['CJ대한통운', '삼성화재', 'CJ', 'KCC', '아모레G', '포스코케미칼', '롯데지주', '현대차', '녹십자', '메리츠종금증권', '한국조선해양', 'LG이노텍', 'SK텔레콤', '기업은행', 'SK', '강원랜드', '현대백화점', '컴투스', 'CJ제일제당', '이마트', '현대중공업지주', '우리금융지주'], 'market_in_price': [137500, 272500, 103000, 278500, 66700, 55600, 44750, 142500, 127000, 5600, 123500, 117500, 262000, 14150, 239000, 31050, 81500, 104800, 301000, 144500, 336000, 14100], 'myhave_cnt': [8, 5, 14, 4, 17, 21, 33, 10, 9, 266, 12, 9, 5, 84, 6, 48, 14, 14, 4, 8, 3, 84], 'run_price': [136500, 260500, 91800, 238000, 54300, 48350, 34250, 128500, 107000, 5030, 107500, 109000, 245000, 13250, 216500, 30400, 73700, 88500, 281500, 120000, 322000, 13100], 'sell_price': [136500, 261000, 91800, 238000, 54400, 48400, 34250, 128500, 107500, 5030, 107500, 109500, 245000, 13250, 216500, 30450, 73800, 88600, 281500, 120000, 322500, 13150], 'sell_cnt': [54, 1154, 236, 27, 2341, 366, 856, 3848, 587, 490, 2324, 2240, 5407, 51355, 4014, 3952, 165, 1, 296, 2706, 445, 19047], 'buy_price': [136000, 260500, 91700, 237500, 54300, 48350, 34200, 128000, 107000, 5020, 107000, 109000, 244500, 13200, 216000, 30400, 73700, 88500, 281000, 119500, 322000, 13100], 'buy_cnt': [588, 805, 636, 41, 2057, 75, 423, 5172, 76, 2630, 1928, 3388, 2460, 8917, 3657, 699, 216, 58, 768, 2210, 440, 33978], 'vol_cnt': [4736, 8738, 15366, 2859, 133143, 51142, 38887, 95924, 3838, 150202, 26537, 38568, 52059, 84224, 18623, 44361, 7213, 6231, 2648, 21671, 2868, 141271], 'deal_power': [93.51, 71.53, 82.92, 51.32, 131.97, 60.05, 133.39, 246.69, 60.85, 66.93, 49.42, 59.93, 102.95, 185.28, 55.64, 72.14, 62.29, 71.83, 209.18, 85.03, 113.2, 116.54]}
['20190801', '20190800', '20190799', '20190798', '20190797', '20190796']
[]
20190796
['20190801']
{'stock_no': [], 'deal_power': []}
{'stock_no': [], 'deal_power': []}
timer600틱 끝 timer1 재시작
timer600틱 시작 timer1 중지
-----
10분에 한번씩 클럭 발생::체결강도 전송 실행시간 : 10:27:39
계좌평가잔고내역요청 전송
000120;000810;001040;002380;002790;003670;004990;005380;006280;008560;009540;011070;017670;024110;034730;035250;069960;078340;097950;139480;267250;316140;
22
{'stock_no': ['000120', '000810', '001040', '002380', '002790', '003670', '004990', '005380', '006280', '008560', '009540', '011070', '017670', '024110', '034730', '035250', '069960', '078340', '097950', '139480', '267250', '316140'], 'stock_name': ['CJ대한통운', '삼성화재', 'CJ', 'KCC', '아모레G', '포스코케미칼', '롯데지주', '현대차', '녹십자', '메리츠종금증권', '한국조선해양', 'LG이노텍', 'SK텔레콤', '기업은행', 'SK', '강원랜드', '현대백화점', '컴투스', 'CJ제일제당', '이마트', '현대중공업지주', '우리금융지주'], 'market_in_price': [137500, 272500, 103000, 278500, 66700, 55600, 44750, 142500, 127000, 5600, 123500, 117500, 262000, 14150, 239000, 31050, 81500, 104800, 301000, 144500, 336000, 14100], 'myhave_cnt': [8, 5, 14, 4, 17, 21, 33, 10, 9, 266, 12, 9, 5, 84, 6, 48, 14, 14, 4, 8, 3, 84], 'run_price': [136500, 260500, 91900, 239500, 54500, 48650, 34300, 129500, 107000, 5010, 106500, 110000, 244500, 13150, 216500, 30400, 73700, 88800, 281500, 120000, 322500, 13100], 'sell_price': [137000, 261000, 91900, 239500, 54600, 48700, 34350, 129500, 107500, 5020, 107000, 110000, 245000, 13200, 216500, 30400, 73800, 88900, 281500, 120000, 322500, 13150], 'sell_cnt': [659, 729, 670, 44, 1065, 712, 564, 2400, 662, 3876, 1589, 2638, 4511, 26890, 4937, 3384, 264, 185, 267, 631, 492, 23737], 'buy_price': [136500, 260500, 91800, 239000, 54500, 48650, 34300, 129000, 107000, 5010, 106500, 109500, 244500, 13150, 216000, 30350, 73700, 88800, 281000, 119500, 322000, 13100], 'buy_cnt': [127, 811, 452, 95, 471, 124, 858, 4058, 74, 11096, 4341, 1332, 4598, 42353, 3384, 1678, 157, 28, 484, 3394, 436, 31818], 'vol_cnt': [4978, 9853, 15734, 3522, 141542, 54805, 44504, 112903, 3940, 159114, 31675, 41825, 54079, 98023, 19513, 47459, 7532, 6852, 2881, 22830, 3093, 142790], 'deal_power': [99.96, 93.74, 85.23, 56.2, 141.8, 69.37, 147.29, 295.05, 60.3, 72.05, 51.94, 63.33, 113.48, 135.85, 57.35, 69.17, 58.7, 75.03, 223.83, 92.43, 117.58, 115.15]}
['20190801', '20190800', '20190799', '20190798', '20190797', '20190796']
[]
20190796
['20190801']
{'stock_no': [], 'deal_power': []}
{'stock_no': [], 'deal_power': []}
timer600틱 끝 timer1 재시작
timer600틱 시작 timer1 중지
-----
10분에 한번씩 클럭 발생::체결강도 전송 실행시간 : 10:37:39
계좌평가잔고내역요청 전송
000120;000810;001040;002380;002790;003670;004990;005380;006280;008560;009540;011070;017670;024110;034730;035250;069960;078340;097950;139480;267250;316140;
22
{'stock_no': ['000120', '000810', '001040', '002380', '002790', '003670', '004990', '005380', '006280', '008560', '009540', '011070', '017670', '024110', '034730', '035250', '069960', '078340', '097950', '139480', '267250', '316140'], 'stock_name': ['CJ대한통운', '삼성화재', 'CJ', 'KCC', '아모레G', '포스코케미칼', '롯데지주', '현대차', '녹십자', '메리츠종금증권', '한국조선해양', 'LG이노텍', 'SK텔레콤', '기업은행', 'SK', '강원랜드', '현대백화점', '컴투스', 'CJ제일제당', '이마트', '현대중공업지주', '우리금융지주'], 'market_in_price': [137500, 272500, 103000, 278500, 66700, 55600, 44750, 142500, 127000, 5600, 123500, 117500, 262000, 14150, 239000, 31050, 81500, 104800, 301000, 144500, 336000, 14100], 'myhave_cnt': [8, 5, 14, 4, 17, 21, 33, 10, 9, 266, 12, 9, 5, 84, 6, 48, 14, 14, 4, 8, 3, 84], 'run_price': [137000, 262000, 92400, 239500, 55200, 48650, 34400, 130000, 107500, 5070, 107500, 110000, 245500, 13200, 217000, 30600, 74100, 89200, 281500, 120500, 323000, 13200], 'sell_price': [137000, 262000, 92400, 239500, 55200, 48700, 34450, 130000, 108000, 5070, 107500, 110500, 246000, 13250, 217500, 30600, 74200, 89200, 282000, 120500, 323000, 13200], 'sell_cnt': [266, 438, 323, 219, 1049, 18, 533, 11445, 715, 5920, 2139, 1455, 4089, 44413, 1598, 801, 281, 102, 206, 23, 239, 17009], 'buy_price': [136500, 261500, 92300, 239000, 55100, 48650, 34400, 129500, 107500, 5060, 107000, 110000, 245500, 13200, 217000, 30550, 74100, 89000, 281500, 120000, 322500, 13150], 'buy_cnt': [677, 509, 569, 121, 534, 545, 519, 1980, 360, 2699, 2207, 1713, 3403, 30731, 649, 2038, 23, 559, 332, 2455, 82, 18415], 'vol_cnt': [5224, 11485, 16561, 3656, 148227, 58338, 48229, 127585, 4496, 177182, 33084, 47606, 61688, 136836, 25150, 57269, 8762, 7722, 3183, 25552, 3818, 173854], 'deal_power': [103.66, 123.74, 92.59, 57.33, 147.34, 73.31, 149.63, 295.81, 76.25, 83.31, 55.12, 72.21, 144.94, 158.86, 92.1, 100.58, 69.39, 76.28, 229.02, 103.22, 141.15, 142.4]}
['20190801', '20190800', '20190799', '20190798', '20190797', '20190796']
[]
20190796
['20190801']
{'stock_no': [], 'deal_power': []}
{'stock_no': [], 'deal_power': []}
timer600틱 끝 timer1 재시작
-----
매도종목검색 실행시간 : 10:37:52
sell_item_list.append(strCode)
004990
44750
34450
tarket_earn_ret
-1
-25 손절 청산
7004
['004990']
[6]
['004990']
[33]
Thu Aug  1 10:37:52 2019
['전송', 1, '004990', 33, 34450, '']
전송
Thu Aug  1 10:37:52 2019
['접수', 1, '004990', 33, 34450, '0010204']
접수
Thu Aug  1 10:38:50 2019
['체결', 1, '004990', 33, 34450, '0010204']
체결
True
['전송vs체결수량OK']
['접수vs체결수량OK']
True
접수vs체결수량OK timer1 중지
접수vs체결수량OK timer600 중지
주문타이머 시작
{'OrderRunKind': ['전송'], 'SellBuyType': [1], 'OrderRunCode': ['004990'], 'OrderRunVolume': [33], 'OrderRunPrice': [34450], 'OrgOrderNo': [''], 'modify_item': ['전송vs체결수량OK']}
{'OrderRunKind': ['접수'], 'SellBuyType': [1], 'OrderRunCode': ['004990'], 'OrderRunVolume': [33], 'OrderRunPrice': [34450], 'OrgOrderNo': ['0010204'], 'modify_item': ['접수vs체결수량OK']}
{'OrderRunKind': ['체결'], 'SellBuyType': [1], 'OrderRunCode': ['004990'], 'OrderRunVolume': [33], 'OrderRunPrice': [34450], 'OrgOrderNo': ['0010204'], 'modify_item': ['']}
계좌평가잔고내역요청 전송
000120;000810;001040;002380;002790;003670;005380;006280;008560;009540;011070;017670;024110;034730;035250;069960;078340;097950;139480;267250;316140;
21
{'stock_no': ['000120', '000810', '001040', '002380', '002790', '003670', '005380', '006280', '008560', '009540', '011070', '017670', '024110', '034730', '035250', '069960', '078340', '097950', '139480', '267250', '316140'], 'stock_name': ['CJ대한통운', '삼성화재', 'CJ', 'KCC', '아모레G', '포스코케미칼', '현대차', '녹십자', '메리츠종금증권', '한국조선해양', 'LG이노텍', 'SK텔레콤', '기업은행', 'SK', '강원랜드', '현대백화점', '컴투스', 'CJ제일제당', '이마트', '현대중공업지주', '우리금융지주'], 'market_in_price': [137500, 272500, 103000, 278500, 66700, 55600, 142500, 127000, 5600, 123500, 117500, 262000, 14150, 239000, 31050, 81500, 104800, 301000, 144500, 336000, 14100], 'myhave_cnt': [8, 5, 14, 4, 17, 21, 10, 9, 266, 12, 9, 5, 84, 6, 48, 14, 14, 4, 8, 3, 84], 'run_price': [136500, 261500, 92300, 239000, 55000, 48650, 130000, 107500, 5040, 108000, 110000, 245500, 13200, 217500, 30600, 73800, 88600, 282000, 120500, 322500, 13150], 'sell_price': [137000, 262500, 92400, 239500, 55000, 48700, 130000, 107500, 5050, 108000, 110500, 246000, 13250, 217500, 30600, 73900, 88700, 282000, 121000, 323000, 13200], 'sell_cnt': [263, 359, 544, 245, 840, 991, 11098, 277, 11101, 3513, 1453, 4194, 44492, 599, 773, 19, 2, 204, 2509, 152, 16026], 'buy_price': [136500, 262000, 92300, 239000, 54900, 48650, 129500, 107000, 5040, 107500, 110000, 245500, 13200, 217000, 30550, 73800, 88500, 281500, 120500, 322500, 13150], 'buy_cnt': [679, 8, 7, 91, 1079, 17, 2040, 2470, 2547, 1626, 1735, 3516, 31192, 1564, 2026, 124, 293, 385, 417, 84, 18439], 'vol_cnt': [5232, 11693, 16598, 3692, 149153, 59033, 128025, 4727, 181444, 34384, 47669, 61791, 137194, 25218, 57590, 8844, 8350, 3185, 25634, 3836, 174032], 'deal_power': [103.74, 127.44, 92.28, 56.61, 145.85, 72.01, 296.14, 70.35, 80.95, 60.75, 72.09, 144.96, 158.75, 92.47, 101.47, 68.36, 66.85, 229.23, 103.32, 141.22, 142.03]}
주문타이머 중지
주문 체결 완료 timer1 재시작
주문 체결 완료 timer600 재시작
timer600틱 시작 timer1 중지
-----
10분에 한번씩 클럭 발생::체결강도 전송 실행시간 : 10:48:52
계좌평가잔고내역요청 전송
000120;000810;001040;002380;002790;003670;005380;006280;008560;009540;011070;017670;024110;034730;035250;069960;078340;097950;139480;267250;316140;
21
{'stock_no': ['000120', '000810', '001040', '002380', '002790', '003670', '005380', '006280', '008560', '009540', '011070', '017670', '024110', '034730', '035250', '069960', '078340', '097950', '139480', '267250', '316140'], 'stock_name': ['CJ대한통운', '삼성화재', 'CJ', 'KCC', '아모레G', '포스코케미칼', '현대차', '녹십자', '메리츠종금증권', '한국조선해양', 'LG이노텍', 'SK텔레콤', '기업은행', 'SK', '강원랜드', '현대백화점', '컴투스', 'CJ제일제당', '이마트', '현대중공업지주', '우리금융지주'], 'market_in_price': [137500, 272500, 103000, 278500, 66700, 55600, 142500, 127000, 5600, 123500, 117500, 262000, 14150, 239000, 31050, 81500, 104800, 301000, 144500, 336000, 14100], 'myhave_cnt': [8, 5, 14, 4, 17, 21, 10, 9, 266, 12, 9, 5, 84, 6, 48, 14, 14, 4, 8, 3, 84], 'run_price': [137000, 263000, 92300, 239500, 55100, 48850, 130000, 107500, 5070, 108000, 110500, 245000, 13200, 217500, 30700, 74100, 89100, 283500, 121000, 324000, 13200], 'sell_price': [137000, 263500, 92400, 240000, 55100, 48850, 130000, 108000, 5080, 108000, 111000, 245000, 13250, 217500, 30700, 74200, 89200, 283500, 121000, 324000, 13200], 'sell_cnt': [136, 849, 848, 100, 274, 211, 7517, 1003, 13339, 3000, 1705, 2741, 63984, 2136, 1597, 232, 85, 449, 2784, 13, 23452], 'buy_price': [136500, 262500, 92300, 239500, 55000, 48800, 129500, 107500, 5070, 107500, 110500, 244500, 13200, 217000, 30650, 74100, 89100, 283000, 120500, 323500, 13150], 'buy_cnt': [651, 149, 119, 143, 524, 176, 11961, 600, 8044, 3554, 2170, 2948, 36844, 1547, 1092, 695, 44, 91, 2027, 42, 12301], 'vol_cnt': [5554, 12512, 16823, 4128, 155486, 63233, 133403, 5246, 199136, 36802, 49767, 67014, 140813, 27570, 60631, 9661, 8601, 3545, 26099, 4313, 174521], 'deal_power': [113.63, 133.14, 90.16, 68.23, 147.07, 75.84, 310.53, 77.51, 93.66, 61.96, 77.02, 123.27, 156.67, 90.65, 110.17, 73.13, 68.58, 247.02, 103.49, 132.97, 141.48]}
['20190801', '20190800', '20190799', '20190798', '20190797', '20190796']
['004990']
20190796
['20190801']
{'stock_no': [], 'deal_power': []}
{'stock_no': [], 'deal_power': []}
timer600틱 끝 timer1 재시작
timer600틱 시작 timer1 중지
-----
10분에 한번씩 클럭 발생::체결강도 전송 실행시간 : 10:58:52
계좌평가잔고내역요청 전송
000120;000810;001040;002380;002790;003670;005380;006280;008560;009540;011070;017670;024110;034730;035250;069960;078340;097950;139480;267250;316140;
21
{'stock_no': ['000120', '000810', '001040', '002380', '002790', '003670', '005380', '006280', '008560', '009540', '011070', '017670', '024110', '034730', '035250', '069960', '078340', '097950', '139480', '267250', '316140'], 'stock_name': ['CJ대한통운', '삼성화재', 'CJ', 'KCC', '아모레G', '포스코케미칼', '현대차', '녹십자', '메리츠종금증권', '한국조선해양', 'LG이노텍', 'SK텔레콤', '기업은행', 'SK', '강원랜드', '현대백화점', '컴투스', 'CJ제일제당', '이마트', '현대중공업지주', '우리금융지주'], 'market_in_price': [137500, 272500, 103000, 278500, 66700, 55600, 142500, 127000, 5600, 123500, 117500, 262000, 14150, 239000, 31050, 81500, 104800, 301000, 144500, 336000, 14100], 'myhave_cnt': [8, 5, 14, 4, 17, 21, 10, 9, 266, 12, 9, 5, 84, 6, 48, 14, 14, 4, 8, 3, 84], 'run_price': [136500, 261500, 92100, 242000, 54900, 48700, 129500, 107500, 5020, 108000, 111500, 244500, 13250, 217500, 30750, 74800, 89000, 285500, 120500, 323500, 13200], 'sell_price': [137000, 262000, 92300, 242000, 55000, 48750, 129500, 108000, 5030, 108000, 111500, 245000, 13250, 217500, 30750, 74900, 89100, 285500, 121000, 323500, 13250], 'sell_cnt': [156, 818, 188, 50, 1260, 163, 18249, 1140, 3664, 4052, 999, 5944, 71378, 2472, 3200, 76, 17, 123, 3343, 57, 39595], 'buy_price': [136500, 261500, 92100, 241500, 54900, 48700, 129000, 107500, 5020, 107500, 111000, 244500, 13200, 217000, 30700, 74800, 89000, 285000, 120500, 323000, 13200], 'buy_cnt': [780, 339, 1049, 128, 1287, 636, 5964, 695, 2755, 4117, 270, 3145, 47214, 754, 1304, 73, 21, 46, 1907, 34, 13534], 'vol_cnt': [5718, 15355, 17408, 4332, 160311, 67127, 146712, 5340, 270859, 38778, 56842, 68948, 146711, 30851, 64084, 11370, 8894, 4287, 26858, 4593, 206524], 'deal_power': [117.05, 128.84, 89.28, 74.76, 144.18, 74.52, 265.35, 76.62, 105.8, 62.01, 83.9, 121.44, 153.37, 102.73, 120.63, 91.22, 70.33, 299.34, 104.07, 128.86, 156.51]}
['20190801', '20190800', '20190799', '20190798', '20190797', '20190796']
['004990']
20190796
['20190801']
{'stock_no': [], 'deal_power': []}
{'stock_no': [], 'deal_power': []}
timer600틱 끝 timer1 재시작
timer600틱 시작 timer1 중지
-----
10분에 한번씩 클럭 발생::체결강도 전송 실행시간 : 11:08:52
계좌평가잔고내역요청 전송
000120;000810;001040;002380;002790;003670;005380;006280;008560;009540;011070;017670;024110;034730;035250;069960;078340;097950;139480;267250;316140;
21
{'stock_no': ['000120', '000810', '001040', '002380', '002790', '003670', '005380', '006280', '008560', '009540', '011070', '017670', '024110', '034730', '035250', '069960', '078340', '097950', '139480', '267250', '316140'], 'stock_name': ['CJ대한통운', '삼성화재', 'CJ', 'KCC', '아모레G', '포스코케미칼', '현대차', '녹십자', '메리츠종금증권', '한국조선해양', 'LG이노텍', 'SK텔레콤', '기업은행', 'SK', '강원랜드', '현대백화점', '컴투스', 'CJ제일제당', '이마트', '현대중공업지주', '우리금융지주'], 'market_in_price': [137500, 272500, 103000, 278500, 66700, 55600, 142500, 127000, 5600, 123500, 117500, 262000, 14150, 239000, 31050, 81500, 104800, 301000, 144500, 336000, 14100], 'myhave_cnt': [8, 5, 14, 4, 17, 21, 10, 9, 266, 12, 9, 5, 84, 6, 48, 14, 14, 4, 8, 3, 84], 'run_price': [137500, 262000, 92100, 240000, 54900, 48550, 129500, 107500, 5050, 107500, 111000, 245000, 13200, 217000, 30750, 74300, 89200, 285500, 120500, 322500, 13100], 'sell_price': [137500, 262000, 92200, 240500, 54900, 48550, 129500, 108000, 5050, 108000, 111500, 245000, 13250, 217000, 30750, 74500, 89300, 285500, 120500, 322500, 13150], 'sell_cnt': [593, 1397, 248, 121, 2730, 73, 18259, 1573, 11091, 6809, 1140, 3903, 79991, 3473, 6676, 73, 145, 236, 2042, 443, 39525], 'buy_price': [137000, 261500, 92100, 240000, 54800, 48500, 129000, 107500, 5040, 107500, 111000, 244500, 13200, 216500, 30700, 74300, 89000, 285000, 120000, 322000, 13100], 'buy_cnt': [887, 562, 385, 109, 1944, 799, 5728, 713, 4848, 2469, 2147, 7740, 51186, 1684, 3860, 279, 33, 284, 2682, 281, 28849], 'vol_cnt': [6085, 16057, 18518, 4828, 163260, 70565, 155109, 5432, 287515, 41338, 57970, 74550, 151547, 32772, 66170, 12144, 9083, 4385, 28423, 4987, 228530], 'deal_power': [126.68, 133.9, 93.57, 64.16, 138.26, 70.43, 245.86, 76.75, 108.74, 59.25, 83.62, 142.02, 148.09, 103.42, 122.15, 85.01, 70.04, 295.89, 97.35, 124.9, 128.67]}
['20190801', '20190800', '20190799', '20190798', '20190797', '20190796']
['004990']
20190796
['20190801']
{'stock_no': [], 'deal_power': []}
{'stock_no': [], 'deal_power': []}
timer600틱 끝 timer1 재시작
timer600틱 시작 timer1 중지
-----
10분에 한번씩 클럭 발생::체결강도 전송 실행시간 : 11:18:52
계좌평가잔고내역요청 전송
000120;000810;001040;002380;002790;003670;005380;006280;008560;009540;011070;017670;024110;034730;035250;069960;078340;097950;139480;267250;316140;
21
{'stock_no': ['000120', '000810', '001040', '002380', '002790', '003670', '005380', '006280', '008560', '009540', '011070', '017670', '024110', '034730', '035250', '069960', '078340', '097950', '139480', '267250', '316140'], 'stock_name': ['CJ대한통운', '삼성화재', 'CJ', 'KCC', '아모레G', '포스코케미칼', '현대차', '녹십자', '메리츠종금증권', '한국조선해양', 'LG이노텍', 'SK텔레콤', '기업은행', 'SK', '강원랜드', '현대백화점', '컴투스', 'CJ제일제당', '이마트', '현대중공업지주', '우리금융지주'], 'market_in_price': [137500, 272500, 103000, 278500, 66700, 55600, 142500, 127000, 5600, 123500, 117500, 262000, 14150, 239000, 31050, 81500, 104800, 301000, 144500, 336000, 14100], 'myhave_cnt': [8, 5, 14, 4, 17, 21, 10, 9, 266, 12, 9, 5, 84, 6, 48, 14, 14, 4, 8, 3, 84], 'run_price': [137500, 262500, 91900, 240000, 54600, 48400, 129500, 108000, 5030, 107000, 111000, 244500, 13200, 216000, 30600, 74200, 88900, 284500, 120000, 322500, 13100], 'sell_price': [137500, 262500, 92000, 240500, 54700, 48450, 129500, 108000, 5030, 107500, 111500, 245000, 13250, 216500, 30650, 74200, 89000, 284500, 120500, 322500, 13150], 'sell_cnt': [288, 894, 367, 58, 5160, 159, 13653, 502, 15908, 7582, 56, 7172, 86012, 1725, 4055, 1, 1, 11, 2776, 679, 38814], 'buy_price': [137000, 262000, 91900, 240000, 54600, 48400, 129000, 107500, 5020, 107000, 111000, 244500, 13200, 216000, 30600, 74100, 88900, 284000, 120000, 322000, 13100], 'buy_cnt': [991, 976, 443, 107, 794, 3, 9250, 636, 8458, 6012, 2661, 2660, 30946, 4857, 1527, 783, 7, 55, 1782, 286, 67422], 'vol_cnt': [6435, 18486, 19509, 4983, 169651, 74408, 162839, 6403, 307496, 45175, 60487, 76438, 158839, 35123, 73093, 12919, 9737, 5297, 32471, 5248, 229758], 'deal_power': [136.46, 155.17, 84.91, 62.34, 128.13, 67.01, 234.37, 75.32, 104.45, 55.73, 87.97, 136.14, 140.85, 96.59, 105.07, 81.06, 68.4, 209.32, 91.19, 124.61, 127.15]}
['20190801', '20190800', '20190799', '20190798', '20190797', '20190796']
['004990']
20190796
['20190801']
{'stock_no': [], 'deal_power': []}
{'stock_no': [], 'deal_power': []}
timer600틱 끝 timer1 재시작
timer600틱 시작 timer1 중지
-----
10분에 한번씩 클럭 발생::체결강도 전송 실행시간 : 11:28:52
계좌평가잔고내역요청 전송
000120;000810;001040;002380;002790;003670;005380;006280;008560;009540;011070;017670;024110;034730;035250;069960;078340;097950;139480;267250;316140;
21
{'stock_no': ['000120', '000810', '001040', '002380', '002790', '003670', '005380', '006280', '008560', '009540', '011070', '017670', '024110', '034730', '035250', '069960', '078340', '097950', '139480', '267250', '316140'], 'stock_name': ['CJ대한통운', '삼성화재', 'CJ', 'KCC', '아모레G', '포스코케미칼', '현대차', '녹십자', '메리츠종금증권', '한국조선해양', 'LG이노텍', 'SK텔레콤', '기업은행', 'SK', '강원랜드', '현대백화점', '컴투스', 'CJ제일제당', '이마트', '현대중공업지주', '우리금융지주'], 'market_in_price': [137500, 272500, 103000, 278500, 66700, 55600, 142500, 127000, 5600, 123500, 117500, 262000, 14150, 239000, 31050, 81500, 104800, 301000, 144500, 336000, 14100], 'myhave_cnt': [8, 5, 14, 4, 17, 21, 10, 9, 266, 12, 9, 5, 84, 6, 48, 14, 14, 4, 8, 3, 84], 'run_price': [138000, 263000, 92500, 242000, 54900, 48600, 130000, 107000, 5040, 107500, 112000, 245000, 13250, 217000, 30650, 74500, 89300, 286000, 120000, 322000, 13100], 'sell_price': [138000, 263500, 92600, 242000, 55000, 48650, 130000, 107500, 5040, 108000, 112000, 245500, 13250, 217000, 30650, 74600, 89300, 286000, 120500, 322000, 13150], 'sell_cnt': [647, 445, 123, 80, 496, 180, 13750, 985, 14903, 1845, 1224, 6491, 78059, 1629, 5653, 150, 150, 73, 3464, 771, 14377], 'buy_price': [137500, 263000, 92500, 241500, 54900, 48600, 129500, 107000, 5030, 107500, 111500, 245000, 13200, 216500, 30600, 74500, 89200, 285500, 120000, 321500, 13100], 'buy_cnt': [933, 1365, 59, 165, 53, 75, 3307, 2260, 5933, 7062, 1551, 3980, 37481, 425, 3125, 99, 4, 218, 3123, 410, 91792], 'vol_cnt': [6804, 19935, 21479, 5347, 180405, 75621, 177882, 6914, 336147, 49129, 61937, 83901, 165851, 38449, 74718, 13561, 10139, 5710, 33517, 5697, 240781], 'deal_power': [146.39, 167.78, 95.71, 68.43, 139.0, 68.42, 253.03, 74.08, 111.76, 65.11, 88.47, 153.9, 133.23, 106.27, 105.28, 81.46, 71.17, 220.63, 89.95, 117.48, 134.02]}
['20190801', '20190800', '20190799', '20190798', '20190797', '20190796']
['004990']
20190796
['20190801']
{'stock_no': [], 'deal_power': []}
{'stock_no': [], 'deal_power': []}
timer600틱 끝 timer1 재시작
timer600틱 시작 timer1 중지
-----
10분에 한번씩 클럭 발생::체결강도 전송 실행시간 : 11:38:52
계좌평가잔고내역요청 전송
000120;000810;001040;002380;002790;003670;005380;006280;008560;009540;011070;017670;024110;034730;035250;069960;078340;097950;139480;267250;316140;
21
{'stock_no': ['000120', '000810', '001040', '002380', '002790', '003670', '005380', '006280', '008560', '009540', '011070', '017670', '024110', '034730', '035250', '069960', '078340', '097950', '139480', '267250', '316140'], 'stock_name': ['CJ대한통운', '삼성화재', 'CJ', 'KCC', '아모레G', '포스코케미칼', '현대차', '녹십자', '메리츠종금증권', '한국조선해양', 'LG이노텍', 'SK텔레콤', '기업은행', 'SK', '강원랜드', '현대백화점', '컴투스', 'CJ제일제당', '이마트', '현대중공업지주', '우리금융지주'], 'market_in_price': [137500, 272500, 103000, 278500, 66700, 55600, 142500, 127000, 5600, 123500, 117500, 262000, 14150, 239000, 31050, 81500, 104800, 301000, 144500, 336000, 14100], 'myhave_cnt': [8, 5, 14, 4, 17, 21, 10, 9, 266, 12, 9, 5, 84, 6, 48, 14, 14, 4, 8, 3, 84], 'run_price': [138500, 263500, 92500, 240500, 54800, 48500, 129000, 107500, 5040, 108000, 111500, 245000, 13200, 217000, 30650, 74400, 89000, 286500, 120500, 321500, 13150], 'sell_price': [138500, 263500, 92500, 241000, 54900, 48550, 129500, 107500, 5040, 108000, 111500, 245000, 13250, 217000, 30650, 74400, 89000, 286500, 120500, 322000, 13150], 'sell_cnt': [699, 1893, 992, 162, 430, 222, 6558, 699, 16664, 2892, 443, 2039, 74934, 3176, 5934, 117, 1120, 333, 4072, 1046, 54832], 'buy_price': [138000, 263000, 92300, 240500, 54800, 48500, 129000, 107000, 5030, 107500, 111000, 244500, 13200, 216500, 30600, 74300, 88900, 286000, 120000, 321500, 13100], 'buy_cnt': [215, 908, 87, 288, 324, 28, 8545, 2245, 11150, 1731, 1194, 22541, 59218, 3679, 2519, 336, 30, 247, 2888, 512, 103255], 'vol_cnt': [7763, 21300, 23002, 5646, 182890, 77781, 185402, 7746, 343322, 56445, 64579, 89536, 169977, 39232, 79181, 14163, 10823, 6133, 34106, 5969, 243437], 'deal_power': [154.96, 179.3, 93.82, 65.02, 138.52, 67.13, 237.57, 93.18, 112.06, 66.92, 87.22, 135.2, 131.56, 106.73, 97.99, 79.9, 77.04, 218.94, 90.54, 115.42, 134.63]}
['20190801', '20190800', '20190799', '20190798', '20190797', '20190796']
['004990']
20190796
['20190801']
{'stock_no': [], 'deal_power': []}
{'stock_no': [], 'deal_power': []}
timer600틱 끝 timer1 재시작
timer600틱 시작 timer1 중지
-----
10분에 한번씩 클럭 발생::체결강도 전송 실행시간 : 11:48:52
계좌평가잔고내역요청 전송
000120;000810;001040;002380;002790;003670;005380;006280;008560;009540;011070;017670;024110;034730;035250;069960;078340;097950;139480;267250;316140;
21
{'stock_no': ['000120', '000810', '001040', '002380', '002790', '003670', '005380', '006280', '008560', '009540', '011070', '017670', '024110', '034730', '035250', '069960', '078340', '097950', '139480', '267250', '316140'], 'stock_name': ['CJ대한통운', '삼성화재', 'CJ', 'KCC', '아모레G', '포스코케미칼', '현대차', '녹십자', '메리츠종금증권', '한국조선해양', 'LG이노텍', 'SK텔레콤', '기업은행', 'SK', '강원랜드', '현대백화점', '컴투스', 'CJ제일제당', '이마트', '현대중공업지주', '우리금융지주'], 'market_in_price': [137500, 272500, 103000, 278500, 66700, 55600, 142500, 127000, 5600, 123500, 117500, 262000, 14150, 239000, 31050, 81500, 104800, 301000, 144500, 336000, 14100], 'myhave_cnt': [8, 5, 14, 4, 17, 21, 10, 9, 266, 12, 9, 5, 84, 6, 48, 14, 14, 4, 8, 3, 84], 'run_price': [138500, 263000, 92100, 240500, 54800, 48550, 129500, 107500, 5040, 107500, 111000, 244500, 13200, 216000, 30650, 74700, 89000, 287000, 120000, 322000, 13100], 'sell_price': [138500, 263000, 92100, 241000, 54900, 48550, 130000, 107500, 5040, 108000, 111500, 244500, 13250, 216500, 30650, 74800, 89000, 287000, 120500, 322000, 13150], 'sell_cnt': [872, 697, 157, 303, 803, 292, 13984, 848, 18568, 3864, 1300, 3356, 81810, 811, 8200, 321, 924, 231, 5129, 1325, 59095], 'buy_price': [138000, 262500, 92000, 240500, 54800, 48500, 129500, 107000, 5030, 107500, 111000, 244000, 13200, 216000, 30600, 74700, 88900, 286500, 120000, 321500, 13100], 'buy_cnt': [351, 409, 294, 346, 877, 118, 1180, 2204, 17903, 3600, 2616, 30456, 64707, 7291, 4372, 266, 2, 90, 2380, 550, 110558], 'vol_cnt': [7974, 24445, 23365, 5708, 187420, 78622, 195338, 7877, 351554, 58128, 65813, 94596, 175682, 41225, 81782, 15709, 11322, 6909, 34935, 6271, 244192], 'deal_power': [149.72, 156.96, 92.09, 64.31, 137.94, 67.61, 242.76, 91.78, 115.01, 65.85, 87.34, 123.72, 129.63, 100.6, 97.19, 83.53, 81.22, 209.06, 89.77, 113.43, 133.96]}
['20190801', '20190800', '20190799', '20190798', '20190797', '20190796']
['004990']
20190796
['20190801']
{'stock_no': [], 'deal_power': []}
{'stock_no': [], 'deal_power': []}
timer600틱 끝 timer1 재시작
timer600틱 시작 timer1 중지
-----
10분에 한번씩 클럭 발생::체결강도 전송 실행시간 : 11:58:52
계좌평가잔고내역요청 전송
000120;000810;001040;002380;002790;003670;005380;006280;008560;009540;011070;017670;024110;034730;035250;069960;078340;097950;139480;267250;316140;
21
{'stock_no': ['000120', '000810', '001040', '002380', '002790', '003670', '005380', '006280', '008560', '009540', '011070', '017670', '024110', '034730', '035250', '069960', '078340', '097950', '139480', '267250', '316140'], 'stock_name': ['CJ대한통운', '삼성화재', 'CJ', 'KCC', '아모레G', '포스코케미칼', '현대차', '녹십자', '메리츠종금증권', '한국조선해양', 'LG이노텍', 'SK텔레콤', '기업은행', 'SK', '강원랜드', '현대백화점', '컴투스', 'CJ제일제당', '이마트', '현대중공업지주', '우리금융지주'], 'market_in_price': [137500, 272500, 103000, 278500, 66700, 55600, 142500, 127000, 5600, 123500, 117500, 262000, 14150, 239000, 31050, 81500, 104800, 301000, 144500, 336000, 14100], 'myhave_cnt': [8, 5, 14, 4, 17, 21, 10, 9, 266, 12, 9, 5, 84, 6, 48, 14, 14, 4, 8, 3, 84], 'run_price': [138000, 263000, 92000, 241000, 55000, 48500, 129500, 107000, 5040, 108000, 111000, 244000, 13250, 216000, 30650, 74400, 88900, 287500, 120000, 322000, 13100], 'sell_price': [138000, 263000, 92100, 241000, 55100, 48600, 129500, 107500, 5040, 108000, 111500, 244500, 13250, 216500, 30650, 74500, 89000, 287500, 120000, 322000, 13150], 'sell_cnt': [959, 790, 621, 401, 546, 378, 2559, 1158, 31449, 7806, 1866, 3257, 83217, 2693, 10635, 48, 16, 151, 2142, 1484, 75906], 'buy_price': [137500, 262500, 92000, 240500, 55000, 48500, 129000, 107000, 5030, 107500, 111000, 244000, 13200, 216000, 30600, 74400, 88800, 287000, 119500, 321500, 13100], 'buy_cnt': [975, 859, 345, 322, 604, 17, 6513, 2142, 16096, 3380, 1965, 9139, 66973, 6428, 4826, 174, 203, 206, 11546, 536, 110124], 'vol_cnt': [8695, 24911, 23479, 5791, 190850, 81101, 200653, 8044, 360779, 59668, 67370, 97983, 180251, 42012, 83841, 16877, 12834, 7375, 38557, 6514, 245132], 'deal_power': [138.07, 161.14, 91.61, 63.18, 138.92, 67.51, 239.26, 89.41, 116.87, 65.2, 88.79, 128.06, 127.91, 99.24, 99.33, 76.95, 96.12, 222.37, 82.17, 113.84, 133.14]}
['20190801', '20190800', '20190799', '20190798', '20190797', '20190796']
['004990']
20190796
['20190801']
{'stock_no': [], 'deal_power': []}
{'stock_no': [], 'deal_power': []}
timer600틱 끝 timer1 재시작
timer600틱 시작 timer1 중지
-----
10분에 한번씩 클럭 발생::체결강도 전송 실행시간 : 12:08:52
계좌평가잔고내역요청 전송
000120;000810;001040;002380;002790;003670;005380;006280;008560;009540;011070;017670;024110;034730;035250;069960;078340;097950;139480;267250;316140;
21
{'stock_no': ['000120', '000810', '001040', '002380', '002790', '003670', '005380', '006280', '008560', '009540', '011070', '017670', '024110', '034730', '035250', '069960', '078340', '097950', '139480', '267250', '316140'], 'stock_name': ['CJ대한통운', '삼성화재', 'CJ', 'KCC', '아모레G', '포스코케미칼', '현대차', '녹십자', '메리츠종금증권', '한국조선해양', 'LG이노텍', 'SK텔레콤', '기업은행', 'SK', '강원랜드', '현대백화점', '컴투스', 'CJ제일제당', '이마트', '현대중공업지주', '우리금융지주'], 'market_in_price': [137500, 272500, 103000, 278500, 66700, 55600, 142500, 127000, 5600, 123500, 117500, 262000, 14150, 239000, 31050, 81500, 104800, 301000, 144500, 336000, 14100], 'myhave_cnt': [8, 5, 14, 4, 17, 21, 10, 9, 266, 12, 9, 5, 84, 6, 48, 14, 14, 4, 8, 3, 84], 'run_price': [138000, 263000, 92000, 240000, 54800, 48250, 129500, 107000, 4985, 107000, 110500, 244500, 13250, 216000, 30550, 74300, 88900, 287500, 120500, 321500, 13100], 'sell_price': [138000, 263000, 92000, 240000, 54900, 48300, 129500, 107500, 4985, 107500, 111000, 244500, 13250, 216000, 30600, 74400, 89200, 287500, 120500, 321500, 13150], 'sell_cnt': [313, 1732, 824, 86, 531, 1484, 7022, 1248, 5568, 1660, 408, 4102, 101480, 2312, 7390, 23, 73, 346, 3436, 1097, 90553], 'buy_price': [137500, 262500, 91900, 239500, 54800, 48250, 129000, 107000, 4980, 107000, 110500, 244000, 13200, 215500, 30550, 74300, 88700, 287000, 120000, 321000, 13100], 'buy_cnt': [1280, 888, 877, 232, 1257, 550, 6368, 1783, 17845, 8026, 2339, 9055, 66490, 2468, 1002, 461, 24, 193, 890, 114, 42682], 'vol_cnt': [9075, 25788, 23937, 6320, 193975, 85201, 204705, 8809, 468408, 64171, 70411, 99293, 184570, 45010, 94676, 17962, 13599, 7772, 42987, 7523, 251221], 'deal_power': [142.27, 168.83, 88.41, 55.26, 133.84, 64.03, 240.23, 100.86, 99.95, 59.5, 84.72, 129.15, 126.83, 88.44, 82.46, 73.08, 100.12, 228.71, 97.55, 91.86, 125.82]}
['20190801', '20190800', '20190799', '20190798', '20190797', '20190796']
['004990']
20190796
['20190801']
{'stock_no': [], 'deal_power': []}
{'stock_no': [], 'deal_power': []}
timer600틱 끝 timer1 재시작
timer600틱 시작 timer1 중지
-----
10분에 한번씩 클럭 발생::체결강도 전송 실행시간 : 12:18:52
계좌평가잔고내역요청 전송
000120;000810;001040;002380;002790;003670;005380;006280;008560;009540;011070;017670;024110;034730;035250;069960;078340;097950;139480;267250;316140;
21
{'stock_no': ['000120', '000810', '001040', '002380', '002790', '003670', '005380', '006280', '008560', '009540', '011070', '017670', '024110', '034730', '035250', '069960', '078340', '097950', '139480', '267250', '316140'], 'stock_name': ['CJ대한통운', '삼성화재', 'CJ', 'KCC', '아모레G', '포스코케미칼', '현대차', '녹십자', '메리츠종금증권', '한국조선해양', 'LG이노텍', 'SK텔레콤', '기업은행', 'SK', '강원랜드', '현대백화점', '컴투스', 'CJ제일제당', '이마트', '현대중공업지주', '우리금융지주'], 'market_in_price': [137500, 272500, 103000, 278500, 66700, 55600, 142500, 127000, 5600, 123500, 117500, 262000, 14150, 239000, 31050, 81500, 104800, 301000, 144500, 336000, 14100], 'myhave_cnt': [8, 5, 14, 4, 17, 21, 10, 9, 266, 12, 9, 5, 84, 6, 48, 14, 14, 4, 8, 3, 84], 'run_price': [138500, 262500, 91900, 239500, 54800, 48100, 129000, 107000, 4995, 107000, 111000, 244000, 13250, 216000, 30550, 74300, 89100, 287500, 120500, 321000, 13100], 'sell_price': [138500, 263000, 92000, 240000, 54900, 48100, 129500, 107500, 4995, 107500, 111000, 244500, 13250, 216000, 30600, 74400, 89200, 287500, 120500, 321500, 13150], 'sell_cnt': [1166, 754, 949, 270, 576, 863, 5733, 1282, 784, 4423, 710, 5526, 114676, 761, 8769, 18, 163, 331, 3691, 1032, 81742], 'buy_price': [138000, 262500, 91900, 239500, 54800, 48050, 129000, 107000, 4990, 107000, 110500, 244000, 13200, 215500, 30550, 74300, 88900, 287000, 120000, 321000, 13100], 'buy_cnt': [12, 1436, 922, 90, 1173, 434, 6367, 1559, 5079, 6338, 1158, 9184, 61133, 6301, 1191, 277, 4, 215, 3653, 80, 49772], 'vol_cnt': [9926, 26432, 24144, 6454, 196110, 97214, 207891, 9057, 482218, 65940, 72225, 100355, 193521, 46799, 96699, 18414, 14118, 8111, 44321, 7920, 253746], 'deal_power': [156.11, 175.13, 87.56, 55.54, 133.84, 68.61, 240.45, 96.68, 104.57, 58.15, 83.64, 129.31, 118.63, 90.57, 81.95, 71.02, 101.27, 236.27, 95.11, 92.52, 123.99]}
['20190801', '20190800', '20190799', '20190798', '20190797', '20190796']
['004990']
20190796
['20190801']
{'stock_no': [], 'deal_power': []}
{'stock_no': [], 'deal_power': []}
timer600틱 끝 timer1 재시작
timer600틱 시작 timer1 중지
-----
10분에 한번씩 클럭 발생::체결강도 전송 실행시간 : 12:28:52
계좌평가잔고내역요청 전송
000120;000810;001040;002380;002790;003670;005380;006280;008560;009540;011070;017670;024110;034730;035250;069960;078340;097950;139480;267250;316140;
21
{'stock_no': ['000120', '000810', '001040', '002380', '002790', '003670', '005380', '006280', '008560', '009540', '011070', '017670', '024110', '034730', '035250', '069960', '078340', '097950', '139480', '267250', '316140'], 'stock_name': ['CJ대한통운', '삼성화재', 'CJ', 'KCC', '아모레G', '포스코케미칼', '현대차', '녹십자', '메리츠종금증권', '한국조선해양', 'LG이노텍', 'SK텔레콤', '기업은행', 'SK', '강원랜드', '현대백화점', '컴투스', 'CJ제일제당', '이마트', '현대중공업지주', '우리금융지주'], 'market_in_price': [137500, 272500, 103000, 278500, 66700, 55600, 142500, 127000, 5600, 123500, 117500, 262000, 14150, 239000, 31050, 81500, 104800, 301000, 144500, 336000, 14100], 'myhave_cnt': [8, 5, 14, 4, 17, 21, 10, 9, 266, 12, 9, 5, 84, 6, 48, 14, 14, 4, 8, 3, 84], 'run_price': [139000, 264000, 91900, 241000, 54800, 48100, 129500, 107000, 5010, 107000, 110500, 244000, 13250, 216500, 30550, 74300, 89300, 287000, 120500, 321500, 13100], 'sell_price': [139000, 264000, 92000, 241000, 54900, 48150, 129500, 107500, 5010, 107500, 111000, 244500, 13250, 217000, 30600, 74400, 89300, 287000, 120500, 321500, 13150], 'sell_cnt': [2865, 731, 1126, 192, 1153, 592, 4353, 1289, 15732, 4834, 877, 5087, 99442, 3649, 8646, 57, 172, 436, 4331, 1201, 75884], 'buy_price': [138500, 263500, 91900, 240500, 54800, 48100, 129000, 107000, 5000, 107000, 110500, 244000, 13200, 216500, 30550, 74300, 89200, 286500, 120000, 321000, 13100], 'buy_cnt': [819, 1035, 828, 202, 914, 317, 8327, 1546, 7465, 6705, 1320, 9253, 66121, 554, 4283, 182, 11, 73, 1799, 216, 58718], 'vol_cnt': [11354, 28310, 24338, 6778, 197584, 99836, 211206, 9211, 501766, 67490, 73526, 102449, 197070, 49460, 98322, 21872, 14574, 9024, 45149, 8152, 258425], 'deal_power': [185.74, 188.22, 86.32, 60.15, 131.87, 70.01, 240.76, 94.39, 109.26, 57.58, 84.17, 131.43, 118.26, 96.43, 81.88, 66.19, 102.64, 220.01, 94.21, 92.27, 121.22]}
['20190801', '20190800', '20190799', '20190798', '20190797', '20190796']
['004990']
20190796
['20190801']
{'stock_no': [], 'deal_power': []}
{'stock_no': [], 'deal_power': []}
timer600틱 끝 timer1 재시작
timer600틱 시작 timer1 중지
-----
10분에 한번씩 클럭 발생::체결강도 전송 실행시간 : 12:38:52
계좌평가잔고내역요청 전송
000120;000810;001040;002380;002790;003670;005380;006280;008560;009540;011070;017670;024110;034730;035250;069960;078340;097950;139480;267250;316140;
21
{'stock_no': ['000120', '000810', '001040', '002380', '002790', '003670', '005380', '006280', '008560', '009540', '011070', '017670', '024110', '034730', '035250', '069960', '078340', '097950', '139480', '267250', '316140'], 'stock_name': ['CJ대한통운', '삼성화재', 'CJ', 'KCC', '아모레G', '포스코케미칼', '현대차', '녹십자', '메리츠종금증권', '한국조선해양', 'LG이노텍', 'SK텔레콤', '기업은행', 'SK', '강원랜드', '현대백화점', '컴투스', 'CJ제일제당', '이마트', '현대중공업지주', '우리금융지주'], 'market_in_price': [137500, 272500, 103000, 278500, 66700, 55600, 142500, 127000, 5600, 123500, 117500, 262000, 14150, 239000, 31050, 81500, 104800, 301000, 144500, 336000, 14100], 'myhave_cnt': [8, 5, 14, 4, 17, 21, 10, 9, 266, 12, 9, 5, 84, 6, 48, 14, 14, 4, 8, 3, 84], 'run_price': [139000, 263000, 91900, 241000, 54800, 47950, 128500, 107000, 5000, 107500, 111000, 244000, 13200, 216500, 30550, 74300, 89300, 287000, 120500, 321500, 13100], 'sell_price': [139000, 263000, 91900, 241000, 54900, 48000, 129000, 107500, 5010, 107500, 111000, 244500, 13250, 216500, 30600, 74400, 89300, 287000, 120500, 321500, 13150], 'sell_cnt': [3027, 1358, 790, 314, 964, 1045, 6717, 1251, 11898, 6600, 1054, 5712, 99496, 358, 9421, 70, 2, 305, 4317, 1228, 90985], 'buy_price': [138500, 262500, 91800, 240500, 54800, 47950, 128500, 107000, 5000, 107000, 110500, 244000, 13200, 216000, 30550, 74300, 89200, 286500, 120000, 321000, 13100], 'buy_cnt': [1098, 595, 736, 207, 1851, 999, 7104, 1272, 13450, 5933, 1202, 11258, 62261, 3030, 2083, 218, 3, 288, 1628, 138, 63626], 'vol_cnt': [11973, 30815, 25327, 6832, 200435, 103066, 223099, 9518, 509018, 68801, 74876, 103878, 204582, 52370, 101701, 22381, 15221, 9354, 45814, 8478, 260561], 'deal_power': [196.89, 165.24, 81.22, 59.75, 132.36, 68.98, 216.76, 91.97, 110.5, 57.31, 84.87, 131.32, 113.1, 92.89, 79.62, 66.21, 106.06, 226.43, 94.25, 89.86, 121.21]}
['20190801', '20190800', '20190799', '20190798', '20190797', '20190796']
['004990']
20190796
['20190801']
{'stock_no': [], 'deal_power': []}
{'stock_no': [], 'deal_power': []}
timer600틱 끝 timer1 재시작
timer600틱 시작 timer1 중지
-----
10분에 한번씩 클럭 발생::체결강도 전송 실행시간 : 12:48:52
계좌평가잔고내역요청 전송
000120;000810;001040;002380;002790;003670;005380;006280;008560;009540;011070;017670;024110;034730;035250;069960;078340;097950;139480;267250;316140;
21
{'stock_no': ['000120', '000810', '001040', '002380', '002790', '003670', '005380', '006280', '008560', '009540', '011070', '017670', '024110', '034730', '035250', '069960', '078340', '097950', '139480', '267250', '316140'], 'stock_name': ['CJ대한통운', '삼성화재', 'CJ', 'KCC', '아모레G', '포스코케미칼', '현대차', '녹십자', '메리츠종금증권', '한국조선해양', 'LG이노텍', 'SK텔레콤', '기업은행', 'SK', '강원랜드', '현대백화점', '컴투스', 'CJ제일제당', '이마트', '현대중공업지주', '우리금융지주'], 'market_in_price': [137500, 272500, 103000, 278500, 66700, 55600, 142500, 127000, 5600, 123500, 117500, 262000, 14150, 239000, 31050, 81500, 104800, 301000, 144500, 336000, 14100], 'myhave_cnt': [8, 5, 14, 4, 17, 21, 10, 9, 266, 12, 9, 5, 84, 6, 48, 14, 14, 4, 8, 3, 84], 'run_price': [139000, 263000, 91700, 241500, 54900, 47850, 128500, 106000, 5000, 107000, 110500, 244500, 13250, 216500, 30550, 74500, 89300, 286500, 120500, 320500, 13100], 'sell_price': [139000, 263000, 91800, 242000, 55100, 47850, 128500, 106500, 5010, 107500, 111000, 244500, 13250, 216500, 30600, 74500, 89300, 286500, 120500, 321000, 13150], 'sell_cnt': [3099, 860, 1108, 222, 797, 1163, 3994, 564, 9496, 6580, 1631, 6848, 101235, 1960, 9249, 427, 71, 782, 4628, 1338, 93875], 'buy_price': [138500, 262500, 91700, 241500, 54900, 47800, 128000, 106000, 5000, 107000, 110500, 244000, 13200, 216000, 30550, 74400, 89200, 286000, 120000, 320500, 13100], 'buy_cnt': [1028, 1479, 643, 211, 1764, 784, 9107, 1290, 16345, 7420, 678, 11384, 61936, 708, 757, 201, 35, 225, 2095, 110, 71882], 'vol_cnt': [12667, 31331, 26376, 7386, 204778, 109148, 230144, 11584, 518871, 71140, 76271, 104929, 208318, 53857, 106307, 23025, 15690, 9856, 46458, 9097, 261879], 'deal_power': [209.55, 169.24, 76.86, 70.66, 134.89, 64.22, 205.71, 66.57, 112.94, 56.78, 85.15, 131.17, 112.68, 92.11, 76.05, 65.03, 106.65, 210.98, 94.29, 83.12, 120.95]}
['20190801', '20190800', '20190799', '20190798', '20190797', '20190796']
['004990']
20190796
['20190801']
{'stock_no': [], 'deal_power': []}
{'stock_no': [], 'deal_power': []}
timer600틱 끝 timer1 재시작
timer600틱 시작 timer1 중지
-----
10분에 한번씩 클럭 발생::체결강도 전송 실행시간 : 12:58:52
계좌평가잔고내역요청 전송
000120;000810;001040;002380;002790;003670;005380;006280;008560;009540;011070;017670;024110;034730;035250;069960;078340;097950;139480;267250;316140;
21
{'stock_no': ['000120', '000810', '001040', '002380', '002790', '003670', '005380', '006280', '008560', '009540', '011070', '017670', '024110', '034730', '035250', '069960', '078340', '097950', '139480', '267250', '316140'], 'stock_name': ['CJ대한통운', '삼성화재', 'CJ', 'KCC', '아모레G', '포스코케미칼', '현대차', '녹십자', '메리츠종금증권', '한국조선해양', 'LG이노텍', 'SK텔레콤', '기업은행', 'SK', '강원랜드', '현대백화점', '컴투스', 'CJ제일제당', '이마트', '현대중공업지주', '우리금융지주'], 'market_in_price': [137500, 272500, 103000, 278500, 66700, 55600, 142500, 127000, 5600, 123500, 117500, 262000, 14150, 239000, 31050, 81500, 104800, 301000, 144500, 336000, 14100], 'myhave_cnt': [8, 5, 14, 4, 17, 21, 10, 9, 266, 12, 9, 5, 84, 6, 48, 14, 14, 4, 8, 3, 84], 'run_price': [139000, 264000, 91800, 242000, 55100, 48000, 128500, 106000, 5010, 107500, 111000, 244000, 13250, 216000, 30550, 74500, 89300, 286500, 120500, 321000, 13150], 'sell_price': [139000, 264000, 91900, 242000, 55200, 48050, 128500, 106500, 5010, 107500, 111000, 244500, 13250, 216000, 30600, 74500, 89400, 286500, 120500, 321000, 13150], 'sell_cnt': [2572, 1251, 224, 242, 470, 272, 6021, 18, 9354, 7689, 1686, 8746, 103392, 888, 9173, 2, 39, 491, 4737, 1280, 89258], 'buy_price': [138500, 263500, 91800, 241500, 55100, 47950, 128000, 106000, 5000, 107000, 110500, 244000, 13200, 215500, 30550, 74400, 89300, 286000, 120000, 320500, 13100], 'buy_cnt': [1314, 911, 301, 203, 12, 1025, 9758, 1476, 17208, 3268, 64, 9081, 62401, 5663, 417, 502, 44, 530, 1900, 147, 75452], 'vol_cnt': [13340, 33337, 28269, 7494, 207369, 112597, 233193, 12726, 524864, 74167, 78388, 107047, 212205, 56169, 109376, 24008, 16077, 10296, 47244, 9429, 263926], 'deal_power': [218.71, 184.07, 78.13, 70.23, 135.17, 65.95, 206.24, 80.5, 113.94, 54.5, 83.27, 126.46, 112.23, 90.28, 74.69, 66.47, 108.03, 218.77, 94.04, 81.74, 121.35]}
['20190801', '20190800', '20190799', '20190798', '20190797', '20190796']
['004990']
20190796
['20190801']
{'stock_no': [], 'deal_power': []}
{'stock_no': [], 'deal_power': []}
timer600틱 끝 timer1 재시작
timer600틱 시작 timer1 중지
-----
10분에 한번씩 클럭 발생::체결강도 전송 실행시간 : 13:08:52
계좌평가잔고내역요청 전송
000120;000810;001040;002380;002790;003670;005380;006280;008560;009540;011070;017670;024110;034730;035250;069960;078340;097950;139480;267250;316140;
21
{'stock_no': ['000120', '000810', '001040', '002380', '002790', '003670', '005380', '006280', '008560', '009540', '011070', '017670', '024110', '034730', '035250', '069960', '078340', '097950', '139480', '267250', '316140'], 'stock_name': ['CJ대한통운', '삼성화재', 'CJ', 'KCC', '아모레G', '포스코케미칼', '현대차', '녹십자', '메리츠종금증권', '한국조선해양', 'LG이노텍', 'SK텔레콤', '기업은행', 'SK', '강원랜드', '현대백화점', '컴투스', 'CJ제일제당', '이마트', '현대중공업지주', '우리금융지주'], 'market_in_price': [137500, 272500, 103000, 278500, 66700, 55600, 142500, 127000, 5600, 123500, 117500, 262000, 14150, 239000, 31050, 81500, 104800, 301000, 144500, 336000, 14100], 'myhave_cnt': [8, 5, 14, 4, 17, 21, 10, 9, 266, 12, 9, 5, 84, 6, 48, 14, 14, 4, 8, 3, 84], 'run_price': [139000, 264000, 91700, 241500, 55000, 47950, 128000, 106500, 5020, 106500, 110000, 244000, 13250, 215500, 30650, 74500, 89500, 286500, 120000, 321000, 13100], 'sell_price': [139000, 264000, 91700, 242000, 55100, 48000, 128500, 106500, 5020, 107000, 110500, 244500, 13250, 216000, 30650, 74600, 89500, 286500, 120500, 321000, 13150], 'sell_cnt': [2080, 1826, 283, 141, 491, 618, 12100, 17, 7189, 2794, 1647, 4987, 86732, 1175, 2953, 149, 276, 454, 4828, 1474, 72767], 'buy_price': [138500, 263500, 91600, 241500, 55000, 47900, 128000, 106000, 5010, 106500, 110000, 244000, 13200, 215500, 30600, 74500, 89400, 286000, 120000, 320500, 13100], 'buy_cnt': [1499, 1038, 1073, 204, 1214, 706, 5634, 1751, 16215, 8418, 708, 9655, 64355, 5682, 3026, 283, 45, 534, 1847, 176, 77038], 'vol_cnt': [14218, 34060, 28670, 7727, 223047, 115312, 239264, 12934, 543094, 78202, 79480, 107902, 215801, 57695, 124271, 24492, 16706, 10585, 48143, 9730, 266003], 'deal_power': [210.91, 188.42, 77.6, 71.75, 141.57, 65.22, 198.13, 80.74, 117.63, 51.37, 83.49, 125.88, 112.98, 90.07, 87.57, 65.73, 112.42, 220.19, 93.62, 81.42, 121.74]}
['20190801', '20190800', '20190799', '20190798', '20190797', '20190796']
['004990']
20190796
['20190801']
{'stock_no': [], 'deal_power': []}
{'stock_no': [], 'deal_power': []}
timer600틱 끝 timer1 재시작
timer600틱 시작 timer1 중지
-----
10분에 한번씩 클럭 발생::체결강도 전송 실행시간 : 13:18:52
계좌평가잔고내역요청 전송
000120;000810;001040;002380;002790;003670;005380;006280;008560;009540;011070;017670;024110;034730;035250;069960;078340;097950;139480;267250;316140;
21
{'stock_no': ['000120', '000810', '001040', '002380', '002790', '003670', '005380', '006280', '008560', '009540', '011070', '017670', '024110', '034730', '035250', '069960', '078340', '097950', '139480', '267250', '316140'], 'stock_name': ['CJ대한통운', '삼성화재', 'CJ', 'KCC', '아모레G', '포스코케미칼', '현대차', '녹십자', '메리츠종금증권', '한국조선해양', 'LG이노텍', 'SK텔레콤', '기업은행', 'SK', '강원랜드', '현대백화점', '컴투스', 'CJ제일제당', '이마트', '현대중공업지주', '우리금융지주'], 'market_in_price': [137500, 272500, 103000, 278500, 66700, 55600, 142500, 127000, 5600, 123500, 117500, 262000, 14150, 239000, 31050, 81500, 104800, 301000, 144500, 336000, 14100], 'myhave_cnt': [8, 5, 14, 4, 17, 21, 10, 9, 266, 12, 9, 5, 84, 6, 48, 14, 14, 4, 8, 3, 84], 'run_price': [138500, 263500, 91700, 241500, 55000, 48000, 128000, 106000, 5010, 107000, 110500, 244000, 13250, 215500, 30650, 74600, 89100, 286500, 120000, 320500, 13100], 'sell_price': [139000, 264000, 91700, 241500, 55100, 48000, 128000, 106500, 5010, 107000, 110500, 244500, 13250, 216000, 30650, 74600, 89200, 286500, 120500, 320500, 13150], 'sell_cnt': [2793, 4046, 1062, 196, 1405, 448, 10590, 513, 26620, 6641, 1879, 4934, 101918, 2934, 5879, 282, 123, 809, 5416, 1337, 78654], 'buy_price': [138500, 263500, 91600, 241000, 55000, 47950, 127500, 106000, 5000, 106500, 110000, 244000, 13200, 215500, 30600, 74500, 89100, 286000, 120000, 320000, 13100], 'buy_cnt': [394, 1169, 507, 105, 583, 30, 18532, 1608, 8306, 8413, 299, 8703, 61689, 1639, 2671, 260, 39, 359, 2888, 128, 73406], 'vol_cnt': [17377, 34894, 29244, 8036, 235124, 117944, 248369, 13134, 563417, 79503, 80725, 111032, 222019, 60278, 126779, 25068, 17345, 10875, 49317, 10384, 270318], 'deal_power': [208.97, 186.9, 75.03, 68.81, 147.65, 65.65, 184.63, 81.12, 114.19, 50.84, 82.96, 127.44, 110.92, 91.38, 89.71, 66.44, 111.45, 220.53, 92.16, 78.76, 119.55]}
['20190801', '20190800', '20190799', '20190798', '20190797', '20190796']
['004990']
20190796
['20190801']
{'stock_no': [], 'deal_power': []}
{'stock_no': [], 'deal_power': []}
timer600틱 끝 timer1 재시작
timer600틱 시작 timer1 중지
-----
10분에 한번씩 클럭 발생::체결강도 전송 실행시간 : 13:28:52
계좌평가잔고내역요청 전송
000120;000810;001040;002380;002790;003670;005380;006280;008560;009540;011070;017670;024110;034730;035250;069960;078340;097950;139480;267250;316140;
21
{'stock_no': ['000120', '000810', '001040', '002380', '002790', '003670', '005380', '006280', '008560', '009540', '011070', '017670', '024110', '034730', '035250', '069960', '078340', '097950', '139480', '267250', '316140'], 'stock_name': ['CJ대한통운', '삼성화재', 'CJ', 'KCC', '아모레G', '포스코케미칼', '현대차', '녹십자', '메리츠종금증권', '한국조선해양', 'LG이노텍', 'SK텔레콤', '기업은행', 'SK', '강원랜드', '현대백화점', '컴투스', 'CJ제일제당', '이마트', '현대중공업지주', '우리금융지주'], 'market_in_price': [137500, 272500, 103000, 278500, 66700, 55600, 142500, 127000, 5600, 123500, 117500, 262000, 14150, 239000, 31050, 81500, 104800, 301000, 144500, 336000, 14100], 'myhave_cnt': [8, 5, 14, 4, 17, 21, 10, 9, 266, 12, 9, 5, 84, 6, 48, 14, 14, 4, 8, 3, 84], 'run_price': [138000, 263500, 91500, 241000, 55200, 47900, 127500, 107000, 5020, 106500, 110000, 244500, 13250, 215500, 30650, 74500, 89200, 286500, 120500, 320500, 13100], 'sell_price': [138500, 264000, 91500, 241500, 55300, 47950, 128000, 107000, 5030, 107000, 110500, 244500, 13250, 215500, 30650, 74600, 89200, 286500, 120500, 320500, 13150], 'sell_cnt': [1042, 4031, 913, 254, 711, 37, 11886, 445, 13114, 6518, 1574, 6486, 100901, 3074, 6333, 44, 147, 709, 5692, 1210, 89767], 'buy_price': [138000, 263500, 91400, 241000, 55200, 47900, 127500, 106500, 5020, 106500, 110000, 244000, 13200, 215000, 30600, 74500, 89100, 286000, 120000, 320000, 13100], 'buy_cnt': [170, 521, 544, 150, 366, 372, 20553, 148, 837, 10160, 1297, 8915, 60608, 3369, 3361, 69, 40, 474, 3871, 88, 76662], 'vol_cnt': [18795, 37075, 30623, 8098, 238089, 121404, 258937, 14240, 598360, 81372, 82113, 112073, 229141, 64414, 128143, 26540, 18008, 11169, 50038, 10914, 272331], 'deal_power': [182.81, 178.93, 69.64, 68.33, 147.87, 66.46, 169.78, 81.99, 122.85, 50.77, 82.4, 125.93, 111.85, 87.03, 91.2, 66.61, 112.39, 221.89, 92.47, 77.87, 119.51]}
['20190801', '20190800', '20190799', '20190798', '20190797', '20190796']
['004990']
20190796
['20190801']
{'stock_no': [], 'deal_power': []}
{'stock_no': [], 'deal_power': []}
timer600틱 끝 timer1 재시작
timer600틱 시작 timer1 중지
-----
10분에 한번씩 클럭 발생::체결강도 전송 실행시간 : 13:38:52
계좌평가잔고내역요청 전송
000120;000810;001040;002380;002790;003670;005380;006280;008560;009540;011070;017670;024110;034730;035250;069960;078340;097950;139480;267250;316140;
21
{'stock_no': ['000120', '000810', '001040', '002380', '002790', '003670', '005380', '006280', '008560', '009540', '011070', '017670', '024110', '034730', '035250', '069960', '078340', '097950', '139480', '267250', '316140'], 'stock_name': ['CJ대한통운', '삼성화재', 'CJ', 'KCC', '아모레G', '포스코케미칼', '현대차', '녹십자', '메리츠종금증권', '한국조선해양', 'LG이노텍', 'SK텔레콤', '기업은행', 'SK', '강원랜드', '현대백화점', '컴투스', 'CJ제일제당', '이마트', '현대중공업지주', '우리금융지주'], 'market_in_price': [137500, 272500, 103000, 278500, 66700, 55600, 142500, 127000, 5600, 123500, 117500, 262000, 14150, 239000, 31050, 81500, 104800, 301000, 144500, 336000, 14100], 'myhave_cnt': [8, 5, 14, 4, 17, 21, 10, 9, 266, 12, 9, 5, 84, 6, 48, 14, 14, 4, 8, 3, 84], 'run_price': [138000, 263000, 91500, 240500, 55100, 48000, 128000, 106500, 5020, 106500, 110000, 244000, 13200, 215000, 30650, 74500, 89300, 287000, 120500, 320000, 13100], 'sell_price': [138500, 263500, 91500, 241000, 55200, 48050, 128000, 107000, 5020, 107000, 110500, 244500, 13250, 215500, 30650, 74600, 89300, 287000, 120500, 320500, 13150], 'sell_cnt': [1552, 2541, 798, 103, 280, 131, 10603, 598, 3471, 7063, 1308, 9555, 106137, 3108, 7010, 250, 177, 193, 5570, 1099, 80244], 'buy_price': [138000, 263000, 91400, 240500, 55100, 48000, 127500, 106500, 5010, 106500, 110000, 244000, 13200, 215000, 30600, 74500, 89200, 286500, 120000, 320000, 13100], 'buy_cnt': [278, 691, 1151, 204, 50, 55, 20119, 41, 177, 10162, 1040, 3318, 43285, 4086, 2939, 118, 29, 236, 5802, 73, 74287], 'vol_cnt': [19827, 38439, 31462, 8357, 242123, 123537, 262938, 14396, 611718, 83146, 83549, 118062, 238886, 66588, 130335, 27045, 18533, 12158, 51036, 11421, 276974], 'deal_power': [173.01, 168.6, 69.89, 66.13, 148.53, 66.84, 170.11, 80.97, 120.83, 50.66, 81.94, 111.93, 107.78, 84.47, 91.34, 65.35, 111.96, 244.35, 92.94, 78.18, 118.59]}
['20190801', '20190800', '20190799', '20190798', '20190797', '20190796']
['004990']
20190796
['20190801']
{'stock_no': [], 'deal_power': []}
{'stock_no': [], 'deal_power': []}
timer600틱 끝 timer1 재시작
timer600틱 시작 timer1 중지
-----
10분에 한번씩 클럭 발생::체결강도 전송 실행시간 : 13:48:52
계좌평가잔고내역요청 전송
000120;000810;001040;002380;002790;003670;005380;006280;008560;009540;011070;017670;024110;034730;035250;069960;078340;097950;139480;267250;316140;
21
{'stock_no': ['000120', '000810', '001040', '002380', '002790', '003670', '005380', '006280', '008560', '009540', '011070', '017670', '024110', '034730', '035250', '069960', '078340', '097950', '139480', '267250', '316140'], 'stock_name': ['CJ대한통운', '삼성화재', 'CJ', 'KCC', '아모레G', '포스코케미칼', '현대차', '녹십자', '메리츠종금증권', '한국조선해양', 'LG이노텍', 'SK텔레콤', '기업은행', 'SK', '강원랜드', '현대백화점', '컴투스', 'CJ제일제당', '이마트', '현대중공업지주', '우리금융지주'], 'market_in_price': [137500, 272500, 103000, 278500, 66700, 55600, 142500, 127000, 5600, 123500, 117500, 262000, 14150, 239000, 31050, 81500, 104800, 301000, 144500, 336000, 14100], 'myhave_cnt': [8, 5, 14, 4, 17, 21, 10, 9, 266, 12, 9, 5, 84, 6, 48, 14, 14, 4, 8, 3, 84], 'run_price': [138000, 263000, 91500, 240000, 55100, 47900, 128000, 106500, 5010, 106500, 110000, 243500, 13150, 215000, 30650, 74400, 89300, 287000, 120500, 320500, 13100], 'sell_price': [138000, 263500, 91500, 240500, 55200, 47950, 128000, 107000, 5010, 107000, 110500, 244000, 13200, 215500, 30650, 74500, 89300, 287000, 120500, 320500, 13150], 'sell_cnt': [2109, 2885, 1457, 250, 284, 139, 13558, 523, 3625, 7293, 1623, 7205, 55607, 744, 6492, 151, 24, 263, 6314, 1085, 95530], 'buy_price': [137500, 263000, 91400, 240000, 55000, 47900, 127500, 106500, 5000, 106500, 110000, 243500, 13150, 215000, 30600, 74400, 89200, 286500, 120000, 320000, 13100], 'buy_cnt': [927, 772, 617, 161, 1737, 872, 21352, 9, 9837, 7605, 695, 4493, 46617, 2197, 1625, 154, 40, 289, 5080, 37, 76371], 'vol_cnt': [21529, 39044, 32162, 8509, 244212, 126496, 268156, 14802, 619100, 86637, 84691, 123342, 288772, 71023, 134963, 27514, 19296, 12418, 52349, 11918, 279665], 'deal_power': [152.36, 167.97, 68.29, 64.53, 148.23, 66.17, 168.7, 82.86, 121.47, 50.67, 82.1, 103.7, 77.29, 82.55, 87.94, 63.99, 111.09, 246.33, 91.26, 78.95, 118.56]}
['20190801', '20190800', '20190799', '20190798', '20190797', '20190796']
['004990']
20190796
['20190801']
{'stock_no': [], 'deal_power': []}
{'stock_no': [], 'deal_power': []}
timer600틱 끝 timer1 재시작
timer600틱 시작 timer1 중지
-----
10분에 한번씩 클럭 발생::체결강도 전송 실행시간 : 13:58:52
계좌평가잔고내역요청 전송
000120;000810;001040;002380;002790;003670;005380;006280;008560;009540;011070;017670;024110;034730;035250;069960;078340;097950;139480;267250;316140;
21
{'stock_no': ['000120', '000810', '001040', '002380', '002790', '003670', '005380', '006280', '008560', '009540', '011070', '017670', '024110', '034730', '035250', '069960', '078340', '097950', '139480', '267250', '316140'], 'stock_name': ['CJ대한통운', '삼성화재', 'CJ', 'KCC', '아모레G', '포스코케미칼', '현대차', '녹십자', '메리츠종금증권', '한국조선해양', 'LG이노텍', 'SK텔레콤', '기업은행', 'SK', '강원랜드', '현대백화점', '컴투스', 'CJ제일제당', '이마트', '현대중공업지주', '우리금융지주'], 'market_in_price': [137500, 272500, 103000, 278500, 66700, 55600, 142500, 127000, 5600, 123500, 117500, 262000, 14150, 239000, 31050, 81500, 104800, 301000, 144500, 336000, 14100], 'myhave_cnt': [8, 5, 14, 4, 17, 21, 10, 9, 266, 12, 9, 5, 84, 6, 48, 14, 14, 4, 8, 3, 84], 'run_price': [137500, 263000, 91500, 240000, 55200, 47900, 127500, 106000, 5010, 106500, 110000, 244000, 13150, 215500, 30650, 74200, 89600, 287000, 120500, 319000, 13100], 'sell_price': [138000, 263500, 91600, 240500, 55400, 47950, 127500, 106500, 5010, 106500, 110500, 244000, 13200, 215500, 30650, 74300, 89600, 287000, 120500, 319500, 13150], 'sell_cnt': [2317, 2761, 713, 301, 39, 331, 9096, 571, 7025, 1920, 1251, 3309, 69833, 2464, 6417, 1005, 7, 553, 6570, 1021, 101915], 'buy_price': [137500, 263000, 91500, 240000, 55200, 47900, 127000, 106000, 5000, 106000, 110000, 243500, 13150, 215000, 30600, 74200, 89500, 286500, 120000, 319000, 13100], 'buy_cnt': [381, 920, 146, 84, 1025, 127, 13830, 1888, 13915, 14972, 1334, 18272, 49525, 751, 575, 234, 123, 124, 2193, 143, 73391], 'vol_cnt': [22701, 39757, 34266, 8621, 247702, 130016, 280461, 14913, 625452, 95582, 85825, 133306, 295012, 73420, 139508, 28116, 20466, 13059, 53502, 12697, 292520], 'deal_power': [146.74, 168.87, 72.88, 63.67, 148.76, 66.35, 158.72, 82.12, 122.16, 47.0, 82.24, 96.19, 76.53, 80.16, 84.6, 62.76, 115.45, 222.15, 90.61, 76.17, 115.58]}
['20190801', '20190800', '20190799', '20190798', '20190797', '20190796']
['004990']
20190796
['20190801']
{'stock_no': [], 'deal_power': []}
{'stock_no': [], 'deal_power': []}
timer600틱 끝 timer1 재시작
timer600틱 시작 timer1 중지
-----
10분에 한번씩 클럭 발생::체결강도 전송 실행시간 : 14:08:52
계좌평가잔고내역요청 전송
000120;000810;001040;002380;002790;003670;005380;006280;008560;009540;011070;017670;024110;034730;035250;069960;078340;097950;139480;267250;316140;
21
{'stock_no': ['000120', '000810', '001040', '002380', '002790', '003670', '005380', '006280', '008560', '009540', '011070', '017670', '024110', '034730', '035250', '069960', '078340', '097950', '139480', '267250', '316140'], 'stock_name': ['CJ대한통운', '삼성화재', 'CJ', 'KCC', '아모레G', '포스코케미칼', '현대차', '녹십자', '메리츠종금증권', '한국조선해양', 'LG이노텍', 'SK텔레콤', '기업은행', 'SK', '강원랜드', '현대백화점', '컴투스', 'CJ제일제당', '이마트', '현대중공업지주', '우리금융지주'], 'market_in_price': [137500, 272500, 103000, 278500, 66700, 55600, 142500, 127000, 5600, 123500, 117500, 262000, 14150, 239000, 31050, 81500, 104800, 301000, 144500, 336000, 14100], 'myhave_cnt': [8, 5, 14, 4, 17, 21, 10, 9, 266, 12, 9, 5, 84, 6, 48, 14, 14, 4, 8, 3, 84], 'run_price': [138000, 264000, 91900, 242000, 56300, 48250, 128000, 107500, 4995, 106500, 111000, 244500, 13200, 215000, 30600, 75100, 90300, 287000, 120500, 319500, 13100], 'sell_price': [138000, 264000, 91900, 242500, 56400, 48250, 128000, 107500, 5000, 107000, 111500, 245000, 13200, 215500, 30600, 75200, 90300, 287000, 121000, 319500, 13150], 'sell_cnt': [3143, 401, 128, 89, 290, 359, 18571, 1231, 22505, 5964, 3601, 6790, 73142, 2262, 3828, 7, 51, 603, 2138, 1239, 114250], 'buy_price': [137500, 263500, 91800, 242000, 56300, 48200, 127500, 107000, 4995, 106500, 111000, 244500, 13150, 215000, 30550, 75100, 90200, 286500, 120500, 319000, 13100], 'buy_cnt': [2251, 2055, 556, 145, 15, 297, 5348, 653, 6891, 3367, 687, 415, 68706, 3051, 6459, 1212, 37, 465, 3192, 881, 88170], 'vol_cnt': [23823, 45411, 35997, 9452, 261305, 134068, 292547, 15446, 720606, 103811, 89840, 138951, 302045, 77761, 147029, 31382, 23290, 14160, 60817, 13215, 295979], 'deal_power': [140.3, 200.89, 78.31, 77.27, 154.22, 69.23, 165.88, 85.85, 122.94, 51.72, 86.04, 102.9, 75.55, 79.07, 83.9, 78.12, 125.19, 189.0, 114.35, 76.78, 115.13]}
['20190801', '20190800', '20190799', '20190798', '20190797', '20190796']
['004990']
20190796
['20190801']
{'stock_no': [], 'deal_power': []}
{'stock_no': [], 'deal_power': []}
timer600틱 끝 timer1 재시작
timer600틱 시작 timer1 중지
-----
10분에 한번씩 클럭 발생::체결강도 전송 실행시간 : 14:18:52
계좌평가잔고내역요청 전송
000120;000810;001040;002380;002790;003670;005380;006280;008560;009540;011070;017670;024110;034730;035250;069960;078340;097950;139480;267250;316140;
21
{'stock_no': ['000120', '000810', '001040', '002380', '002790', '003670', '005380', '006280', '008560', '009540', '011070', '017670', '024110', '034730', '035250', '069960', '078340', '097950', '139480', '267250', '316140'], 'stock_name': ['CJ대한통운', '삼성화재', 'CJ', 'KCC', '아모레G', '포스코케미칼', '현대차', '녹십자', '메리츠종금증권', '한국조선해양', 'LG이노텍', 'SK텔레콤', '기업은행', 'SK', '강원랜드', '현대백화점', '컴투스', 'CJ제일제당', '이마트', '현대중공업지주', '우리금융지주'], 'market_in_price': [137500, 272500, 103000, 278500, 66700, 55600, 142500, 127000, 5600, 123500, 117500, 262000, 14150, 239000, 31050, 81500, 104800, 301000, 144500, 336000, 14100], 'myhave_cnt': [8, 5, 14, 4, 17, 21, 10, 9, 266, 12, 9, 5, 84, 6, 48, 14, 14, 4, 8, 3, 84], 'run_price': [138500, 263000, 91800, 242000, 56800, 48300, 127500, 107000, 4995, 107000, 111000, 244000, 13200, 216000, 30600, 74700, 90200, 287000, 120500, 319500, 13150], 'sell_price': [138500, 263000, 91800, 242000, 56900, 48300, 127500, 107500, 4995, 107000, 111500, 244000, 13200, 216000, 30600, 74800, 90200, 287000, 121000, 319500, 13150], 'sell_cnt': [2343, 1397, 365, 3, 480, 219, 13638, 1412, 1654, 4972, 4403, 3659, 86823, 3508, 10531, 138, 9, 971, 3218, 1443, 111988], 'buy_price': [138000, 262500, 91700, 241500, 56800, 48250, 127000, 107000, 4990, 106500, 111000, 243500, 13150, 215500, 30550, 74700, 90100, 286500, 120500, 319000, 13100], 'buy_cnt': [1639, 956, 560, 414, 39, 435, 16080, 867, 29274, 8997, 1192, 3215, 66008, 1646, 4637, 829, 45, 339, 4539, 862, 95171], 'vol_cnt': [28250, 53635, 36613, 9957, 277178, 137740, 303522, 15589, 748002, 106695, 91143, 142192, 308283, 84066, 149053, 33922, 23923, 14454, 61819, 13673, 304450], 'deal_power': [167.5, 179.72, 78.33, 80.21, 153.83, 70.89, 157.54, 85.03, 123.91, 53.5, 85.8, 99.96, 75.18, 83.08, 83.98, 73.65, 124.75, 189.62, 114.82, 78.64, 112.8]}
['20190801', '20190800', '20190799', '20190798', '20190797', '20190796']
['004990']
20190796
['20190801']
{'stock_no': [], 'deal_power': []}
{'stock_no': [], 'deal_power': []}
timer600틱 끝 timer1 재시작
timer600틱 시작 timer1 중지
-----
10분에 한번씩 클럭 발생::체결강도 전송 실행시간 : 14:28:52
계좌평가잔고내역요청 전송
000120;000810;001040;002380;002790;003670;005380;006280;008560;009540;011070;017670;024110;034730;035250;069960;078340;097950;139480;267250;316140;
21
{'stock_no': ['000120', '000810', '001040', '002380', '002790', '003670', '005380', '006280', '008560', '009540', '011070', '017670', '024110', '034730', '035250', '069960', '078340', '097950', '139480', '267250', '316140'], 'stock_name': ['CJ대한통운', '삼성화재', 'CJ', 'KCC', '아모레G', '포스코케미칼', '현대차', '녹십자', '메리츠종금증권', '한국조선해양', 'LG이노텍', 'SK텔레콤', '기업은행', 'SK', '강원랜드', '현대백화점', '컴투스', 'CJ제일제당', '이마트', '현대중공업지주', '우리금융지주'], 'market_in_price': [137500, 272500, 103000, 278500, 66700, 55600, 142500, 127000, 5600, 123500, 117500, 262000, 14150, 239000, 31050, 81500, 104800, 301000, 144500, 336000, 14100], 'myhave_cnt': [8, 5, 14, 4, 17, 21, 10, 9, 266, 12, 9, 5, 84, 6, 48, 14, 14, 4, 8, 3, 84], 'run_price': [138000, 263000, 91700, 242000, 57000, 48200, 127500, 106500, 4995, 107000, 110000, 243500, 13200, 215500, 30550, 74900, 90200, 287000, 120500, 319500, 13150], 'sell_price': [138500, 263000, 91700, 242500, 57100, 48250, 127500, 107000, 4995, 107000, 110500, 244000, 13200, 215500, 30550, 74900, 90200, 287000, 121000, 319500, 13150], 'sell_cnt': [2541, 619, 1598, 252, 995, 17, 13857, 929, 10532, 5712, 531, 5658, 76926, 2472, 3500, 1773, 45, 755, 4224, 1088, 106583], 'buy_price': [138000, 262500, 91600, 242000, 57000, 48200, 127000, 106500, 4990, 106500, 110000, 243500, 13150, 215000, 30500, 74700, 90100, 286500, 120500, 319000, 13100], 'buy_cnt': [1479, 2138, 229, 60, 46, 232, 16682, 999, 39739, 7077, 1946, 2877, 63868, 3621, 2822, 477, 17, 381, 4878, 510, 98779], 'vol_cnt': [29630, 54176, 37488, 10057, 299350, 140961, 308158, 16030, 776734, 113505, 95007, 144567, 315894, 87361, 161909, 34709, 24591, 14903, 62746, 14279, 310240], 'deal_power': [165.62, 181.93, 80.06, 80.03, 158.89, 69.49, 158.8, 81.41, 116.75, 59.88, 82.02, 100.13, 74.9, 79.97, 82.98, 73.35, 124.75, 194.62, 114.73, 80.05, 111.97]}
['20190801', '20190800', '20190799', '20190798', '20190797', '20190796']
['004990']
20190796
['20190801']
{'stock_no': [], 'deal_power': []}
{'stock_no': [], 'deal_power': []}
timer600틱 끝 timer1 재시작
timer600틱 시작 timer1 중지
-----
10분에 한번씩 클럭 발생::체결강도 전송 실행시간 : 14:38:52
계좌평가잔고내역요청 전송
000120;000810;001040;002380;002790;003670;005380;006280;008560;009540;011070;017670;024110;034730;035250;069960;078340;097950;139480;267250;316140;
21
{'stock_no': ['000120', '000810', '001040', '002380', '002790', '003670', '005380', '006280', '008560', '009540', '011070', '017670', '024110', '034730', '035250', '069960', '078340', '097950', '139480', '267250', '316140'], 'stock_name': ['CJ대한통운', '삼성화재', 'CJ', 'KCC', '아모레G', '포스코케미칼', '현대차', '녹십자', '메리츠종금증권', '한국조선해양', 'LG이노텍', 'SK텔레콤', '기업은행', 'SK', '강원랜드', '현대백화점', '컴투스', 'CJ제일제당', '이마트', '현대중공업지주', '우리금융지주'], 'market_in_price': [137500, 272500, 103000, 278500, 66700, 55600, 142500, 127000, 5600, 123500, 117500, 262000, 14150, 239000, 31050, 81500, 104800, 301000, 144500, 336000, 14100], 'myhave_cnt': [8, 5, 14, 4, 17, 21, 10, 9, 266, 12, 9, 5, 84, 6, 48, 14, 14, 4, 8, 3, 84], 'run_price': [138500, 263500, 91700, 242500, 56600, 48150, 128000, 106500, 4995, 106500, 110500, 244000, 13200, 215500, 30550, 74600, 89800, 287000, 120500, 319500, 13150], 'sell_price': [138500, 264000, 91700, 242500, 56700, 48200, 128000, 107000, 4995, 107000, 110500, 244000, 13200, 215500, 30550, 74700, 89800, 287000, 121000, 319500, 13150], 'sell_cnt': [3000, 635, 1972, 318, 413, 560, 18747, 991, 2090, 7585, 173, 6650, 83735, 1234, 7674, 85, 105, 680, 5498, 1333, 114889], 'buy_price': [138000, 263500, 91600, 242000, 56600, 48150, 127500, 106500, 4990, 106500, 110000, 243500, 13150, 215000, 30500, 74600, 89700, 286500, 120500, 319000, 13100], 'buy_cnt': [378, 2341, 188, 161, 90, 45, 7525, 1052, 18067, 10072, 3200, 6596, 64506, 3912, 4931, 151, 108, 474, 4821, 777, 104754], 'vol_cnt': [31054, 57441, 38308, 10142, 310946, 143670, 321674, 16236, 792462, 115519, 97626, 147264, 327006, 92509, 164175, 35957, 25614, 15217, 64233, 14914, 325858], 'deal_power': [159.73, 191.2, 80.86, 80.24, 161.75, 68.6, 167.26, 80.16, 120.49, 60.56, 82.05, 100.0, 76.36, 82.98, 85.09, 70.59, 120.7, 195.34, 114.79, 82.25, 115.9]}
['20190801', '20190800', '20190799', '20190798', '20190797', '20190796']
['004990']
20190796
['20190801']
{'stock_no': [], 'deal_power': []}
{'stock_no': [], 'deal_power': []}
timer600틱 끝 timer1 재시작
timer600틱 시작 timer1 중지
-----
10분에 한번씩 클럭 발생::체결강도 전송 실행시간 : 14:48:52
계좌평가잔고내역요청 전송
000120;000810;001040;002380;002790;003670;005380;006280;008560;009540;011070;017670;024110;034730;035250;069960;078340;097950;139480;267250;316140;
21
{'stock_no': ['000120', '000810', '001040', '002380', '002790', '003670', '005380', '006280', '008560', '009540', '011070', '017670', '024110', '034730', '035250', '069960', '078340', '097950', '139480', '267250', '316140'], 'stock_name': ['CJ대한통운', '삼성화재', 'CJ', 'KCC', '아모레G', '포스코케미칼', '현대차', '녹십자', '메리츠종금증권', '한국조선해양', 'LG이노텍', 'SK텔레콤', '기업은행', 'SK', '강원랜드', '현대백화점', '컴투스', 'CJ제일제당', '이마트', '현대중공업지주', '우리금융지주'], 'market_in_price': [137500, 272500, 103000, 278500, 66700, 55600, 142500, 127000, 5600, 123500, 117500, 262000, 14150, 239000, 31050, 81500, 104800, 301000, 144500, 336000, 14100], 'myhave_cnt': [8, 5, 14, 4, 17, 21, 10, 9, 266, 12, 9, 5, 84, 6, 48, 14, 14, 4, 8, 3, 84], 'run_price': [138500, 264000, 91500, 241000, 56200, 47900, 127500, 106500, 4995, 106500, 110000, 244000, 13150, 215500, 30500, 74600, 89000, 287000, 121000, 318000, 13150], 'sell_price': [138500, 264000, 91500, 241500, 56200, 47950, 128000, 106500, 4995, 107000, 110500, 244000, 13200, 215500, 30550, 74700, 89000, 287000, 121000, 318500, 13150], 'sell_cnt': [2728, 431, 874, 231, 4098, 947, 17642, 85, 35875, 7416, 1589, 5541, 85249, 1659, 10913, 215, 95, 643, 6278, 1121, 138006], 'buy_price': [138000, 263500, 91400, 241000, 56100, 47900, 127500, 106000, 4990, 106500, 110000, 243500, 13150, 215000, 30500, 74600, 88900, 286500, 120500, 318000, 13100], 'buy_cnt': [2515, 3276, 175, 23, 231, 226, 7666, 1766, 6622, 8207, 1860, 6735, 63629, 5374, 4468, 119, 52, 368, 5872, 504, 81062], 'vol_cnt': [32313, 58461, 40402, 10585, 318300, 148563, 327392, 17272, 835872, 118477, 99063, 149341, 338338, 96164, 168814, 36551, 26364, 15826, 65666, 16296, 336580], 'deal_power': [151.85, 192.67, 83.49, 75.8, 160.74, 66.95, 168.13, 81.93, 113.13, 61.86, 82.03, 100.52, 76.78, 84.48, 87.95, 69.17, 121.03, 186.04, 116.24, 77.44, 110.73]}
['20190801', '20190800', '20190799', '20190798', '20190797', '20190796']
['004990']
20190796
['20190801']
{'stock_no': [], 'deal_power': []}
{'stock_no': [], 'deal_power': []}
timer600틱 끝 timer1 재시작
timer600틱 시작 timer1 중지
-----
10분에 한번씩 클럭 발생::체결강도 전송 실행시간 : 14:58:52
계좌평가잔고내역요청 전송
000120;000810;001040;002380;002790;003670;005380;006280;008560;009540;011070;017670;024110;034730;035250;069960;078340;097950;139480;267250;316140;
21
{'stock_no': ['000120', '000810', '001040', '002380', '002790', '003670', '005380', '006280', '008560', '009540', '011070', '017670', '024110', '034730', '035250', '069960', '078340', '097950', '139480', '267250', '316140'], 'stock_name': ['CJ대한통운', '삼성화재', 'CJ', 'KCC', '아모레G', '포스코케미칼', '현대차', '녹십자', '메리츠종금증권', '한국조선해양', 'LG이노텍', 'SK텔레콤', '기업은행', 'SK', '강원랜드', '현대백화점', '컴투스', 'CJ제일제당', '이마트', '현대중공업지주', '우리금융지주'], 'market_in_price': [137500, 272500, 103000, 278500, 66700, 55600, 142500, 127000, 5600, 123500, 117500, 262000, 14150, 239000, 31050, 81500, 104800, 301000, 144500, 336000, 14100], 'myhave_cnt': [8, 5, 14, 4, 17, 21, 10, 9, 266, 12, 9, 5, 84, 6, 48, 14, 14, 4, 8, 3, 84], 'run_price': [138000, 263500, 91500, 240000, 55800, 47650, 127000, 106500, 4975, 107000, 110000, 243500, 13150, 214500, 30500, 74400, 89000, 287000, 120500, 318500, 13100], 'sell_price': [138500, 264000, 91500, 240500, 55900, 47650, 127000, 107000, 4975, 107000, 110000, 244000, 13200, 215000, 30550, 74500, 89100, 287000, 121000, 318500, 13150], 'sell_cnt': [3301, 1595, 868, 235, 3935, 676, 2731, 1899, 41285, 6494, 666, 3657, 88145, 156, 10109, 79, 7, 870, 6623, 1130, 134391], 'buy_price': [138000, 263500, 91400, 240000, 55800, 47600, 126500, 106500, 4970, 106500, 109500, 243500, 13150, 214500, 30500, 74400, 89000, 286500, 120500, 318000, 13100], 'buy_cnt': [27, 3138, 948, 206, 141, 2331, 19883, 160, 5508, 10901, 2467, 4290, 22116, 1658, 1936, 342, 46, 487, 5279, 321, 58463], 'vol_cnt': [36844, 59685, 41970, 10777, 329841, 163165, 348882, 17650, 907308, 121633, 102771, 154336, 380327, 105432, 176180, 37530, 27038, 16143, 67548, 17010, 375801], 'deal_power': [124.24, 197.26, 85.64, 74.76, 161.71, 62.91, 152.12, 79.75, 98.55, 63.32, 80.23, 96.84, 67.61, 81.11, 83.17, 67.7, 121.98, 185.67, 116.9, 80.41, 90.34]}
['20190801', '20190800', '20190799', '20190798', '20190797', '20190796']
['004990']
20190796
['20190801']
{'stock_no': [], 'deal_power': []}
{'stock_no': [], 'deal_power': []}
timer600틱 끝 timer1 재시작
timer600틱 시작 timer1 중지
-----
10분에 한번씩 클럭 발생::체결강도 전송 실행시간 : 15:08:52
계좌평가잔고내역요청 전송
000120;000810;001040;002380;002790;003670;005380;006280;008560;009540;011070;017670;024110;034730;035250;069960;078340;097950;139480;267250;316140;
21
{'stock_no': ['000120', '000810', '001040', '002380', '002790', '003670', '005380', '006280', '008560', '009540', '011070', '017670', '024110', '034730', '035250', '069960', '078340', '097950', '139480', '267250', '316140'], 'stock_name': ['CJ대한통운', '삼성화재', 'CJ', 'KCC', '아모레G', '포스코케미칼', '현대차', '녹십자', '메리츠종금증권', '한국조선해양', 'LG이노텍', 'SK텔레콤', '기업은행', 'SK', '강원랜드', '현대백화점', '컴투스', 'CJ제일제당', '이마트', '현대중공업지주', '우리금융지주'], 'market_in_price': [137500, 272500, 103000, 278500, 66700, 55600, 142500, 127000, 5600, 123500, 117500, 262000, 14150, 239000, 31050, 81500, 104800, 301000, 144500, 336000, 14100], 'myhave_cnt': [8, 5, 14, 4, 17, 21, 10, 9, 266, 12, 9, 5, 84, 6, 48, 14, 14, 4, 8, 3, 84], 'run_price': [138000, 262500, 91400, 239500, 55300, 47650, 127000, 106500, 4970, 106500, 110500, 244000, 13150, 215000, 30500, 74500, 89100, 286500, 121000, 318500, 13150], 'sell_price': [138000, 262500, 91400, 240000, 55300, 47700, 127000, 107000, 4970, 107000, 110500, 244500, 13150, 215000, 30550, 74500, 89200, 287000, 121000, 318500, 13150], 'sell_cnt': [1505, 2247, 534, 151, 4531, 254, 13432, 1885, 29356, 5918, 1924, 4762, 71078, 586, 12926, 59, 125, 833, 6333, 1370, 126770], 'buy_price': [137500, 262000, 91300, 239500, 55200, 47650, 126500, 106500, 4965, 106500, 110000, 244000, 13100, 214500, 30500, 74400, 89100, 286500, 120500, 318000, 13100], 'buy_cnt': [2516, 1746, 1468, 272, 1059, 79, 27878, 430, 25515, 10029, 806, 53, 58828, 4525, 1420, 72, 25, 285, 5280, 633, 54023], 'vol_cnt': [38887, 63434, 43872, 11045, 345492, 174457, 363551, 18074, 946799, 124769, 105613, 160308, 416579, 110040, 181192, 38648, 27763, 17166, 69278, 17640, 397961], 'deal_power': [127.87, 176.32, 86.38, 73.64, 161.96, 63.48, 146.85, 77.61, 93.64, 65.15, 83.42, 99.48, 62.95, 80.38, 80.22, 66.76, 122.06, 173.4, 117.16, 80.49, 83.94]}
['20190801', '20190800', '20190799', '20190798', '20190797', '20190796']
['004990']
20190796
['20190801']
{'stock_no': [], 'deal_power': []}
{'stock_no': [], 'deal_power': []}
timer600틱 끝 timer1 재시작
timer600틱 시작 timer1 중지
-----
10분에 한번씩 클럭 발생::체결강도 전송 실행시간 : 15:18:52
계좌평가잔고내역요청 전송
000120;000810;001040;002380;002790;003670;005380;006280;008560;009540;011070;017670;024110;034730;035250;069960;078340;097950;139480;267250;316140;
21
{'stock_no': ['000120', '000810', '001040', '002380', '002790', '003670', '005380', '006280', '008560', '009540', '011070', '017670', '024110', '034730', '035250', '069960', '078340', '097950', '139480', '267250', '316140'], 'stock_name': ['CJ대한통운', '삼성화재', 'CJ', 'KCC', '아모레G', '포스코케미칼', '현대차', '녹십자', '메리츠종금증권', '한국조선해양', 'LG이노텍', 'SK텔레콤', '기업은행', 'SK', '강원랜드', '현대백화점', '컴투스', 'CJ제일제당', '이마트', '현대중공업지주', '우리금융지주'], 'market_in_price': [137500, 272500, 103000, 278500, 66700, 55600, 142500, 127000, 5600, 123500, 117500, 262000, 14150, 239000, 31050, 81500, 104800, 301000, 144500, 336000, 14100], 'myhave_cnt': [8, 5, 14, 4, 17, 21, 10, 9, 266, 12, 9, 5, 84, 6, 48, 14, 14, 4, 8, 3, 84], 'run_price': [138000, 264000, 91300, 240000, 55400, 47700, 127000, 106500, 4970, 107000, 110500, 244000, 13050, 215500, 30350, 74100, 89200, 286500, 121000, 318000, 13100], 'sell_price': [138000, 264000, 91400, 240000, 55500, 47700, 127000, 107000, 4970, 107500, 110500, 244000, 13100, 215500, 30400, 74100, 89200, 287000, 121000, 318500, 13150], 'sell_cnt': [1103, 1484, 254, 147, 875, 69, 10067, 1788, 4436, 7123, 294, 5661, 24338, 2102, 2859, 141, 40, 580, 5538, 945, 64339], 'buy_price': [137500, 263500, 91300, 239500, 55400, 47650, 126500, 106500, 4965, 107000, 110000, 243500, 13050, 215000, 30350, 74000, 88700, 286500, 120500, 318000, 13100], 'buy_cnt': [2436, 1710, 1188, 252, 1725, 309, 19969, 84, 7238, 232, 907, 9542, 107394, 508, 449, 93, 258, 512, 4255, 1101, 30750], 'vol_cnt': [41142, 67888, 45744, 11343, 358676, 182152, 385111, 18638, 1038696, 135597, 110030, 162843, 472603, 116050, 209694, 41479, 28783, 18604, 71655, 18379, 521288], 'deal_power': [122.43, 179.12, 86.95, 72.37, 166.38, 63.9, 143.27, 74.86, 99.99, 72.53, 88.48, 99.2, 54.5, 84.96, 90.04, 71.27, 117.03, 154.6, 120.77, 84.54, 81.75]}
['20190801', '20190800', '20190799', '20190798', '20190797', '20190796']
['004990']
20190796
['20190801']
{'stock_no': [], 'deal_power': []}
{'stock_no': [], 'deal_power': []}
timer600틱 끝 timer1 재시작
4
장종료 알림 4, 8
8
장종료 알림 4, 8
