계좌평가잔고내역요청 전송
000810;001040;002380;004990;005380;006280;008560;009540;010950;017670;024110;034730;035250;035420;078340;096770;097950;098460;128940;139480;267250;316140;
22
{'stock_no': ['000810', '001040', '002380', '004990', '005380', '006280', '008560', '009540', '010950', '017670', '024110', '034730', '035250', '035420', '078340', '096770', '097950', '098460', '128940', '139480', '267250', '316140'], 'stock_name': ['삼성화재', 'CJ', 'KCC', '롯데지주', '현대차', '녹십자', '메리츠종금증권', '한국조선해양', 'S-Oil', 'SK텔레콤', '기업은행', 'SK', '강원랜드', 'NAVER', '컴투스', 'SK이노베이션', 'CJ제일제당', '고영', '한미약품', '이마트', '현대중공업지주', '우리금융지주'], 'market_in_price': [272500, 103000, 278500, 44750, 142500, 127000, 5600, 123500, 83800, 262000, 14150, 239000, 31050, 115000, 104800, 162500, 301000, 82200, 412000, 144500, 331000, 14100], 'myhave_cnt': [5, 14, 4, 33, 10, 9, 266, 12, 17, 5, 84, 6, 48, 13, 14, 9, 4, 14, 2, 8, 4, 84], 'run_price': [269000, 101000, 276000, 44150, 141000, 125500, 5450, 119000, 84300, 257000, 14100, 232000, 30300, 114500, 101600, 161500, 298000, 83900, 418000, 144000, 325000, 14000], 'sell_price': [269000, 101500, 277000, 44200, 140500, 125500, 5450, 119000, 84300, 257000, 14100, 233000, 30350, 114500, 102500, 162000, 296000, 84000, 418000, 144000, 325500, 14050], 'sell_cnt': [5, 646, 1, 340, 210, 191, 169, 360, 144, 51, 472, 503, 2, 3, 7, 278, 1, 12, 1, 351, 11, 1752], 'buy_price': [268500, 101000, 276000, 44150, 140000, 124000, 5380, 118500, 83300, 256000, 14050, 231000, 30100, 114000, 102200, 161500, 294000, 83900, 414500, 143000, 322000, 14000], 'buy_cnt': [51, 782, 106, 119, 279, 226, 3622, 1703, 159, 812, 3360, 21, 286, 157, 41, 915, 43, 2, 14, 88, 77, 12953], 'vol_cnt': [0, 0, 0, 0, 0, 0, 0, 101, 0, 1, 0, 0, 0, 0, 0, 0, 0, 0, 1, 21, 0, 0], 'deal_power': [0.0, 0.0, 0.0, 0.0, 0.0, 0.0, 0.0, 500.0, 0.0, 0.0, 0.0, 0.0, 0.0, 0.0, 0.0, 0.0, 0.0, 0.0, 0.0, 500.0, 0.0, 0.0]}
-----
자동주문 버튼 True 실행시간 : 08:58:52
자동주문 클릭시 timer1 시작
자동주문 클릭시 timer600 시작
계좌평가잔고내역요청 전송
000810;001040;002380;004990;005380;006280;008560;009540;010950;017670;024110;034730;035250;035420;078340;096770;097950;098460;128940;139480;267250;316140;
22
{'stock_no': ['000810', '001040', '002380', '004990', '005380', '006280', '008560', '009540', '010950', '017670', '024110', '034730', '035250', '035420', '078340', '096770', '097950', '098460', '128940', '139480', '267250', '316140'], 'stock_name': ['삼성화재', 'CJ', 'KCC', '롯데지주', '현대차', '녹십자', '메리츠종금증권', '한국조선해양', 'S-Oil', 'SK텔레콤', '기업은행', 'SK', '강원랜드', 'NAVER', '컴투스', 'SK이노베이션', 'CJ제일제당', '고영', '한미약품', '이마트', '현대중공업지주', '우리금융지주'], 'market_in_price': [272500, 103000, 278500, 44750, 142500, 127000, 5600, 123500, 83800, 262000, 14150, 239000, 31050, 115000, 104800, 162500, 301000, 82200, 412000, 144500, 331000, 14100], 'myhave_cnt': [5, 14, 4, 33, 10, 9, 266, 12, 17, 5, 84, 6, 48, 13, 14, 9, 4, 14, 2, 8, 4, 84], 'run_price': [269000, 101000, 276000, 44150, 141000, 125500, 5450, 119000, 84300, 257000, 14100, 232000, 30300, 114500, 101600, 161500, 298000, 83900, 418000, 144000, 325000, 14000], 'sell_price': [269000, 101500, 277000, 44200, 140000, 125500, 5460, 119000, 84300, 257000, 14100, 233000, 30350, 114500, 102500, 162000, 296000, 84000, 418000, 143500, 325000, 14050], 'sell_cnt': [26, 646, 1, 340, 9, 191, 738, 360, 144, 52, 467, 503, 2, 3, 7, 278, 1, 12, 6, 13, 1, 1752], 'buy_price': [268500, 101000, 276000, 44150, 139500, 124500, 5450, 118500, 83300, 256000, 14050, 231000, 30100, 114000, 102200, 161500, 295000, 83900, 415000, 143000, 322500, 14000], 'buy_cnt': [66, 865, 111, 119, 2889, 4, 203, 1703, 58, 1140, 2279, 72, 870, 307, 41, 894, 1, 2, 20, 95, 14, 11739], 'vol_cnt': [0, 0, 0, 0, 0, 0, 0, 101, 0, 1, 0, 0, 0, 0, 0, 0, 0, 0, 1, 21, 0, 0], 'deal_power': [0.0, 0.0, 0.0, 0.0, 0.0, 0.0, 0.0, 500.0, 0.0, 0.0, 0.0, 0.0, 0.0, 0.0, 0.0, 0.0, 0.0, 0.0, 0.0, 500.0, 0.0, 0.0]}
-----
자동주문 버튼 True 실행시간 : 08:59:15
자동주문 클릭시 timer1 시작
자동주문 클릭시 timer600 시작
3
장시작 알림 3
장시작 알림 3 timer1 재시작
장시작 알림 3 timer600 재시작
timer600틱 시작 timer1 중지
-----
10분에 한번씩 클럭 발생::체결강도 전송 실행시간 : 09:10:00
계좌평가잔고내역요청 전송
000810;001040;002380;004990;005380;006280;008560;009540;010950;017670;024110;034730;035250;035420;078340;096770;097950;098460;128940;139480;267250;316140;
22
{'stock_no': ['000810', '001040', '002380', '004990', '005380', '006280', '008560', '009540', '010950', '017670', '024110', '034730', '035250', '035420', '078340', '096770', '097950', '098460', '128940', '139480', '267250', '316140'], 'stock_name': ['삼성화재', 'CJ', 'KCC', '롯데지주', '현대차', '녹십자', '메리츠종금증권', '한국조선해양', 'S-Oil', 'SK텔레콤', '기업은행', 'SK', '강원랜드', 'NAVER', '컴투스', 'SK이노베이션', 'CJ제일제당', '고영', '한미약품', '이마트', '현대중공업지주', '우리금융지주'], 'market_in_price': [272500, 103000, 278500, 44750, 142500, 127000, 5600, 123500, 83800, 262000, 14150, 239000, 31050, 115000, 104800, 162500, 301000, 82200, 412000, 144500, 331000, 14100], 'myhave_cnt': [5, 14, 4, 33, 10, 9, 266, 12, 17, 5, 84, 6, 48, 13, 14, 9, 4, 14, 2, 8, 4, 84], 'run_price': [268500, 101000, 277500, 44000, 138000, 124500, 5440, 119000, 83900, 258500, 14000, 231000, 30200, 113500, 100600, 161500, 295000, 82200, 413000, 142500, 322000, 14000], 'sell_price': [268500, 101000, 277500, 44050, 138500, 124500, 5450, 119000, 84000, 258500, 14000, 231000, 30250, 114000, 100700, 161500, 295000, 82200, 413000, 142500, 322500, 14000], 'sell_cnt': [1001, 1007, 37, 631, 2596, 118, 3862, 1029, 943, 1097, 17107, 408, 745, 11495, 106, 5962, 141, 418, 115, 84, 187, 21172], 'buy_price': [268000, 100500, 277000, 43950, 138000, 124000, 5440, 118500, 83900, 258000, 13950, 230500, 30200, 113500, 100600, 161000, 294500, 82100, 412500, 142000, 322000, 13950], 'buy_cnt': [2210, 2654, 22, 59, 510, 445, 3922, 807, 334, 603, 77995, 1081, 160, 5581, 190, 1554, 206, 44, 32, 5364, 124, 26338], 'vol_cnt': [2771, 1879, 369, 3697, 35748, 950, 37227, 3920, 12720, 6678, 78611, 1544, 10052, 7644, 1070, 11101, 550, 2367, 1595, 8287, 982, 17695], 'deal_power': [123.15, 9.36, 77.84, 18.09, 24.77, 26.75, 43.95, 90.3, 57.34, 80.14, 5.84, 41.5, 95.34, 76.51, 59.89, 44.71, 29.81, 47.82, 23.66, 41.41, 16.45, 118.4]}
{'stock_no': [], 'deal_power': []}
timer600틱 끝 timer1 재시작
-----
매도종목검색 실행시간 : 09:13:52
sell_item_list.append(strCode)
010950
83800
84300
483.37620000000004
83816.6238
목표수익 도달 청산
9004
['010950']
[8]
['010950']
[17]
Tue Jul  2 09:13:52 2019
['전송', 1, '010950', 17, 84300, '']
전송
Tue Jul  2 09:13:53 2019
['접수', 1, '010950', 17, 84300, '0003579']
접수
Tue Jul  2 09:13:54 2019
['체결', 1, '010950', 17, 84300, '0003579']
체결
True
['전송vs체결수량OK']
['접수vs체결수량OK']
True
접수vs체결수량OK timer1 중지
접수vs체결수량OK timer600 중지
주문타이머 시작
{'OrderRunKind': ['전송'], 'SellBuyType': [1], 'OrderRunCode': ['010950'], 'OrderRunVolume': [17], 'OrderRunPrice': [84300], 'OrgOrderNo': [''], 'modify_item': ['전송vs체결수량OK']}
{'OrderRunKind': ['접수'], 'SellBuyType': [1], 'OrderRunCode': ['010950'], 'OrderRunVolume': [17], 'OrderRunPrice': [84300], 'OrgOrderNo': ['0003579'], 'modify_item': ['접수vs체결수량OK']}
{'OrderRunKind': ['체결'], 'SellBuyType': [1], 'OrderRunCode': ['010950'], 'OrderRunVolume': [17], 'OrderRunPrice': [84300], 'OrgOrderNo': ['0003579'], 'modify_item': ['']}
계좌평가잔고내역요청 전송
000810;001040;002380;004990;005380;006280;008560;009540;017670;024110;034730;035250;035420;078340;096770;097950;098460;128940;139480;267250;316140;
21
{'stock_no': ['000810', '001040', '002380', '004990', '005380', '006280', '008560', '009540', '017670', '024110', '034730', '035250', '035420', '078340', '096770', '097950', '098460', '128940', '139480', '267250', '316140'], 'stock_name': ['삼성화재', 'CJ', 'KCC', '롯데지주', '현대차', '녹십자', '메리츠종금증권', '한국조선해양', 'SK텔레콤', '기업은행', 'SK', '강원랜드', 'NAVER', '컴투스', 'SK이노베이션', 'CJ제일제당', '고영', '한미약품', '이마트', '현대중공업지주', '우리금융지주'], 'market_in_price': [272500, 103000, 278500, 44750, 142500, 127000, 5600, 123500, 262000, 14150, 239000, 31050, 115000, 104800, 162500, 301000, 82200, 412000, 144500, 331000, 14100], 'myhave_cnt': [5, 14, 4, 33, 10, 9, 266, 12, 5, 84, 6, 48, 13, 14, 9, 4, 14, 2, 8, 4, 84], 'run_price': [268500, 101500, 277000, 44000, 138500, 124500, 5440, 119000, 258500, 14000, 231500, 30250, 114500, 100600, 162000, 295000, 82200, 412000, 142500, 323000, 14000], 'sell_price': [268500, 101500, 277500, 44050, 138500, 124500, 5450, 119000, 258500, 14000, 231500, 30250, 114500, 100600, 162000, 295000, 82700, 412500, 143000, 323500, 14000], 'sell_cnt': [1075, 2073, 50, 254, 2850, 492, 5879, 963, 363, 16474, 218, 808, 1992, 20, 1318, 22, 58, 84, 1515, 87, 16803], 'buy_price': [268000, 100500, 276500, 44000, 138000, 124000, 5440, 118500, 258000, 13950, 231000, 30200, 114000, 100500, 161500, 294500, 82200, 412000, 142500, 323000, 13950], 'buy_cnt': [2423, 3339, 54, 50, 26, 791, 3879, 1592, 1534, 85607, 345, 783, 1344, 111, 3082, 261, 133, 73, 621, 4, 23218], 'vol_cnt': [2926, 3060, 474, 4236, 39227, 1036, 39927, 4134, 7144, 79418, 2074, 10602, 20053, 1541, 18202, 807, 3097, 1964, 8622, 1209, 35476], 'deal_power': [136.08, 86.16, 55.39, 37.03, 26.12, 54.14, 39.55, 101.59, 93.43, 7.08, 115.02, 107.62, 332.29, 52.21, 140.24, 79.89, 82.88, 26.88, 42.88, 41.47, 471.0]}
주문타이머 중지
주문 체결 완료 timer1 재시작
주문 체결 완료 timer600 재시작
timer600틱 시작 timer1 중지
-----
10분에 한번씩 클럭 발생::체결강도 전송 실행시간 : 09:23:55
계좌평가잔고내역요청 전송
000810;001040;002380;004990;005380;006280;008560;009540;017670;024110;034730;035250;035420;078340;096770;097950;098460;128940;139480;267250;316140;
21
{'stock_no': ['000810', '001040', '002380', '004990', '005380', '006280', '008560', '009540', '017670', '024110', '034730', '035250', '035420', '078340', '096770', '097950', '098460', '128940', '139480', '267250', '316140'], 'stock_name': ['삼성화재', 'CJ', 'KCC', '롯데지주', '현대차', '녹십자', '메리츠종금증권', '한국조선해양', 'SK텔레콤', '기업은행', 'SK', '강원랜드', 'NAVER', '컴투스', 'SK이노베이션', 'CJ제일제당', '고영', '한미약품', '이마트', '현대중공업지주', '우리금융지주'], 'market_in_price': [272500, 103000, 278500, 44750, 142500, 127000, 5600, 123500, 262000, 14150, 239000, 31050, 115000, 104800, 162500, 301000, 82200, 412000, 144500, 331000, 14100], 'myhave_cnt': [5, 14, 4, 33, 10, 9, 266, 12, 5, 84, 6, 48, 13, 14, 9, 4, 14, 2, 8, 4, 84], 'run_price': [268500, 101500, 277500, 43950, 138500, 124500, 5470, 119000, 259500, 13950, 232000, 30150, 114500, 100700, 162500, 295000, 82200, 414000, 143500, 324000, 14000], 'sell_price': [268500, 101500, 277500, 43900, 138500, 124500, 5470, 119500, 259500, 14000, 232000, 30200, 114500, 101100, 162500, 295500, 82200, 414000, 143500, 324000, 14000], 'sell_cnt': [2150, 2006, 259, 160, 4873, 742, 2218, 2161, 1060, 22296, 192, 1327, 3665, 43, 13032, 127, 14, 150, 1439, 34, 25469], 'buy_price': [268000, 101000, 276500, 43850, 138000, 124000, 5460, 119000, 259000, 13950, 231500, 30150, 114000, 100600, 162000, 295000, 82100, 413500, 143000, 323500, 13950], 'buy_cnt': [2656, 1265, 134, 337, 825, 780, 10370, 1716, 1173, 90574, 847, 3802, 9204, 75, 3543, 94, 345, 112, 158, 137, 32226], 'vol_cnt': [3097, 3257, 477, 6123, 46697, 1623, 53614, 6730, 8552, 86460, 3525, 14486, 20824, 3298, 29177, 1016, 4388, 2360, 11551, 1421, 36984], 'deal_power': [147.89, 99.26, 55.93, 47.49, 33.64, 217.8, 79.99, 144.37, 131.68, 16.14, 167.59, 113.28, 305.57, 69.08, 192.37, 76.32, 86.5, 46.64, 73.7, 48.22, 465.8]}
{'stock_no': ['316140', '035420'], 'deal_power': [465.8, 305.57]}
timer600틱 끝 timer1 재시작
timer600틱 시작 timer1 중지
-----
10분에 한번씩 클럭 발생::체결강도 전송 실행시간 : 09:33:55
계좌평가잔고내역요청 전송
000810;001040;002380;004990;005380;006280;008560;009540;017670;024110;034730;035250;035420;078340;096770;097950;098460;128940;139480;267250;316140;
21
{'stock_no': ['000810', '001040', '002380', '004990', '005380', '006280', '008560', '009540', '017670', '024110', '034730', '035250', '035420', '078340', '096770', '097950', '098460', '128940', '139480', '267250', '316140'], 'stock_name': ['삼성화재', 'CJ', 'KCC', '롯데지주', '현대차', '녹십자', '메리츠종금증권', '한국조선해양', 'SK텔레콤', '기업은행', 'SK', '강원랜드', 'NAVER', '컴투스', 'SK이노베이션', 'CJ제일제당', '고영', '한미약품', '이마트', '현대중공업지주', '우리금융지주'], 'market_in_price': [272500, 103000, 278500, 44750, 142500, 127000, 5600, 123500, 262000, 14150, 239000, 31050, 115000, 104800, 162500, 301000, 82200, 412000, 144500, 331000, 14100], 'myhave_cnt': [5, 14, 4, 33, 10, 9, 266, 12, 5, 84, 6, 48, 13, 14, 9, 4, 14, 2, 8, 4, 84], 'run_price': [267500, 101500, 277000, 43850, 139000, 124000, 5450, 119500, 260000, 14000, 232000, 30150, 114000, 100000, 163000, 295000, 82500, 413000, 142500, 325500, 14000], 'sell_price': [267500, 101500, 277500, 43900, 139000, 124500, 5460, 119500, 260000, 14000, 232000, 30200, 114500, 100000, 163000, 295000, 82500, 413000, 143000, 326000, 14000], 'sell_cnt': [1061, 2097, 290, 929, 6155, 1033, 8866, 4949, 2339, 31899, 1766, 2271, 5404, 5, 13264, 306, 419, 33, 2065, 149, 34126], 'buy_price': [267000, 101000, 277000, 43850, 138500, 124000, 5450, 119000, 259500, 13950, 231500, 30150, 114000, 99900, 162500, 294500, 82400, 412500, 142500, 325500, 13950], 'buy_cnt': [956, 1902, 211, 855, 272, 1252, 7991, 2043, 2176, 111831, 968, 5750, 6614, 182, 4304, 280, 535, 71, 2119, 94, 51127], 'vol_cnt': [10450, 3456, 632, 6467, 57213, 1698, 82584, 7534, 10814, 88894, 3664, 16963, 23072, 7642, 47433, 1451, 5921, 2984, 12762, 1681, 40542], 'deal_power': [83.46, 109.25, 37.47, 47.28, 49.89, 202.37, 83.46, 118.62, 192.27, 18.86, 173.65, 141.4, 269.02, 30.32, 242.26, 73.67, 88.58, 45.14, 63.17, 58.78, 421.34]}
{'stock_no': ['316140', '018880'], 'deal_power': [421.34, 317.79]}
체결강도 기준초과 진입
1004
['018880']
[87]
['018880']
[100]
Tue Jul  2 09:33:57 2019
['전송', 2, '018880', 100, 11750, '']
전송
timer600틱 끝 timer1 재시작
Tue Jul  2 09:33:57 2019
['접수', 2, '018880', 100, 11750, '0005968']
접수
Tue Jul  2 09:33:57 2019
['체결', 2, '018880', 100, 11750, '0005968']
체결
True
['전송vs체결수량OK', '전송vs체결수량OK']
['접수vs체결수량OK', '접수vs체결수량OK']
True
접수vs체결수량OK timer1 중지
접수vs체결수량OK timer600 중지
주문타이머 시작
{'OrderRunKind': ['전송', '전송'], 'SellBuyType': [1, 2], 'OrderRunCode': ['010950', '018880'], 'OrderRunVolume': [17, 100], 'OrderRunPrice': [84300, 11750], 'OrgOrderNo': ['', ''], 'modify_item': ['전송vs체결수량OK', '전송vs체결수량OK']}
{'OrderRunKind': ['접수', '접수'], 'SellBuyType': [1, 2], 'OrderRunCode': ['010950', '018880'], 'OrderRunVolume': [17, 100], 'OrderRunPrice': [84300, 11750], 'OrgOrderNo': ['0003579', '0005968'], 'modify_item': ['접수vs체결수량OK', '접수vs체결수량OK']}
{'OrderRunKind': ['체결', '체결'], 'SellBuyType': [1, 2], 'OrderRunCode': ['010950', '018880'], 'OrderRunVolume': [17, 100], 'OrderRunPrice': [84300, 11750], 'OrgOrderNo': ['0003579', '0005968'], 'modify_item': ['', '']}
계좌평가잔고내역요청 전송
000810;001040;002380;004990;005380;006280;008560;009540;017670;018880;024110;034730;035250;035420;078340;096770;097950;098460;128940;139480;267250;316140;
22
{'stock_no': ['000810', '001040', '002380', '004990', '005380', '006280', '008560', '009540', '017670', '018880', '024110', '034730', '035250', '035420', '078340', '096770', '097950', '098460', '128940', '139480', '267250', '316140'], 'stock_name': ['삼성화재', 'CJ', 'KCC', '롯데지주', '현대차', '녹십자', '메리츠종금증권', '한국조선해양', 'SK텔레콤', '한온시스템', '기업은행', 'SK', '강원랜드', 'NAVER', '컴투스', 'SK이노베이션', 'CJ제일제당', '고영', '한미약품', '이마트', '현대중공업지주', '우리금융지주'], 'market_in_price': [272500, 103000, 278500, 44750, 142500, 127000, 5600, 123500, 262000, 11750, 14150, 239000, 31050, 115000, 104800, 162500, 301000, 82200, 412000, 144500, 331000, 14100], 'myhave_cnt': [5, 14, 4, 33, 10, 9, 266, 12, 5, 100, 84, 6, 48, 13, 14, 9, 4, 14, 2, 8, 4, 84], 'run_price': [267500, 101500, 277000, 43850, 138500, 124000, 5460, 119500, 260000, 11750, 14000, 232000, 30150, 114000, 100000, 163000, 295000, 82500, 413000, 143000, 325500, 14000], 'sell_price': [267500, 101500, 277500, 43900, 139000, 124500, 5460, 119500, 260000, 11750, 14000, 232000, 30200, 114500, 100000, 163000, 295000, 82500, 413000, 143000, 326000, 14000], 'sell_cnt': [1211, 2097, 290, 929, 6155, 1033, 8771, 4949, 2340, 2606, 31899, 1766, 2271, 5404, 5, 12264, 306, 419, 33, 2061, 149, 34127], 'buy_price': [267000, 101000, 277000, 43850, 138500, 124000, 5450, 119000, 259500, 11700, 13950, 231500, 30150, 114000, 99900, 162500, 294500, 82400, 412500, 142500, 325500, 13950], 'buy_cnt': [956, 1902, 211, 855, 205, 1252, 7899, 2093, 2180, 8445, 111831, 968, 5750, 6614, 182, 4304, 280, 535, 71, 1919, 94, 51127], 'vol_cnt': [10450, 3456, 632, 6467, 57280, 1698, 82679, 7534, 10814, 91909, 88894, 3664, 16963, 23072, 7642, 47433, 1451, 5921, 2984, 12766, 1681, 40542], 'deal_power': [83.46, 109.25, 37.47, 47.28, 49.8, 202.37, 83.68, 118.62, 192.27, 318.28, 18.86, 173.65, 141.4, 269.02, 30.32, 242.26, 73.67, 88.58, 45.14, 63.23, 58.78, 421.34]}
주문타이머 중지
주문 체결 완료 timer1 재시작
주문 체결 완료 timer600 재시작
timer600틱 시작 timer1 중지
-----
10분에 한번씩 클럭 발생::체결강도 전송 실행시간 : 09:43:59
계좌평가잔고내역요청 전송
000810;001040;002380;004990;005380;006280;008560;009540;017670;018880;024110;034730;035250;035420;078340;096770;097950;098460;128940;139480;267250;316140;
22
{'stock_no': ['000810', '001040', '002380', '004990', '005380', '006280', '008560', '009540', '017670', '018880', '024110', '034730', '035250', '035420', '078340', '096770', '097950', '098460', '128940', '139480', '267250', '316140'], 'stock_name': ['삼성화재', 'CJ', 'KCC', '롯데지주', '현대차', '녹십자', '메리츠종금증권', '한국조선해양', 'SK텔레콤', '한온시스템', '기업은행', 'SK', '강원랜드', 'NAVER', '컴투스', 'SK이노베이션', 'CJ제일제당', '고영', '한미약품', '이마트', '현대중공업지주', '우리금융지주'], 'market_in_price': [272500, 103000, 278500, 44750, 142500, 127000, 5600, 123500, 262000, 11750, 14150, 239000, 31050, 115000, 104800, 162500, 301000, 82200, 412000, 144500, 331000, 14100], 'myhave_cnt': [5, 14, 4, 33, 10, 9, 266, 12, 5, 100, 84, 6, 48, 13, 14, 9, 4, 14, 2, 8, 4, 84], 'run_price': [267500, 101500, 277500, 43950, 138000, 124000, 5490, 118500, 259500, 11700, 13950, 232000, 30150, 114000, 99900, 163000, 294500, 82400, 414000, 143000, 326500, 14000], 'sell_price': [267500, 101500, 277500, 43950, 138500, 124500, 5490, 119000, 259500, 11750, 14000, 232500, 30200, 114500, 100000, 163000, 295000, 82500, 414500, 143000, 326500, 14000], 'sell_cnt': [2004, 3284, 314, 309, 2269, 821, 18698, 4423, 534, 12665, 38385, 1751, 4831, 5376, 122, 3395, 382, 232, 178, 1306, 194, 46650], 'buy_price': [267000, 101000, 277000, 43900, 138000, 124000, 5480, 118500, 259000, 11700, 13950, 232000, 30150, 114000, 99900, 162500, 294500, 82300, 414000, 142500, 326000, 13950], 'buy_cnt': [2683, 1664, 443, 246, 10376, 855, 12583, 2508, 1810, 12515, 118330, 1046, 9146, 2135, 52, 2748, 338, 536, 174, 3290, 181, 63758], 'vol_cnt': [10822, 3729, 671, 10147, 65319, 1779, 111118, 11629, 17118, 94421, 92473, 5708, 21407, 30102, 10068, 66203, 1785, 7985, 3447, 19126, 1940, 42512], 'deal_power': [90.06, 107.17, 41.38, 61.7, 51.22, 211.42, 142.32, 71.83, 119.48, 328.68, 21.9, 224.36, 98.99, 131.51, 29.15, 253.91, 69.95, 85.43, 58.27, 80.34, 68.8, 432.66]}
{'stock_no': ['316140', '018880'], 'deal_power': [432.66, 328.68]}
timer600틱 끝 timer1 재시작
-----
매도종목검색 실행시간 : 09:44:43
sell_item_list.append(strCode)
128940
412000
414500
2415.2915
412084.7085
목표수익 도달 청산
9004
['128940']
[18]
['128940']
[2]
Tue Jul  2 09:44:44 2019
['전송', 1, '128940', 2, 414500, '']
전송
Tue Jul  2 09:44:44 2019
['접수', 1, '128940', 2, 414500, '0006792']
접수
timer600틱 시작 timer1 중지
-----
10분에 한번씩 클럭 발생::체결강도 전송 실행시간 : 09:53:59
계좌평가잔고내역요청 전송
000810;001040;002380;004990;005380;006280;008560;009540;017670;018880;024110;034730;035250;035420;078340;096770;097950;098460;128940;139480;267250;316140;
22
{'stock_no': ['000810', '001040', '002380', '004990', '005380', '006280', '008560', '009540', '017670', '018880', '024110', '034730', '035250', '035420', '078340', '096770', '097950', '098460', '128940', '139480', '267250', '316140'], 'stock_name': ['삼성화재', 'CJ', 'KCC', '롯데지주', '현대차', '녹십자', '메리츠종금증권', '한국조선해양', 'SK텔레콤', '한온시스템', '기업은행', 'SK', '강원랜드', 'NAVER', '컴투스', 'SK이노베이션', 'CJ제일제당', '고영', '한미약품', '이마트', '현대중공업지주', '우리금융지주'], 'market_in_price': [272500, 103000, 278500, 44750, 142500, 127000, 5600, 123500, 262000, 11750, 14150, 239000, 31050, 115000, 104800, 162500, 301000, 82200, 412000, 144500, 331000, 14100], 'myhave_cnt': [5, 14, 4, 33, 10, 9, 266, 12, 5, 100, 84, 6, 48, 13, 14, 9, 4, 14, 2, 8, 4, 84], 'run_price': [267500, 101000, 277000, 43950, 138000, 124000, 5490, 119000, 260000, 11650, 14000, 231000, 30150, 113500, 99900, 163000, 294000, 82400, 413000, 142500, 326500, 13950], 'sell_price': [267500, 101500, 277500, 44000, 138500, 124500, 5490, 119000, 260000, 11650, 14000, 231500, 30200, 114000, 99900, 163000, 294500, 82400, 413000, 143000, 326500, 14000], 'sell_cnt': [2541, 3233, 565, 559, 4762, 1612, 12155, 2573, 1952, 10760, 39055, 895, 5194, 5698, 126, 3870, 108, 268, 19, 3370, 7, 91184], 'buy_price': [267000, 101000, 277000, 43900, 138000, 124000, 5480, 118500, 259500, 11600, 13950, 231000, 30150, 113500, 99800, 162500, 294000, 82300, 412500, 142500, 325500, 13950], 'buy_cnt': [3209, 3227, 214, 1079, 6060, 706, 22078, 3037, 228, 7091, 120844, 1712, 24910, 7121, 75, 3911, 183, 741, 16, 3006, 157, 54543], 'vol_cnt': [11238, 3974, 889, 11590, 70571, 1973, 149888, 16967, 18962, 105916, 99702, 7393, 23634, 33484, 12004, 69759, 2286, 8557, 4036, 19559, 2515, 57389], 'deal_power': [94.71, 109.68, 30.97, 72.77, 48.6, 141.67, 124.35, 67.43, 132.48, 244.17, 28.9, 111.69, 107.4, 106.91, 29.01, 236.67, 59.18, 98.84, 52.83, 80.17, 87.55, 169.73]}
{'stock_no': [], 'deal_power': []}
timer600틱 끝 timer1 재시작
timer600틱 시작 timer1 중지
-----
10분에 한번씩 클럭 발생::체결강도 전송 실행시간 : 10:03:59
계좌평가잔고내역요청 전송
000810;001040;002380;004990;005380;006280;008560;009540;017670;018880;024110;034730;035250;035420;078340;096770;097950;098460;128940;139480;267250;316140;
22
{'stock_no': ['000810', '001040', '002380', '004990', '005380', '006280', '008560', '009540', '017670', '018880', '024110', '034730', '035250', '035420', '078340', '096770', '097950', '098460', '128940', '139480', '267250', '316140'], 'stock_name': ['삼성화재', 'CJ', 'KCC', '롯데지주', '현대차', '녹십자', '메리츠종금증권', '한국조선해양', 'SK텔레콤', '한온시스템', '기업은행', 'SK', '강원랜드', 'NAVER', '컴투스', 'SK이노베이션', 'CJ제일제당', '고영', '한미약품', '이마트', '현대중공업지주', '우리금융지주'], 'market_in_price': [272500, 103000, 278500, 44750, 142500, 127000, 5600, 123500, 262000, 11750, 14150, 239000, 31050, 115000, 104800, 162500, 301000, 82200, 412000, 144500, 331000, 14100], 'myhave_cnt': [5, 14, 4, 33, 10, 9, 266, 12, 5, 100, 84, 6, 48, 13, 14, 9, 4, 14, 2, 8, 4, 84], 'run_price': [266000, 101500, 277500, 43900, 138000, 123500, 5480, 118500, 259500, 11600, 14000, 231000, 30150, 114000, 99800, 162500, 294000, 82500, 413000, 142000, 326000, 14000], 'sell_price': [266500, 101500, 277500, 43950, 138500, 124000, 5490, 119000, 259500, 11650, 14000, 231500, 30200, 114000, 100100, 162500, 294000, 82500, 413000, 142500, 326000, 14000], 'sell_cnt': [1992, 2335, 516, 1069, 4066, 1155, 10624, 72, 162, 18347, 52088, 1569, 8849, 7704, 42, 5541, 167, 98, 1, 2414, 10, 83059], 'buy_price': [266000, 101000, 277000, 43900, 138000, 123500, 5480, 118500, 259000, 11600, 13950, 231000, 30150, 113500, 99900, 162000, 293500, 82400, 412500, 142000, 325500, 13950], 'buy_cnt': [6764, 2963, 187, 1124, 7605, 1309, 4784, 4553, 2003, 12572, 107309, 1247, 8870, 6911, 87, 1346, 238, 487, 128, 5298, 144, 55041], 'vol_cnt': [16962, 11872, 1024, 11868, 86046, 2797, 193506, 20435, 20476, 114225, 103911, 8048, 25487, 34810, 12526, 74947, 2761, 9732, 4449, 22661, 2868, 59064], 'deal_power': [53.77, 107.15, 39.48, 71.12, 54.75, 72.69, 127.75, 100.7, 126.75, 207.33, 31.03, 109.41, 103.15, 104.43, 31.45, 223.0, 52.89, 102.24, 58.74, 66.3, 91.98, 165.27]}
{'stock_no': [], 'deal_power': []}
timer600틱 끝 timer1 재시작
timer600틱 시작 timer1 중지
-----
10분에 한번씩 클럭 발생::체결강도 전송 실행시간 : 10:13:59
계좌평가잔고내역요청 전송
000810;001040;002380;004990;005380;006280;008560;009540;017670;018880;024110;034730;035250;035420;078340;096770;097950;098460;128940;139480;267250;316140;
22
{'stock_no': ['000810', '001040', '002380', '004990', '005380', '006280', '008560', '009540', '017670', '018880', '024110', '034730', '035250', '035420', '078340', '096770', '097950', '098460', '128940', '139480', '267250', '316140'], 'stock_name': ['삼성화재', 'CJ', 'KCC', '롯데지주', '현대차', '녹십자', '메리츠종금증권', '한국조선해양', 'SK텔레콤', '한온시스템', '기업은행', 'SK', '강원랜드', 'NAVER', '컴투스', 'SK이노베이션', 'CJ제일제당', '고영', '한미약품', '이마트', '현대중공업지주', '우리금융지주'], 'market_in_price': [272500, 103000, 278500, 44750, 142500, 127000, 5600, 123500, 262000, 11750, 14150, 239000, 31050, 115000, 104800, 162500, 301000, 82200, 412000, 144500, 331000, 14100], 'myhave_cnt': [5, 14, 4, 33, 10, 9, 266, 12, 5, 100, 84, 6, 48, 13, 14, 9, 4, 14, 2, 8, 4, 84], 'run_price': [266000, 101500, 277000, 43800, 138500, 123500, 5490, 119000, 259500, 11600, 13950, 231000, 30150, 114000, 100000, 162000, 293500, 82600, 413000, 142000, 326000, 13950], 'sell_price': [266500, 101500, 277000, 43850, 138500, 123500, 5490, 119500, 259500, 11650, 14000, 231500, 30200, 114000, 100000, 162000, 293500, 82600, 413500, 142500, 326000, 14000], 'sell_cnt': [3273, 1030, 166, 990, 6199, 628, 13786, 6294, 1474, 27620, 53234, 2196, 10342, 8818, 23, 2090, 81, 249, 59, 2766, 86, 81938], 'buy_price': [266000, 101000, 276500, 43800, 138000, 123000, 5480, 119000, 259000, 11600, 13950, 231000, 30150, 113500, 99700, 161500, 293000, 82500, 413000, 142000, 325500, 13950], 'buy_cnt': [6459, 5790, 163, 978, 9416, 2360, 24246, 250, 618, 11135, 128788, 1113, 15339, 9575, 43, 3537, 292, 29, 34, 5144, 153, 74407], 'vol_cnt': [17437, 12250, 1260, 16152, 89114, 4273, 200616, 21784, 21145, 118116, 108783, 8841, 27134, 36329, 14201, 83195, 3627, 10290, 4609, 23115, 2975, 65878], 'deal_power': [52.11, 113.92, 43.68, 67.39, 54.4, 42.24, 133.96, 101.16, 124.88, 198.43, 33.63, 95.46, 101.1, 99.88, 30.77, 214.36, 49.31, 99.25, 61.05, 66.02, 93.88, 178.2]}
{'stock_no': [], 'deal_power': []}
timer600틱 끝 timer1 재시작
timer600틱 시작 timer1 중지
-----
10분에 한번씩 클럭 발생::체결강도 전송 실행시간 : 10:23:59
계좌평가잔고내역요청 전송
000810;001040;002380;004990;005380;006280;008560;009540;017670;018880;024110;034730;035250;035420;078340;096770;097950;098460;128940;139480;267250;316140;
22
{'stock_no': ['000810', '001040', '002380', '004990', '005380', '006280', '008560', '009540', '017670', '018880', '024110', '034730', '035250', '035420', '078340', '096770', '097950', '098460', '128940', '139480', '267250', '316140'], 'stock_name': ['삼성화재', 'CJ', 'KCC', '롯데지주', '현대차', '녹십자', '메리츠종금증권', '한국조선해양', 'SK텔레콤', '한온시스템', '기업은행', 'SK', '강원랜드', 'NAVER', '컴투스', 'SK이노베이션', 'CJ제일제당', '고영', '한미약품', '이마트', '현대중공업지주', '우리금융지주'], 'market_in_price': [272500, 103000, 278500, 44750, 142500, 127000, 5600, 123500, 262000, 11750, 14150, 239000, 31050, 115000, 104800, 162500, 301000, 82200, 412000, 144500, 331000, 14100], 'myhave_cnt': [5, 14, 4, 33, 10, 9, 266, 12, 5, 100, 84, 6, 48, 13, 14, 9, 4, 14, 2, 8, 4, 84], 'run_price': [265000, 101500, 277500, 43850, 139000, 124000, 5500, 119000, 259500, 11500, 13950, 231000, 30200, 114000, 99600, 162500, 293000, 82400, 413500, 142500, 326000, 14000], 'sell_price': [265500, 101500, 277500, 43850, 139000, 124000, 5500, 119000, 259500, 11550, 14000, 231500, 30200, 114000, 99800, 162500, 293500, 82500, 414000, 142500, 326000, 14000], 'sell_cnt': [1722, 1054, 395, 747, 7854, 27, 29870, 1858, 1643, 16572, 58538, 2688, 4284, 10863, 80, 3600, 748, 293, 46, 2400, 207, 75517], 'buy_price': [265000, 101000, 277000, 43800, 138500, 123500, 5490, 118500, 259000, 11500, 13950, 231000, 30150, 113500, 99400, 162000, 293000, 82400, 413500, 142000, 325500, 13950], 'buy_cnt': [2940, 6254, 248, 1304, 4282, 1262, 25999, 3662, 1663, 19421, 133942, 1529, 11721, 9641, 131, 2076, 532, 55, 37, 6488, 261, 36439], 'vol_cnt': [23996, 12653, 1462, 18343, 101881, 5189, 221948, 22692, 21472, 147172, 114753, 9193, 39447, 37997, 15976, 87818, 3892, 10762, 5024, 23485, 3071, 96058], 'deal_power': [33.71, 118.7, 65.8, 79.03, 69.28, 63.68, 152.93, 100.53, 123.5, 120.48, 38.26, 90.27, 154.34, 94.66, 27.66, 231.28, 47.35, 99.1, 64.25, 67.28, 98.34, 96.84]}
{'stock_no': [], 'deal_power': []}
timer600틱 끝 timer1 재시작
Tue Jul  2 10:31:14 2019
['체결', 1, '128940', 1, 414500, '0006792']
체결
True
['전송vs체결수량OK', '전송vs체결수량OK', '128940']
['접수vs체결수량OK', '접수vs체결수량OK', '128940']
False
Tue Jul  2 10:31:20 2019
['체결', 1, '128940', 2, 414500, '0006792']
체결
True
['전송vs체결수량OK', '전송vs체결수량OK', '전송vs체결수량OK']
['접수vs체결수량OK', '접수vs체결수량OK', '접수vs체결수량OK']
True
접수vs체결수량OK timer1 중지
접수vs체결수량OK timer600 중지
주문타이머 시작
{'OrderRunKind': ['전송', '전송', '전송'], 'SellBuyType': [1, 2, 1], 'OrderRunCode': ['010950', '018880', '128940'], 'OrderRunVolume': [17, 100, 2], 'OrderRunPrice': [84300, 11750, 414500], 'OrgOrderNo': ['', '', ''], 'modify_item': ['전송vs체결수량OK', '전송vs체결수량OK', '전송vs체결수량OK']}
{'OrderRunKind': ['접수', '접수', '접수'], 'SellBuyType': [1, 2, 1], 'OrderRunCode': ['010950', '018880', '128940'], 'OrderRunVolume': [17, 100, 2], 'OrderRunPrice': [84300, 11750, 414500], 'OrgOrderNo': ['0003579', '0005968', '0006792'], 'modify_item': ['접수vs체결수량OK', '접수vs체결수량OK', '접수vs체결수량OK']}
{'OrderRunKind': ['체결', '체결', '체결'], 'SellBuyType': [1, 2, 1], 'OrderRunCode': ['010950', '018880', '128940'], 'OrderRunVolume': [17, 100, 2], 'OrderRunPrice': [84300, 11750, 414500], 'OrgOrderNo': ['0003579', '0005968', '0006792'], 'modify_item': ['', '', '']}
계좌평가잔고내역요청 전송
000810;001040;002380;004990;005380;006280;008560;009540;017670;018880;024110;034730;035250;035420;078340;096770;097950;098460;139480;267250;316140;
21
{'stock_no': ['000810', '001040', '002380', '004990', '005380', '006280', '008560', '009540', '017670', '018880', '024110', '034730', '035250', '035420', '078340', '096770', '097950', '098460', '139480', '267250', '316140'], 'stock_name': ['삼성화재', 'CJ', 'KCC', '롯데지주', '현대차', '녹십자', '메리츠종금증권', '한국조선해양', 'SK텔레콤', '한온시스템', '기업은행', 'SK', '강원랜드', 'NAVER', '컴투스', 'SK이노베이션', 'CJ제일제당', '고영', '이마트', '현대중공업지주', '우리금융지주'], 'market_in_price': [272500, 103000, 278500, 44750, 142500, 127000, 5600, 123500, 262000, 11750, 14150, 239000, 31050, 115000, 104800, 162500, 301000, 82200, 144500, 331000, 14100], 'myhave_cnt': [5, 14, 4, 33, 10, 9, 266, 12, 5, 100, 84, 6, 48, 13, 14, 9, 4, 14, 8, 4, 84], 'run_price': [265000, 101500, 279500, 43900, 138500, 124000, 5500, 118500, 259000, 11550, 13950, 231500, 30200, 114000, 99700, 163000, 295000, 82400, 142500, 326000, 13950], 'sell_price': [265500, 101500, 279500, 43950, 138500, 124000, 5500, 119000, 259500, 11550, 14000, 231500, 30200, 114000, 99700, 163000, 295000, 82400, 142500, 326000, 14000], 'sell_cnt': [657, 1645, 52, 545, 4097, 86, 31395, 5671, 2809, 20320, 57582, 3169, 5790, 12911, 118, 10827, 51, 393, 2989, 220, 75013], 'buy_price': [265000, 101000, 279000, 43900, 138000, 123500, 5490, 118500, 259000, 11500, 13950, 231000, 30150, 113500, 99600, 162500, 294500, 82300, 142000, 325500, 13950], 'buy_cnt': [3498, 4010, 342, 537, 10375, 1161, 26862, 3838, 1478, 15741, 135820, 1159, 11683, 8879, 247, 2420, 148, 321, 6387, 277, 59260], 'vol_cnt': [25897, 12826, 2557, 19592, 108690, 5270, 234080, 23129, 21988, 153234, 119100, 9610, 40040, 38994, 16246, 90827, 5096, 11086, 24107, 3130, 99719], 'deal_power': [42.65, 121.48, 176.05, 85.58, 63.59, 66.48, 164.47, 99.5, 120.25, 116.91, 39.54, 86.22, 152.06, 90.96, 27.53, 236.39, 73.48, 97.68, 71.71, 101.46, 101.48]}
주문타이머 중지
주문 체결 완료 timer1 재시작
주문 체결 완료 timer600 재시작
-----
매도종목검색 실행시간 : 10:35:25
sell_item_list.append(strCode)
098460
82200
83100
811.7208
82288.2792
목표수익 도달 청산
9004
['098460']
[17]
['098460']
[14]
Tue Jul  2 10:35:25 2019
['전송', 1, '098460', 14, 83100, '']
전송
Tue Jul  2 10:35:25 2019
['접수', 1, '098460', 14, 83100, '0009557']
접수
timer600틱 시작 timer1 중지
-----
10분에 한번씩 클럭 발생::체결강도 전송 실행시간 : 10:41:21
계좌평가잔고내역요청 전송
000810;001040;002380;004990;005380;006280;008560;009540;017670;018880;024110;034730;035250;035420;078340;096770;097950;098460;139480;267250;316140;
21
{'stock_no': ['000810', '001040', '002380', '004990', '005380', '006280', '008560', '009540', '017670', '018880', '024110', '034730', '035250', '035420', '078340', '096770', '097950', '098460', '139480', '267250', '316140'], 'stock_name': ['삼성화재', 'CJ', 'KCC', '롯데지주', '현대차', '녹십자', '메리츠종금증권', '한국조선해양', 'SK텔레콤', '한온시스템', '기업은행', 'SK', '강원랜드', 'NAVER', '컴투스', 'SK이노베이션', 'CJ제일제당', '고영', '이마트', '현대중공업지주', '우리금융지주'], 'market_in_price': [272500, 103000, 278500, 44750, 142500, 127000, 5600, 123500, 262000, 11750, 14150, 239000, 31050, 115000, 104800, 162500, 301000, 82200, 144500, 331000, 14100], 'myhave_cnt': [5, 14, 4, 33, 10, 9, 266, 12, 5, 100, 84, 6, 48, 13, 14, 9, 4, 14, 8, 4, 84], 'run_price': [265500, 101000, 280000, 43900, 138000, 124000, 5500, 118500, 259000, 11500, 14000, 231000, 30250, 113500, 100300, 163500, 294000, 82700, 142000, 325500, 13950], 'sell_price': [266000, 101500, 280000, 43950, 138500, 124000, 5510, 119000, 259500, 11550, 14000, 231500, 30300, 114000, 100300, 163500, 294500, 82700, 142500, 326000, 14000], 'sell_cnt': [1533, 1407, 485, 923, 2026, 461, 45907, 4240, 2362, 21835, 57205, 3746, 2891, 13977, 1148, 14365, 87, 58, 3848, 261, 76117], 'buy_price': [265500, 101000, 279500, 43900, 138000, 123500, 5500, 118500, 259000, 11500, 13950, 231000, 30250, 113500, 100200, 163000, 294000, 82600, 142000, 325500, 13950], 'buy_cnt': [1035, 6742, 300, 843, 17343, 1161, 673, 4578, 2767, 18580, 149367, 1817, 36, 12873, 30, 6305, 39, 15, 6897, 406, 68553], 'vol_cnt': [27508, 13258, 2729, 19937, 115220, 5372, 304162, 23686, 22434, 164728, 125404, 10295, 49873, 40389, 21041, 104634, 5420, 12316, 24340, 3243, 103304], 'deal_power': [46.42, 128.75, 188.35, 83.97, 66.1, 67.65, 165.29, 100.43, 121.94, 108.71, 42.3, 79.74, 190.17, 87.24, 58.29, 280.27, 66.61, 106.95, 72.43, 107.43, 100.87]}
{'stock_no': [], 'deal_power': []}
timer600틱 끝 timer1 재시작
timer600틱 시작 timer1 중지
-----
10분에 한번씩 클럭 발생::체결강도 전송 실행시간 : 10:51:21
계좌평가잔고내역요청 전송
000810;001040;002380;004990;005380;006280;008560;009540;017670;018880;024110;034730;035250;035420;078340;096770;097950;098460;139480;267250;316140;
21
{'stock_no': ['000810', '001040', '002380', '004990', '005380', '006280', '008560', '009540', '017670', '018880', '024110', '034730', '035250', '035420', '078340', '096770', '097950', '098460', '139480', '267250', '316140'], 'stock_name': ['삼성화재', 'CJ', 'KCC', '롯데지주', '현대차', '녹십자', '메리츠종금증권', '한국조선해양', 'SK텔레콤', '한온시스템', '기업은행', 'SK', '강원랜드', 'NAVER', '컴투스', 'SK이노베이션', 'CJ제일제당', '고영', '이마트', '현대중공업지주', '우리금융지주'], 'market_in_price': [272500, 103000, 278500, 44750, 142500, 127000, 5600, 123500, 262000, 11750, 14150, 239000, 31050, 115000, 104800, 162500, 301000, 82200, 144500, 331000, 14100], 'myhave_cnt': [5, 14, 4, 33, 10, 9, 266, 12, 5, 100, 84, 6, 48, 13, 14, 9, 4, 14, 8, 4, 84], 'run_price': [265000, 101500, 279000, 43850, 138000, 124000, 5500, 118500, 259500, 11550, 14000, 231500, 30200, 114000, 100200, 164000, 293500, 82500, 142000, 327500, 14000], 'sell_price': [265500, 101500, 279500, 43900, 138500, 124000, 5510, 119000, 259500, 11550, 14000, 231500, 30250, 114000, 100300, 164000, 294000, 82500, 142500, 328000, 14000], 'sell_cnt': [2008, 1427, 289, 875, 2057, 421, 39595, 4133, 3457, 25546, 59214, 3306, 1889, 16475, 1207, 5922, 146, 72, 4657, 490, 77267], 'buy_price': [265000, 101000, 279000, 43850, 138000, 123500, 5500, 118500, 259000, 11500, 13950, 231000, 30200, 113500, 100200, 163500, 293500, 82400, 142000, 327500, 13950], 'buy_cnt': [4156, 7473, 15, 472, 14862, 1196, 33577, 5407, 2615, 17566, 146332, 1573, 2787, 10605, 173, 3759, 475, 195, 6179, 78, 69999], 'vol_cnt': [32102, 13638, 3120, 21075, 119900, 5529, 329637, 24329, 22915, 175725, 131837, 11163, 50584, 43113, 21176, 121446, 5857, 12665, 25625, 4151, 108650], 'deal_power': [43.96, 135.12, 139.0, 75.94, 67.49, 72.45, 163.76, 102.33, 121.6, 100.27, 43.47, 73.97, 186.15, 81.84, 57.72, 329.41, 62.74, 103.1, 71.7, 159.65, 106.77]}
{'stock_no': ['096770'], 'deal_power': [329.41]}
timer600틱 끝 timer1 재시작
timer600틱 시작 timer1 중지
-----
10분에 한번씩 클럭 발생::체결강도 전송 실행시간 : 11:01:21
계좌평가잔고내역요청 전송
000810;001040;002380;004990;005380;006280;008560;009540;017670;018880;024110;034730;035250;035420;078340;096770;097950;098460;139480;267250;316140;
21
{'stock_no': ['000810', '001040', '002380', '004990', '005380', '006280', '008560', '009540', '017670', '018880', '024110', '034730', '035250', '035420', '078340', '096770', '097950', '098460', '139480', '267250', '316140'], 'stock_name': ['삼성화재', 'CJ', 'KCC', '롯데지주', '현대차', '녹십자', '메리츠종금증권', '한국조선해양', 'SK텔레콤', '한온시스템', '기업은행', 'SK', '강원랜드', 'NAVER', '컴투스', 'SK이노베이션', 'CJ제일제당', '고영', '이마트', '현대중공업지주', '우리금융지주'], 'market_in_price': [272500, 103000, 278500, 44750, 142500, 127000, 5600, 123500, 262000, 11750, 14150, 239000, 31050, 115000, 104800, 162500, 301000, 82200, 144500, 331000, 14100], 'myhave_cnt': [5, 14, 4, 33, 10, 9, 266, 12, 5, 100, 84, 6, 48, 13, 14, 9, 4, 14, 8, 4, 84], 'run_price': [265000, 101500, 278500, 43900, 138500, 123500, 5510, 119000, 259500, 11500, 14000, 230500, 30200, 112000, 100000, 164000, 293500, 82500, 142500, 327500, 14000], 'sell_price': [265500, 101500, 279000, 43950, 138500, 124000, 5510, 119000, 259500, 11500, 14000, 231000, 30250, 112500, 100000, 164000, 294000, 82500, 142500, 327500, 14000], 'sell_cnt': [3274, 1376, 115, 1077, 6881, 973, 39627, 5527, 2736, 17981, 61664, 413, 4093, 1984, 108, 4201, 216, 117, 1612, 221, 83107], 'buy_price': [265000, 101000, 278500, 43900, 138000, 123500, 5500, 118500, 259000, 11450, 13950, 230500, 30200, 112000, 99900, 163500, 293500, 82400, 142000, 327000, 13950], 'buy_cnt': [3964, 8063, 106, 278, 6649, 999, 41987, 5157, 4199, 40089, 141962, 3540, 4529, 13741, 555, 3309, 470, 106, 9306, 54, 73344], 'vol_cnt': [34189, 13914, 3190, 22967, 123307, 5622, 340520, 25266, 24174, 211672, 137392, 13725, 51263, 71792, 22097, 132292, 6285, 13331, 28445, 4343, 111701], 'deal_power': [45.32, 139.52, 134.06, 84.09, 66.35, 73.81, 170.37, 103.88, 131.59, 82.73, 43.59, 65.52, 182.51, 38.23, 54.27, 365.41, 62.78, 103.1, 85.23, 151.06, 107.97]}
{'stock_no': ['096770'], 'deal_power': [365.41]}
timer600틱 끝 timer1 재시작
timer600틱 시작 timer1 중지
-----
10분에 한번씩 클럭 발생::체결강도 전송 실행시간 : 11:11:21
계좌평가잔고내역요청 전송
000810;001040;002380;004990;005380;006280;008560;009540;017670;018880;024110;034730;035250;035420;078340;096770;097950;098460;139480;267250;316140;
21
{'stock_no': ['000810', '001040', '002380', '004990', '005380', '006280', '008560', '009540', '017670', '018880', '024110', '034730', '035250', '035420', '078340', '096770', '097950', '098460', '139480', '267250', '316140'], 'stock_name': ['삼성화재', 'CJ', 'KCC', '롯데지주', '현대차', '녹십자', '메리츠종금증권', '한국조선해양', 'SK텔레콤', '한온시스템', '기업은행', 'SK', '강원랜드', 'NAVER', '컴투스', 'SK이노베이션', 'CJ제일제당', '고영', '이마트', '현대중공업지주', '우리금융지주'], 'market_in_price': [272500, 103000, 278500, 44750, 142500, 127000, 5600, 123500, 262000, 11750, 14150, 239000, 31050, 115000, 104800, 162500, 301000, 82200, 144500, 331000, 14100], 'myhave_cnt': [5, 14, 4, 33, 10, 9, 266, 12, 5, 100, 84, 6, 48, 13, 14, 9, 4, 14, 8, 4, 84], 'run_price': [264000, 101000, 278000, 43850, 137500, 123500, 5510, 119000, 259500, 11450, 14000, 231000, 30250, 113000, 100000, 164000, 293500, 82400, 142500, 327500, 13900], 'sell_price': [264500, 101500, 278500, 43900, 138000, 123500, 5510, 119000, 259500, 11500, 14000, 231000, 30250, 113000, 100000, 164000, 294000, 82500, 142500, 327500, 13950], 'sell_cnt': [2554, 5850, 313, 1468, 7397, 837, 51955, 5305, 3994, 27005, 120656, 1735, 6048, 13683, 153, 2216, 675, 140, 2659, 247, 55292], 'buy_price': [264000, 101000, 278000, 43850, 137500, 123000, 5500, 118500, 259000, 11450, 13950, 230500, 30200, 112500, 99900, 163500, 293500, 82400, 142000, 327000, 13900], 'buy_cnt': [297, 5047, 18, 1423, 5155, 2604, 45929, 7223, 2171, 22739, 108718, 2769, 15985, 9838, 18, 5807, 91, 63, 5533, 165, 78067], 'vol_cnt': [44253, 14588, 3386, 23722, 138384, 6541, 355432, 27617, 25137, 224089, 160316, 14409, 52886, 77728, 22956, 139328, 6731, 14420, 29212, 4537, 175082], 'deal_power': [31.73, 134.09, 118.5, 79.4, 58.68, 58.73, 181.07, 111.28, 132.44, 79.81, 37.83, 63.65, 184.09, 47.05, 53.28, 383.5, 58.43, 96.01, 88.11, 151.24, 59.83]}
{'stock_no': ['096770'], 'deal_power': [383.5]}
timer600틱 끝 timer1 재시작
timer600틱 시작 timer1 중지
-----
10분에 한번씩 클럭 발생::체결강도 전송 실행시간 : 11:21:21
계좌평가잔고내역요청 전송
000810;001040;002380;004990;005380;006280;008560;009540;017670;018880;024110;034730;035250;035420;078340;096770;097950;098460;139480;267250;316140;
21
{'stock_no': ['000810', '001040', '002380', '004990', '005380', '006280', '008560', '009540', '017670', '018880', '024110', '034730', '035250', '035420', '078340', '096770', '097950', '098460', '139480', '267250', '316140'], 'stock_name': ['삼성화재', 'CJ', 'KCC', '롯데지주', '현대차', '녹십자', '메리츠종금증권', '한국조선해양', 'SK텔레콤', '한온시스템', '기업은행', 'SK', '강원랜드', 'NAVER', '컴투스', 'SK이노베이션', 'CJ제일제당', '고영', '이마트', '현대중공업지주', '우리금융지주'], 'market_in_price': [272500, 103000, 278500, 44750, 142500, 127000, 5600, 123500, 262000, 11750, 14150, 239000, 31050, 115000, 104800, 162500, 301000, 82200, 144500, 331000, 14100], 'myhave_cnt': [5, 14, 4, 33, 10, 9, 266, 12, 5, 100, 84, 6, 48, 13, 14, 9, 4, 14, 8, 4, 84], 'run_price': [264000, 101500, 277500, 43850, 137500, 123000, 5470, 118500, 259000, 11450, 13950, 230500, 30300, 113000, 99900, 163500, 293500, 82600, 142500, 327500, 13900], 'sell_price': [264000, 101500, 278000, 43900, 138000, 123500, 5480, 119000, 259500, 11500, 14000, 231000, 30300, 113000, 99900, 163500, 293500, 82600, 142500, 327500, 13950], 'sell_cnt': [1934, 5903, 143, 1621, 7177, 1099, 11197, 5584, 2765, 34391, 118551, 973, 2804, 13502, 2, 2005, 483, 54, 4459, 226, 13216], 'buy_price': [263500, 101000, 277500, 43850, 137500, 123000, 5470, 118500, 259000, 11450, 13950, 230500, 30250, 112500, 99800, 163000, 293000, 82500, 142000, 327000, 13900], 'buy_cnt': [2309, 5178, 270, 1122, 6605, 2739, 15850, 5502, 2049, 16190, 95057, 3007, 5366, 7849, 38, 10218, 682, 203, 5652, 429, 101235], 'vol_cnt': [47020, 14918, 3432, 24513, 142674, 6647, 409514, 28414, 26795, 243486, 200083, 15009, 62272, 80153, 23312, 148540, 7107, 15029, 29638, 4747, 214373], 'deal_power': [29.73, 135.59, 116.41, 74.88, 58.43, 59.85, 147.96, 113.9, 124.02, 73.67, 29.89, 64.18, 201.18, 46.75, 54.49, 367.07, 55.4, 97.52, 89.65, 149.44, 91.6]}
{'stock_no': ['096770'], 'deal_power': [367.07]}
timer600틱 끝 timer1 재시작
timer600틱 시작 timer1 중지
-----
10분에 한번씩 클럭 발생::체결강도 전송 실행시간 : 11:31:21
계좌평가잔고내역요청 전송
000810;001040;002380;004990;005380;006280;008560;009540;017670;018880;024110;034730;035250;035420;078340;096770;097950;098460;139480;267250;316140;
21
{'stock_no': ['000810', '001040', '002380', '004990', '005380', '006280', '008560', '009540', '017670', '018880', '024110', '034730', '035250', '035420', '078340', '096770', '097950', '098460', '139480', '267250', '316140'], 'stock_name': ['삼성화재', 'CJ', 'KCC', '롯데지주', '현대차', '녹십자', '메리츠종금증권', '한국조선해양', 'SK텔레콤', '한온시스템', '기업은행', 'SK', '강원랜드', 'NAVER', '컴투스', 'SK이노베이션', 'CJ제일제당', '고영', '이마트', '현대중공업지주', '우리금융지주'], 'market_in_price': [272500, 103000, 278500, 44750, 142500, 127000, 5600, 123500, 262000, 11750, 14150, 239000, 31050, 115000, 104800, 162500, 301000, 82200, 144500, 331000, 14100], 'myhave_cnt': [5, 14, 4, 33, 10, 9, 266, 12, 5, 100, 84, 6, 48, 13, 14, 9, 4, 14, 8, 4, 84], 'run_price': [263000, 101500, 278000, 43800, 138000, 123500, 5500, 119000, 259000, 11500, 13950, 231000, 30350, 112500, 100000, 164000, 293500, 82500, 142500, 328500, 13950], 'sell_price': [263500, 101500, 278000, 43850, 138000, 123500, 5500, 119000, 259500, 11500, 14000, 231500, 30400, 113000, 100100, 164000, 293500, 82600, 142500, 328500, 14000], 'sell_cnt': [2020, 3992, 156, 1413, 2314, 1078, 25664, 5066, 2260, 14855, 97469, 1016, 2224, 13116, 155, 2924, 460, 49, 7475, 223, 63587], 'buy_price': [263000, 101000, 277500, 43800, 137500, 123000, 5490, 118500, 259000, 11450, 13950, 231000, 30350, 112500, 100000, 163500, 293000, 82500, 142000, 328000, 13950], 'buy_cnt': [1903, 7590, 381, 1081, 10492, 2783, 29214, 6655, 3357, 11211, 98851, 2022, 4430, 8620, 186, 5257, 542, 211, 5464, 163, 18206], 'vol_cnt': [50534, 15264, 3455, 26206, 158630, 6714, 435559, 29229, 27602, 301915, 204965, 16554, 64729, 82044, 23701, 155170, 7536, 15522, 30333, 5376, 230952], 'deal_power': [28.34, 138.52, 116.5, 68.87, 64.12, 59.1, 162.76, 117.62, 128.79, 77.57, 30.23, 81.49, 206.13, 46.37, 54.79, 382.69, 52.3, 95.64, 90.64, 178.36, 104.2]}
{'stock_no': ['096770'], 'deal_power': [382.69]}
timer600틱 끝 timer1 재시작
timer600틱 시작 timer1 중지
-----
10분에 한번씩 클럭 발생::체결강도 전송 실행시간 : 11:41:21
계좌평가잔고내역요청 전송
000810;001040;002380;004990;005380;006280;008560;009540;017670;018880;024110;034730;035250;035420;078340;096770;097950;098460;139480;267250;316140;
21
{'stock_no': ['000810', '001040', '002380', '004990', '005380', '006280', '008560', '009540', '017670', '018880', '024110', '034730', '035250', '035420', '078340', '096770', '097950', '098460', '139480', '267250', '316140'], 'stock_name': ['삼성화재', 'CJ', 'KCC', '롯데지주', '현대차', '녹십자', '메리츠종금증권', '한국조선해양', 'SK텔레콤', '한온시스템', '기업은행', 'SK', '강원랜드', 'NAVER', '컴투스', 'SK이노베이션', 'CJ제일제당', '고영', '이마트', '현대중공업지주', '우리금융지주'], 'market_in_price': [272500, 103000, 278500, 44750, 142500, 127000, 5600, 123500, 262000, 11750, 14150, 239000, 31050, 115000, 104800, 162500, 301000, 82200, 144500, 331000, 14100], 'myhave_cnt': [5, 14, 4, 33, 10, 9, 266, 12, 5, 100, 84, 6, 48, 13, 14, 9, 4, 14, 8, 4, 84], 'run_price': [263000, 101500, 278500, 43800, 137500, 123000, 5490, 118500, 259500, 11500, 13950, 232000, 30250, 113500, 99900, 164000, 294500, 82500, 142500, 328500, 14000], 'sell_price': [263500, 101500, 278500, 43850, 138000, 123500, 5500, 119000, 259500, 11500, 14000, 232000, 30300, 113500, 99900, 164000, 295000, 82600, 142500, 328500, 14000], 'sell_cnt': [574, 4010, 51, 1394, 9876, 600, 18836, 6878, 2167, 18199, 84095, 3249, 6026, 6936, 67, 4741, 224, 149, 6979, 392, 57247], 'buy_price': [263000, 101000, 278000, 43800, 137500, 123000, 5490, 118500, 259000, 11450, 13950, 231500, 30250, 113000, 99800, 163500, 294500, 82500, 142000, 328000, 13950], 'buy_cnt': [1761, 5486, 281, 180, 6333, 2754, 35348, 7044, 3698, 16790, 138613, 1685, 400, 15043, 7, 6274, 44, 18, 6022, 243, 43681], 'vol_cnt': [54728, 15776, 3705, 27806, 162682, 6930, 456565, 30071, 28649, 310936, 221893, 18256, 72007, 104612, 24538, 159994, 8347, 16023, 30683, 5544, 235203], 'deal_power': [33.7, 139.02, 130.95, 64.94, 63.66, 64.04, 174.37, 118.89, 135.09, 75.81, 39.01, 100.61, 167.22, 75.05, 54.39, 394.75, 59.23, 93.0, 92.66, 182.74, 107.92]}
{'stock_no': ['096770'], 'deal_power': [394.78]}
timer600틱 끝 timer1 재시작
timer600틱 시작 timer1 중지
-----
10분에 한번씩 클럭 발생::체결강도 전송 실행시간 : 11:51:21
계좌평가잔고내역요청 전송
000810;001040;002380;004990;005380;006280;008560;009540;017670;018880;024110;034730;035250;035420;078340;096770;097950;098460;139480;267250;316140;
21
{'stock_no': ['000810', '001040', '002380', '004990', '005380', '006280', '008560', '009540', '017670', '018880', '024110', '034730', '035250', '035420', '078340', '096770', '097950', '098460', '139480', '267250', '316140'], 'stock_name': ['삼성화재', 'CJ', 'KCC', '롯데지주', '현대차', '녹십자', '메리츠종금증권', '한국조선해양', 'SK텔레콤', '한온시스템', '기업은행', 'SK', '강원랜드', 'NAVER', '컴투스', 'SK이노베이션', 'CJ제일제당', '고영', '이마트', '현대중공업지주', '우리금융지주'], 'market_in_price': [272500, 103000, 278500, 44750, 142500, 127000, 5600, 123500, 262000, 11750, 14150, 239000, 31050, 115000, 104800, 162500, 301000, 82200, 144500, 331000, 14100], 'myhave_cnt': [5, 14, 4, 33, 10, 9, 266, 12, 5, 100, 84, 6, 48, 13, 14, 9, 4, 14, 8, 4, 84], 'run_price': [263500, 101500, 279000, 43900, 137000, 123500, 5500, 119000, 259500, 11450, 13950, 232000, 30350, 114000, 99500, 165000, 294500, 82400, 142500, 328000, 13950], 'sell_price': [263500, 101500, 279000, 43950, 137500, 123500, 5500, 119000, 259500, 11500, 14000, 232000, 30400, 114500, 99700, 165000, 295000, 82500, 142500, 328500, 14000], 'sell_cnt': [855, 3695, 153, 674, 9187, 142, 32, 4720, 1515, 29664, 85021, 2508, 3588, 5446, 184, 13993, 298, 156, 8289, 527, 58746], 'buy_price': [263000, 101000, 278500, 43900, 137000, 123000, 5490, 118500, 259000, 11450, 13950, 231500, 30350, 114000, 99600, 164500, 294500, 82400, 142000, 328000, 13950], 'buy_cnt': [1755, 8107, 284, 618, 3648, 2822, 35553, 7776, 4246, 12774, 139431, 2566, 133, 2876, 16, 2672, 88, 184, 6155, 449, 51228], 'vol_cnt': [56239, 16385, 3841, 30743, 195439, 7584, 482664, 30757, 29734, 321457, 225365, 18686, 74909, 118605, 25922, 171031, 8573, 16478, 31056, 5729, 236918], 'deal_power': [34.6, 140.8, 137.3, 78.0, 50.36, 77.67, 187.46, 121.34, 141.44, 72.86, 39.73, 103.41, 164.04, 93.02, 50.36, 424.57, 57.65, 91.48, 94.37, 188.29, 109.11]}
{'stock_no': ['096770', '010950'], 'deal_power': [424.57, 303.79]}
timer600틱 끝 timer1 재시작
timer600틱 시작 timer1 중지
-----
10분에 한번씩 클럭 발생::체결강도 전송 실행시간 : 12:01:21
계좌평가잔고내역요청 전송
000810;001040;002380;004990;005380;006280;008560;009540;017670;018880;024110;034730;035250;035420;078340;096770;097950;098460;139480;267250;316140;
21
{'stock_no': ['000810', '001040', '002380', '004990', '005380', '006280', '008560', '009540', '017670', '018880', '024110', '034730', '035250', '035420', '078340', '096770', '097950', '098460', '139480', '267250', '316140'], 'stock_name': ['삼성화재', 'CJ', 'KCC', '롯데지주', '현대차', '녹십자', '메리츠종금증권', '한국조선해양', 'SK텔레콤', '한온시스템', '기업은행', 'SK', '강원랜드', 'NAVER', '컴투스', 'SK이노베이션', 'CJ제일제당', '고영', '이마트', '현대중공업지주', '우리금융지주'], 'market_in_price': [272500, 103000, 278500, 44750, 142500, 127000, 5600, 123500, 262000, 11750, 14150, 239000, 31050, 115000, 104800, 162500, 301000, 82200, 144500, 331000, 14100], 'myhave_cnt': [5, 14, 4, 33, 10, 9, 266, 12, 5, 100, 84, 6, 48, 13, 14, 9, 4, 14, 8, 4, 84], 'run_price': [263000, 101000, 277500, 43800, 137000, 123500, 5510, 119000, 260000, 11450, 13950, 231500, 30250, 114000, 99600, 164500, 294500, 82600, 142500, 328500, 13950], 'sell_price': [263500, 101500, 277500, 43850, 137500, 123500, 5510, 119000, 260000, 11450, 14000, 232000, 30300, 114000, 99700, 165000, 295000, 82600, 142500, 328500, 14000], 'sell_cnt': [2781, 4258, 473, 350, 8300, 185, 30077, 4727, 2584, 21829, 90999, 3635, 970, 2386, 179, 9766, 589, 38, 8910, 781, 79315], 'buy_price': [263000, 101000, 277000, 43800, 137000, 123000, 5500, 118500, 259500, 11400, 13950, 231500, 30250, 113500, 99600, 164500, 294500, 82500, 142000, 328000, 13950], 'buy_cnt': [860, 5819, 165, 1425, 4832, 2830, 18667, 7932, 3009, 31945, 117427, 2483, 3369, 9012, 120, 4658, 112, 102, 7077, 388, 52935], 'vol_cnt': [57998, 16939, 4838, 32029, 200995, 8063, 497237, 31455, 31673, 346780, 229263, 19119, 76656, 124965, 26041, 177897, 8912, 17179, 31712, 5908, 239464], 'deal_power': [33.43, 141.32, 90.06, 73.13, 49.69, 76.23, 194.94, 123.83, 155.39, 67.98, 40.32, 105.38, 156.94, 85.13, 50.09, 427.57, 55.0, 91.89, 96.51, 193.25, 109.38]}
{'stock_no': ['096770', '010950'], 'deal_power': [427.55, 293.89]}
timer600틱 끝 timer1 재시작
timer600틱 시작 timer1 중지
-----
10분에 한번씩 클럭 발생::체결강도 전송 실행시간 : 12:11:21
계좌평가잔고내역요청 전송
000810;001040;002380;004990;005380;006280;008560;009540;017670;018880;024110;034730;035250;035420;078340;096770;097950;098460;139480;267250;316140;
21
{'stock_no': ['000810', '001040', '002380', '004990', '005380', '006280', '008560', '009540', '017670', '018880', '024110', '034730', '035250', '035420', '078340', '096770', '097950', '098460', '139480', '267250', '316140'], 'stock_name': ['삼성화재', 'CJ', 'KCC', '롯데지주', '현대차', '녹십자', '메리츠종금증권', '한국조선해양', 'SK텔레콤', '한온시스템', '기업은행', 'SK', '강원랜드', 'NAVER', '컴투스', 'SK이노베이션', 'CJ제일제당', '고영', '이마트', '현대중공업지주', '우리금융지주'], 'market_in_price': [272500, 103000, 278500, 44750, 142500, 127000, 5600, 123500, 262000, 11750, 14150, 239000, 31050, 115000, 104800, 162500, 301000, 82200, 144500, 331000, 14100], 'myhave_cnt': [5, 14, 4, 33, 10, 9, 266, 12, 5, 100, 84, 6, 48, 13, 14, 9, 4, 14, 8, 4, 84], 'run_price': [263000, 101500, 277500, 43850, 137000, 123500, 5500, 119000, 260000, 11450, 13950, 232000, 30300, 113500, 99700, 165500, 295000, 82600, 142000, 328000, 13950], 'sell_price': [263500, 101500, 277500, 43900, 137500, 123500, 5510, 119000, 260000, 11450, 14000, 232000, 30350, 114000, 99700, 165500, 295000, 82600, 142500, 328500, 14000], 'sell_cnt': [2731, 4000, 209, 289, 10161, 973, 1001, 5748, 2159, 13966, 60378, 3190, 6386, 2247, 89, 13944, 406, 89, 8625, 1292, 63497], 'buy_price': [263000, 101000, 277000, 43850, 137000, 123000, 5500, 118500, 259500, 11400, 13950, 231500, 30300, 113500, 99600, 165000, 294500, 82500, 142000, 328000, 13950], 'buy_cnt': [377, 5377, 224, 408, 6267, 2930, 19730, 8264, 3213, 32317, 116803, 2445, 1544, 7797, 289, 1995, 108, 10, 7405, 438, 66692], 'vol_cnt': [59668, 17273, 4842, 33147, 207219, 8156, 518309, 32064, 32552, 374708, 234382, 19657, 78106, 126874, 26196, 194025, 9137, 17650, 32365, 6081, 243458], 'deal_power': [32.2, 142.68, 90.22, 75.76, 48.75, 77.79, 205.75, 125.74, 160.79, 75.57, 41.53, 105.33, 157.28, 85.19, 50.06, 470.27, 53.84, 89.88, 99.47, 197.32, 111.17]}
{'stock_no': ['096770', '010950'], 'deal_power': [470.27, 302.95]}
timer600틱 끝 timer1 재시작
timer600틱 시작 timer1 중지
-----
10분에 한번씩 클럭 발생::체결강도 전송 실행시간 : 12:21:21
계좌평가잔고내역요청 전송
000810;001040;002380;004990;005380;006280;008560;009540;017670;018880;024110;034730;035250;035420;078340;096770;097950;098460;139480;267250;316140;
21
{'stock_no': ['000810', '001040', '002380', '004990', '005380', '006280', '008560', '009540', '017670', '018880', '024110', '034730', '035250', '035420', '078340', '096770', '097950', '098460', '139480', '267250', '316140'], 'stock_name': ['삼성화재', 'CJ', 'KCC', '롯데지주', '현대차', '녹십자', '메리츠종금증권', '한국조선해양', 'SK텔레콤', '한온시스템', '기업은행', 'SK', '강원랜드', 'NAVER', '컴투스', 'SK이노베이션', 'CJ제일제당', '고영', '이마트', '현대중공업지주', '우리금융지주'], 'market_in_price': [272500, 103000, 278500, 44750, 142500, 127000, 5600, 123500, 262000, 11750, 14150, 239000, 31050, 115000, 104800, 162500, 301000, 82200, 144500, 331000, 14100], 'myhave_cnt': [5, 14, 4, 33, 10, 9, 266, 12, 5, 100, 84, 6, 48, 13, 14, 9, 4, 14, 8, 4, 84], 'run_price': [263500, 101500, 277000, 43900, 136500, 123000, 5510, 118500, 260000, 11450, 13950, 231500, 30300, 114000, 99400, 165000, 294500, 82400, 142000, 327500, 14000], 'sell_price': [264000, 101500, 277500, 43900, 137000, 123500, 5520, 119000, 260000, 11450, 14000, 232000, 30350, 114000, 99400, 165500, 295000, 82500, 142500, 327500, 14000], 'sell_cnt': [1161, 4192, 265, 498, 9584, 997, 33902, 5345, 3396, 14120, 59082, 2413, 3780, 3812, 95, 13425, 398, 72, 8505, 334, 65438], 'buy_price': [263500, 101000, 277000, 43850, 136500, 123000, 5510, 118500, 259500, 11400, 13950, 231500, 30300, 113500, 99200, 165000, 294500, 82400, 142000, 327000, 13950], 'buy_cnt': [611, 5351, 308, 824, 22951, 2989, 6494, 8246, 4406, 29207, 115941, 2689, 3190, 8478, 276, 3230, 135, 8, 7396, 41, 67856], 'vol_cnt': [62598, 17664, 4855, 33568, 220237, 8198, 562495, 33034, 33474, 390383, 240016, 20193, 79349, 128422, 28398, 200375, 9467, 18513, 32941, 6919, 247139], 'deal_power': [34.85, 145.05, 89.98, 75.41, 47.55, 77.69, 192.08, 127.78, 166.26, 76.19, 42.5, 105.27, 151.14, 83.73, 45.07, 460.34, 52.57, 92.02, 100.39, 153.02, 112.68]}
{'stock_no': ['096770', '010950'], 'deal_power': [460.34, 310.97]}
timer600틱 끝 timer1 재시작
timer600틱 시작 timer1 중지
-----
10분에 한번씩 클럭 발생::체결강도 전송 실행시간 : 12:31:21
계좌평가잔고내역요청 전송
000810;001040;002380;004990;005380;006280;008560;009540;017670;018880;024110;034730;035250;035420;078340;096770;097950;098460;139480;267250;316140;
21
{'stock_no': ['000810', '001040', '002380', '004990', '005380', '006280', '008560', '009540', '017670', '018880', '024110', '034730', '035250', '035420', '078340', '096770', '097950', '098460', '139480', '267250', '316140'], 'stock_name': ['삼성화재', 'CJ', 'KCC', '롯데지주', '현대차', '녹십자', '메리츠종금증권', '한국조선해양', 'SK텔레콤', '한온시스템', '기업은행', 'SK', '강원랜드', 'NAVER', '컴투스', 'SK이노베이션', 'CJ제일제당', '고영', '이마트', '현대중공업지주', '우리금융지주'], 'market_in_price': [272500, 103000, 278500, 44750, 142500, 127000, 5600, 123500, 262000, 11750, 14150, 239000, 31050, 115000, 104800, 162500, 301000, 82200, 144500, 331000, 14100], 'myhave_cnt': [5, 14, 4, 33, 10, 9, 266, 12, 5, 100, 84, 6, 48, 13, 14, 9, 4, 14, 8, 4, 84], 'run_price': [264000, 101500, 276500, 43950, 137000, 123000, 5520, 118500, 259500, 11450, 13950, 232500, 30450, 114000, 99400, 165500, 294500, 82300, 142500, 327500, 14000], 'sell_price': [264000, 101500, 277000, 43950, 137500, 123500, 5520, 119000, 260000, 11450, 14000, 232500, 30500, 114000, 99500, 165500, 295000, 82400, 142500, 327500, 14000], 'sell_cnt': [1524, 4000, 504, 746, 6791, 1116, 31864, 5318, 2774, 10923, 58437, 1324, 7143, 163, 234, 12594, 537, 125, 6723, 53, 65294], 'buy_price': [263500, 101000, 276500, 43900, 137000, 123000, 5510, 118500, 259500, 11400, 13950, 232000, 30450, 113500, 99300, 165000, 294500, 82300, 142000, 327000, 13950], 'buy_cnt': [248, 5474, 191, 1136, 11758, 3093, 15820, 8615, 4846, 34636, 116822, 3353, 2266, 15386, 280, 4002, 150, 222, 7510, 294, 75526], 'vol_cnt': [63937, 18075, 5289, 34874, 235254, 8330, 573146, 33843, 34817, 404322, 248247, 22900, 88864, 134477, 28864, 207253, 9712, 19024, 33852, 7202, 248720], 'deal_power': [34.14, 147.6, 78.54, 76.28, 54.35, 79.3, 192.64, 130.82, 175.08, 76.58, 44.44, 132.0, 175.85, 89.55, 46.85, 439.79, 51.26, 93.14, 104.62, 157.68, 114.04]}
{'stock_no': ['096770', '010950'], 'deal_power': [439.79, 318.51]}
timer600틱 끝 timer1 재시작
timer600틱 시작 timer1 중지
-----
10분에 한번씩 클럭 발생::체결강도 전송 실행시간 : 12:41:21
계좌평가잔고내역요청 전송
000810;001040;002380;004990;005380;006280;008560;009540;017670;018880;024110;034730;035250;035420;078340;096770;097950;098460;139480;267250;316140;
21
{'stock_no': ['000810', '001040', '002380', '004990', '005380', '006280', '008560', '009540', '017670', '018880', '024110', '034730', '035250', '035420', '078340', '096770', '097950', '098460', '139480', '267250', '316140'], 'stock_name': ['삼성화재', 'CJ', 'KCC', '롯데지주', '현대차', '녹십자', '메리츠종금증권', '한국조선해양', 'SK텔레콤', '한온시스템', '기업은행', 'SK', '강원랜드', 'NAVER', '컴투스', 'SK이노베이션', 'CJ제일제당', '고영', '이마트', '현대중공업지주', '우리금융지주'], 'market_in_price': [272500, 103000, 278500, 44750, 142500, 127000, 5600, 123500, 262000, 11750, 14150, 239000, 31050, 115000, 104800, 162500, 301000, 82200, 144500, 331000, 14100], 'myhave_cnt': [5, 14, 4, 33, 10, 9, 266, 12, 5, 100, 84, 6, 48, 13, 14, 9, 4, 14, 8, 4, 84], 'run_price': [263500, 101000, 277000, 43900, 137000, 123000, 5520, 118500, 260000, 11450, 13950, 232500, 30450, 114000, 99300, 165000, 294500, 82200, 142500, 328000, 14000], 'sell_price': [264000, 101500, 277000, 43950, 137500, 123500, 5530, 119000, 260000, 11450, 14000, 233000, 30500, 114500, 99300, 165500, 295000, 82300, 142500, 328000, 14000], 'sell_cnt': [1811, 3015, 513, 965, 6670, 1192, 36427, 6105, 2007, 8820, 58674, 2598, 7893, 5767, 76, 7042, 101, 160, 6916, 989, 65882], 'buy_price': [263500, 101000, 276500, 43900, 137000, 123000, 5520, 118500, 259500, 11400, 13950, 232500, 30450, 114000, 99200, 165000, 294500, 82200, 142000, 327500, 13950], 'buy_cnt': [315, 6109, 98, 1456, 12287, 3016, 33090, 8696, 5122, 33999, 128314, 1627, 820, 6705, 423, 9032, 182, 192, 7629, 93, 82886], 'vol_cnt': [65046, 18299, 5459, 35205, 241752, 8590, 605941, 34682, 35842, 421128, 254146, 24426, 92002, 136517, 29445, 213969, 10493, 19628, 34303, 9121, 250332], 'deal_power': [33.37, 149.78, 74.35, 75.32, 55.8, 75.08, 192.96, 131.09, 181.34, 77.86, 45.36, 146.14, 161.36, 89.44, 46.96, 444.42, 55.26, 91.65, 106.68, 107.75, 115.23]}
{'stock_no': ['096770', '010950'], 'deal_power': [444.42, 312.28]}
timer600틱 끝 timer1 재시작
timer600틱 시작 timer1 중지
-----
10분에 한번씩 클럭 발생::체결강도 전송 실행시간 : 12:51:21
계좌평가잔고내역요청 전송
000810;001040;002380;004990;005380;006280;008560;009540;017670;018880;024110;034730;035250;035420;078340;096770;097950;098460;139480;267250;316140;
21
{'stock_no': ['000810', '001040', '002380', '004990', '005380', '006280', '008560', '009540', '017670', '018880', '024110', '034730', '035250', '035420', '078340', '096770', '097950', '098460', '139480', '267250', '316140'], 'stock_name': ['삼성화재', 'CJ', 'KCC', '롯데지주', '현대차', '녹십자', '메리츠종금증권', '한국조선해양', 'SK텔레콤', '한온시스템', '기업은행', 'SK', '강원랜드', 'NAVER', '컴투스', 'SK이노베이션', 'CJ제일제당', '고영', '이마트', '현대중공업지주', '우리금융지주'], 'market_in_price': [272500, 103000, 278500, 44750, 142500, 127000, 5600, 123500, 262000, 11750, 14150, 239000, 31050, 115000, 104800, 162500, 301000, 82200, 144500, 331000, 14100], 'myhave_cnt': [5, 14, 4, 33, 10, 9, 266, 12, 5, 100, 84, 6, 48, 13, 14, 9, 4, 14, 8, 4, 84], 'run_price': [263500, 101500, 277000, 43800, 137000, 123500, 5520, 119000, 261000, 11500, 13950, 233000, 30450, 114000, 99200, 165500, 294500, 82200, 142500, 328000, 14000], 'sell_price': [264000, 101500, 277000, 43850, 137500, 124000, 5530, 119000, 261000, 11500, 14000, 233000, 30500, 114500, 99300, 165500, 295000, 82200, 142500, 328000, 14000], 'sell_cnt': [1987, 3922, 410, 996, 9973, 1154, 31556, 6597, 4887, 18481, 55666, 2329, 7727, 1027, 14, 1262, 126, 58, 7571, 508, 64468], 'buy_price': [263500, 101000, 276500, 43800, 137000, 123500, 5520, 118500, 260500, 11450, 13950, 232500, 30450, 114000, 99200, 165000, 294500, 82100, 142000, 327500, 13950], 'buy_cnt': [471, 5757, 291, 1395, 11480, 335, 26780, 8722, 1517, 1056, 155400, 1617, 420, 5954, 258, 6452, 234, 326, 7563, 147, 79929], 'vol_cnt': [66192, 18602, 5465, 38091, 246437, 9787, 628567, 35388, 40748, 444860, 261707, 24961, 94327, 149403, 30986, 224559, 10730, 20596, 34885, 9373, 253878], 'deal_power': [32.72, 151.95, 74.48, 68.84, 55.25, 99.16, 181.91, 133.05, 191.9, 78.74, 46.38, 149.06, 157.11, 90.09, 46.34, 464.46, 54.98, 92.27, 107.22, 112.38, 116.63]}
{'stock_no': ['096770', '010950'], 'deal_power': [464.46, 295.22]}
timer600틱 끝 timer1 재시작
timer600틱 시작 timer1 중지
-----
10분에 한번씩 클럭 발생::체결강도 전송 실행시간 : 13:01:21
계좌평가잔고내역요청 전송
000810;001040;002380;004990;005380;006280;008560;009540;017670;018880;024110;034730;035250;035420;078340;096770;097950;098460;139480;267250;316140;
21
{'stock_no': ['000810', '001040', '002380', '004990', '005380', '006280', '008560', '009540', '017670', '018880', '024110', '034730', '035250', '035420', '078340', '096770', '097950', '098460', '139480', '267250', '316140'], 'stock_name': ['삼성화재', 'CJ', 'KCC', '롯데지주', '현대차', '녹십자', '메리츠종금증권', '한국조선해양', 'SK텔레콤', '한온시스템', '기업은행', 'SK', '강원랜드', 'NAVER', '컴투스', 'SK이노베이션', 'CJ제일제당', '고영', '이마트', '현대중공업지주', '우리금융지주'], 'market_in_price': [272500, 103000, 278500, 44750, 142500, 127000, 5600, 123500, 262000, 11750, 14150, 239000, 31050, 115000, 104800, 162500, 301000, 82200, 144500, 331000, 14100], 'myhave_cnt': [5, 14, 4, 33, 10, 9, 266, 12, 5, 100, 84, 6, 48, 13, 14, 9, 4, 14, 8, 4, 84], 'run_price': [263000, 101000, 277000, 43850, 136500, 123500, 5520, 119000, 260500, 11500, 13950, 232000, 30400, 114000, 99400, 166000, 294500, 82300, 142500, 328500, 13950], 'sell_price': [263500, 101500, 277000, 43900, 137000, 124000, 5520, 119000, 260500, 11500, 14000, 232000, 30450, 114500, 99400, 166000, 295000, 82400, 142500, 328500, 14000], 'sell_cnt': [709, 4030, 403, 615, 7969, 841, 2800, 6652, 1904, 20220, 54242, 140, 6493, 2637, 67, 7805, 177, 66, 8759, 747, 67588], 'buy_price': [263000, 101000, 276500, 43850, 136500, 123500, 5510, 118500, 260000, 11450, 13950, 231500, 30400, 114000, 99300, 165500, 294500, 82300, 142000, 328000, 13950], 'buy_cnt': [1573, 5728, 315, 2259, 21879, 766, 17856, 8931, 439, 1723, 155910, 2516, 1099, 3947, 6, 4043, 205, 4, 7440, 283, 83577], 'vol_cnt': [67895, 19066, 5549, 39756, 261565, 9846, 687182, 36070, 45278, 457230, 268489, 29426, 98211, 150846, 33140, 235516, 10989, 21859, 36070, 10207, 255985], 'deal_power': [32.18, 150.48, 75.33, 73.03, 52.35, 98.08, 173.62, 134.34, 177.88, 77.5, 47.39, 114.3, 153.18, 88.78, 45.93, 478.6, 54.28, 97.21, 108.24, 128.84, 117.76]}
{'stock_no': ['096770', '010950'], 'deal_power': [478.6, 299.84]}
timer600틱 끝 timer1 재시작
timer600틱 시작 timer1 중지
-----
10분에 한번씩 클럭 발생::체결강도 전송 실행시간 : 13:11:21
계좌평가잔고내역요청 전송
000810;001040;002380;004990;005380;006280;008560;009540;017670;018880;024110;034730;035250;035420;078340;096770;097950;098460;139480;267250;316140;
21
{'stock_no': ['000810', '001040', '002380', '004990', '005380', '006280', '008560', '009540', '017670', '018880', '024110', '034730', '035250', '035420', '078340', '096770', '097950', '098460', '139480', '267250', '316140'], 'stock_name': ['삼성화재', 'CJ', 'KCC', '롯데지주', '현대차', '녹십자', '메리츠종금증권', '한국조선해양', 'SK텔레콤', '한온시스템', '기업은행', 'SK', '강원랜드', 'NAVER', '컴투스', 'SK이노베이션', 'CJ제일제당', '고영', '이마트', '현대중공업지주', '우리금융지주'], 'market_in_price': [272500, 103000, 278500, 44750, 142500, 127000, 5600, 123500, 262000, 11750, 14150, 239000, 31050, 115000, 104800, 162500, 301000, 82200, 144500, 331000, 14100], 'myhave_cnt': [5, 14, 4, 33, 10, 9, 266, 12, 5, 100, 84, 6, 48, 13, 14, 9, 4, 14, 8, 4, 84], 'run_price': [263500, 101000, 277000, 43900, 136500, 123500, 5510, 118500, 260500, 11500, 14000, 232000, 30400, 114000, 99500, 165500, 294500, 82100, 142500, 328500, 14000], 'sell_price': [264000, 101500, 277000, 43900, 137000, 124000, 5520, 119000, 260500, 11500, 14000, 232000, 30450, 114500, 99500, 165500, 295000, 82200, 142500, 328500, 14000], 'sell_cnt': [1127, 3562, 400, 489, 8721, 863, 4348, 8179, 4849, 9852, 53606, 108, 3279, 4413, 55, 3375, 248, 121, 9093, 386, 70325], 'buy_price': [263500, 101000, 276500, 43850, 136500, 123500, 5510, 118500, 260000, 11450, 13950, 231500, 30400, 114000, 99400, 165000, 294500, 82100, 142000, 328000, 13950], 'buy_cnt': [481, 5826, 354, 2308, 22312, 786, 22644, 10968, 462, 25868, 156735, 2738, 459, 3874, 240, 5194, 95, 289, 5590, 450, 87218], 'vol_cnt': [70131, 19419, 5619, 40791, 267691, 9918, 700128, 36761, 47952, 477791, 273788, 30153, 100703, 152471, 33617, 244831, 11245, 22551, 38176, 10744, 258663], 'deal_power': [33.89, 152.2, 77.05, 72.56, 52.68, 96.72, 175.11, 134.98, 181.06, 77.82, 48.4, 119.67, 144.25, 87.68, 47.2, 457.06, 53.04, 99.4, 100.29, 139.25, 119.27]}
{'stock_no': ['096770', '010950'], 'deal_power': [457.06, 326.82]}
timer600틱 끝 timer1 재시작
timer600틱 시작 timer1 중지
-----
10분에 한번씩 클럭 발생::체결강도 전송 실행시간 : 13:21:21
계좌평가잔고내역요청 전송
000810;001040;002380;004990;005380;006280;008560;009540;017670;018880;024110;034730;035250;035420;078340;096770;097950;098460;139480;267250;316140;
21
{'stock_no': ['000810', '001040', '002380', '004990', '005380', '006280', '008560', '009540', '017670', '018880', '024110', '034730', '035250', '035420', '078340', '096770', '097950', '098460', '139480', '267250', '316140'], 'stock_name': ['삼성화재', 'CJ', 'KCC', '롯데지주', '현대차', '녹십자', '메리츠종금증권', '한국조선해양', 'SK텔레콤', '한온시스템', '기업은행', 'SK', '강원랜드', 'NAVER', '컴투스', 'SK이노베이션', 'CJ제일제당', '고영', '이마트', '현대중공업지주', '우리금융지주'], 'market_in_price': [272500, 103000, 278500, 44750, 142500, 127000, 5600, 123500, 262000, 11750, 14150, 239000, 31050, 115000, 104800, 162500, 301000, 82200, 144500, 331000, 14100], 'myhave_cnt': [5, 14, 4, 33, 10, 9, 266, 12, 5, 100, 84, 6, 48, 13, 14, 9, 4, 14, 8, 4, 84], 'run_price': [263500, 101500, 277000, 43900, 137000, 123500, 5510, 118500, 260500, 11500, 14000, 232500, 30450, 114000, 98900, 166000, 294000, 82100, 142500, 328500, 13950], 'sell_price': [264000, 101500, 277000, 43950, 137500, 124000, 5520, 119000, 260500, 11500, 14000, 232500, 30450, 114500, 99000, 166000, 294500, 82200, 142500, 328500, 14000], 'sell_cnt': [672, 4155, 320, 561, 5879, 892, 9123, 7793, 5799, 7918, 61047, 730, 3368, 4639, 183, 10375, 374, 200, 9314, 220, 73286], 'buy_price': [263500, 101000, 276500, 43900, 137000, 123500, 5510, 118500, 260000, 11450, 13950, 232000, 30400, 114000, 98900, 165500, 294000, 82100, 142000, 328000, 13950], 'buy_cnt': [341, 5979, 404, 1520, 6923, 845, 30862, 10411, 635, 20948, 161362, 2212, 1297, 7851, 470, 1813, 301, 6, 5892, 336, 87342], 'vol_cnt': [71993, 19726, 5717, 42360, 277750, 9995, 712366, 37707, 49636, 493474, 279491, 30595, 102179, 154380, 37373, 254452, 11526, 23545, 39248, 11519, 261723], 'deal_power': [33.82, 153.14, 79.6, 75.43, 55.51, 95.35, 176.85, 133.77, 175.21, 76.06, 49.64, 122.69, 141.34, 86.71, 43.66, 474.85, 52.48, 98.13, 100.79, 152.8, 121.09]}
{'stock_no': ['096770', '010950'], 'deal_power': [474.85, 317.86]}
timer600틱 끝 timer1 재시작
timer600틱 시작 timer1 중지
-----
10분에 한번씩 클럭 발생::체결강도 전송 실행시간 : 13:31:21
계좌평가잔고내역요청 전송
000810;001040;002380;004990;005380;006280;008560;009540;017670;018880;024110;034730;035250;035420;078340;096770;097950;098460;139480;267250;316140;
21
{'stock_no': ['000810', '001040', '002380', '004990', '005380', '006280', '008560', '009540', '017670', '018880', '024110', '034730', '035250', '035420', '078340', '096770', '097950', '098460', '139480', '267250', '316140'], 'stock_name': ['삼성화재', 'CJ', 'KCC', '롯데지주', '현대차', '녹십자', '메리츠종금증권', '한국조선해양', 'SK텔레콤', '한온시스템', '기업은행', 'SK', '강원랜드', 'NAVER', '컴투스', 'SK이노베이션', 'CJ제일제당', '고영', '이마트', '현대중공업지주', '우리금융지주'], 'market_in_price': [272500, 103000, 278500, 44750, 142500, 127000, 5600, 123500, 262000, 11750, 14150, 239000, 31050, 115000, 104800, 162500, 301000, 82200, 144500, 331000, 14100], 'myhave_cnt': [5, 14, 4, 33, 10, 9, 266, 12, 5, 100, 84, 6, 48, 13, 14, 9, 4, 14, 8, 4, 84], 'run_price': [263000, 101500, 276500, 43900, 137000, 124000, 5480, 118500, 260500, 11500, 14000, 232500, 30500, 114000, 99000, 166000, 294000, 82100, 142500, 327500, 13950], 'sell_price': [263500, 101500, 276500, 43950, 137500, 124000, 5490, 119000, 260500, 11500, 14000, 232500, 30500, 114500, 99000, 166000, 294500, 82200, 142500, 328000, 14000], 'sell_cnt': [509, 4391, 884, 2574, 5053, 532, 18680, 7025, 5353, 20322, 62077, 189, 3171, 3897, 86, 2028, 189, 187, 8961, 549, 77872], 'buy_price': [263000, 101000, 276000, 43900, 137000, 123500, 5480, 118500, 260000, 11450, 13950, 232000, 30450, 114000, 98900, 165500, 294000, 82100, 142000, 327500, 13950], 'buy_cnt': [2581, 6650, 84, 1057, 12114, 1481, 467, 9936, 1057, 11289, 158217, 2376, 5539, 5069, 171, 4269, 234, 20, 5945, 6, 84670], 'vol_cnt': [73491, 20124, 6282, 43282, 283445, 10223, 779331, 40295, 50860, 508706, 286696, 31564, 107163, 159401, 38976, 261990, 13246, 24773, 40054, 12715, 264172], 'deal_power': [33.38, 154.25, 68.59, 74.42, 56.02, 97.69, 147.85, 138.46, 174.99, 74.2, 50.46, 129.83, 147.96, 84.99, 44.02, 489.5, 52.14, 101.63, 103.6, 150.0, 120.69]}
{'stock_no': ['096770', '010950', '011170'], 'deal_power': [489.5, 308.89, 285.65]}
체결강도 기준초과 진입
1004
['011170']
[42]
['011170']
[4]
Tue Jul  2 13:31:23 2019
['전송', 2, '011170', 4, 260000, '']
전송
timer600틱 끝 timer1 재시작
Tue Jul  2 13:31:23 2019
['접수', 2, '011170', 4, 260000, '0016655']
접수
Tue Jul  2 13:31:23 2019
['체결', 2, '011170', 4, 260000, '0016655']
체결
True
['전송vs체결수량OK', '전송vs체결수량OK', '전송vs체결수량OK', '098460', '전송vs체결수량OK']
['접수vs체결수량OK', '접수vs체결수량OK', '접수vs체결수량OK', '098460', '접수vs체결수량OK']
False
timer600틱 시작 timer1 중지
-----
10분에 한번씩 클럭 발생::체결강도 전송 실행시간 : 13:41:21
계좌평가잔고내역요청 전송
000810;001040;002380;004990;005380;006280;008560;009540;011170;017670;018880;024110;034730;035250;035420;078340;096770;097950;098460;139480;267250;316140;
22
{'stock_no': ['000810', '001040', '002380', '004990', '005380', '006280', '008560', '009540', '011170', '017670', '018880', '024110', '034730', '035250', '035420', '078340', '096770', '097950', '098460', '139480', '267250', '316140'], 'stock_name': ['삼성화재', 'CJ', 'KCC', '롯데지주', '현대차', '녹십자', '메리츠종금증권', '한국조선해양', '롯데케미칼', 'SK텔레콤', '한온시스템', '기업은행', 'SK', '강원랜드', 'NAVER', '컴투스', 'SK이노베이션', 'CJ제일제당', '고영', '이마트', '현대중공업지주', '우리금융지주'], 'market_in_price': [272500, 103000, 278500, 44750, 142500, 127000, 5600, 123500, 260000, 262000, 11750, 14150, 239000, 31050, 115000, 104800, 162500, 301000, 82200, 144500, 331000, 14100], 'myhave_cnt': [5, 14, 4, 33, 10, 9, 266, 12, 4, 5, 100, 84, 6, 48, 13, 14, 9, 4, 14, 8, 4, 84], 'run_price': [263500, 101500, 276000, 43950, 137000, 124000, 5490, 118500, 260000, 260500, 11450, 14000, 232500, 30500, 114000, 98900, 166500, 294000, 82300, 142500, 328000, 13950], 'sell_price': [263500, 101500, 276500, 43950, 137500, 124000, 5500, 119000, 260000, 260500, 11500, 14000, 233000, 30500, 114000, 98900, 166500, 294500, 82300, 142500, 328000, 14000], 'sell_cnt': [997, 3896, 877, 1459, 1001, 10, 4858, 6910, 3825, 4665, 17353, 64805, 3003, 4339, 381, 349, 11040, 157, 49, 9162, 219, 83836], 'buy_price': [263000, 101000, 276000, 43900, 137000, 123500, 5490, 118500, 259500, 260000, 11450, 13950, 232500, 30450, 113500, 98800, 166000, 294000, 82100, 142000, 327500, 13950], 'buy_cnt': [3164, 6661, 332, 1262, 8125, 1507, 20615, 9352, 3256, 585, 945, 169868, 593, 2581, 10581, 1210, 1279, 320, 36, 6233, 171, 86244], 'vol_cnt': [74759, 20546, 6319, 44733, 300040, 11025, 792863, 41598, 50618, 52310, 525018, 292787, 33054, 110184, 174166, 39916, 269946, 13819, 26012, 40583, 13335, 268370], 'deal_power': [32.91, 156.24, 68.63, 77.2, 61.19, 109.92, 150.65, 136.08, 288.71, 177.45, 72.12, 51.84, 123.78, 144.48, 77.06, 44.74, 474.99, 53.06, 104.23, 105.67, 158.64, 121.26]}
{'stock_no': ['096770', '010950', '011170'], 'deal_power': [474.99, 319.45, 288.71]}
timer600틱 끝 timer1 재시작
timer600틱 시작 timer1 중지
-----
10분에 한번씩 클럭 발생::체결강도 전송 실행시간 : 13:51:21
계좌평가잔고내역요청 전송
000810;001040;002380;004990;005380;006280;008560;009540;011170;017670;018880;024110;034730;035250;035420;078340;096770;097950;098460;139480;267250;316140;
22
{'stock_no': ['000810', '001040', '002380', '004990', '005380', '006280', '008560', '009540', '011170', '017670', '018880', '024110', '034730', '035250', '035420', '078340', '096770', '097950', '098460', '139480', '267250', '316140'], 'stock_name': ['삼성화재', 'CJ', 'KCC', '롯데지주', '현대차', '녹십자', '메리츠종금증권', '한국조선해양', '롯데케미칼', 'SK텔레콤', '한온시스템', '기업은행', 'SK', '강원랜드', 'NAVER', '컴투스', 'SK이노베이션', 'CJ제일제당', '고영', '이마트', '현대중공업지주', '우리금융지주'], 'market_in_price': [272500, 103000, 278500, 44750, 142500, 127000, 5600, 123500, 260000, 262000, 11750, 14150, 239000, 31050, 115000, 104800, 162500, 301000, 82200, 144500, 331000, 14100], 'myhave_cnt': [5, 14, 4, 33, 10, 9, 266, 12, 4, 5, 100, 84, 6, 48, 13, 14, 9, 4, 14, 8, 4, 84], 'run_price': [263000, 101500, 276500, 44050, 137500, 124000, 5490, 119000, 261000, 260000, 11450, 14000, 232500, 30450, 114500, 99000, 166000, 294000, 82200, 142000, 327500, 13950], 'sell_price': [263500, 101500, 276500, 44050, 137500, 124500, 5500, 119000, 261000, 260500, 11500, 14000, 232500, 30500, 114500, 99100, 166000, 294500, 82300, 142500, 328000, 14000], 'sell_cnt': [1121, 4442, 735, 459, 1093, 1625, 11535, 6446, 4224, 3484, 17520, 52892, 789, 1253, 6965, 40, 2201, 286, 146, 10465, 505, 76819], 'buy_price': [263000, 101000, 276000, 44000, 137000, 124000, 5490, 118500, 260500, 260000, 11450, 13950, 232000, 30450, 114000, 99000, 165500, 294000, 82200, 142000, 327500, 13950], 'buy_cnt': [2953, 6525, 695, 604, 15047, 83, 19716, 8496, 1241, 2487, 11293, 159595, 2183, 10299, 978, 4, 5425, 236, 79, 7231, 310, 88144], 'vol_cnt': [76370, 21116, 6399, 50846, 306486, 11118, 817243, 43371, 59709, 54618, 540907, 306820, 34017, 113341, 177142, 40665, 276887, 14349, 26860, 41631, 13897, 272233], 'deal_power': [32.54, 156.38, 69.74, 86.72, 61.35, 110.56, 148.3, 129.9, 338.32, 182.71, 70.18, 51.1, 120.42, 149.09, 77.78, 46.85, 465.75, 53.16, 106.34, 107.14, 166.03, 121.55]}
{'stock_no': ['096770', '010950'], 'deal_power': [465.75, 328.5]}
timer600틱 끝 timer1 재시작
timer600틱 시작 timer1 중지
-----
10분에 한번씩 클럭 발생::체결강도 전송 실행시간 : 14:01:21
계좌평가잔고내역요청 전송
000810;001040;002380;004990;005380;006280;008560;009540;011170;017670;018880;024110;034730;035250;035420;078340;096770;097950;098460;139480;267250;316140;
22
{'stock_no': ['000810', '001040', '002380', '004990', '005380', '006280', '008560', '009540', '011170', '017670', '018880', '024110', '034730', '035250', '035420', '078340', '096770', '097950', '098460', '139480', '267250', '316140'], 'stock_name': ['삼성화재', 'CJ', 'KCC', '롯데지주', '현대차', '녹십자', '메리츠종금증권', '한국조선해양', '롯데케미칼', 'SK텔레콤', '한온시스템', '기업은행', 'SK', '강원랜드', 'NAVER', '컴투스', 'SK이노베이션', 'CJ제일제당', '고영', '이마트', '현대중공업지주', '우리금융지주'], 'market_in_price': [272500, 103000, 278500, 44750, 142500, 127000, 5600, 123500, 260000, 262000, 11750, 14150, 239000, 31050, 115000, 104800, 162500, 301000, 82200, 144500, 331000, 14100], 'myhave_cnt': [5, 14, 4, 33, 10, 9, 266, 12, 4, 5, 100, 84, 6, 48, 13, 14, 9, 4, 14, 8, 4, 84], 'run_price': [263000, 101500, 276000, 44200, 137000, 124000, 5500, 118500, 260500, 261000, 11500, 14000, 232500, 30500, 114500, 98600, 165500, 294500, 82200, 142500, 328000, 13950], 'sell_price': [263500, 101500, 276500, 44200, 137500, 124500, 5500, 119000, 260500, 261000, 11500, 14000, 232500, 30500, 114500, 98600, 166000, 294500, 82200, 142500, 328000, 14000], 'sell_cnt': [2131, 4387, 669, 639, 2736, 1717, 4397, 6008, 449, 4509, 17833, 57424, 341, 1301, 1462, 223, 4882, 465, 319, 10053, 458, 72980], 'buy_price': [263000, 101000, 276000, 44150, 137000, 124000, 5490, 118500, 260000, 260500, 11450, 13950, 232000, 30450, 114000, 98500, 165500, 294000, 82100, 142000, 327500, 13950], 'buy_cnt': [1350, 6349, 745, 1875, 14443, 184, 43028, 8178, 432, 498, 13561, 162384, 3816, 9856, 3333, 219, 4354, 181, 468, 6684, 202, 86050], 'vol_cnt': [78914, 21632, 6536, 54127, 313043, 11164, 829746, 44331, 63002, 58849, 556449, 312627, 34766, 118184, 187400, 43976, 284792, 14818, 27834, 42659, 14671, 277673], 'deal_power': [31.87, 159.04, 71.34, 96.29, 61.28, 110.18, 149.55, 130.42, 320.05, 196.71, 68.64, 51.93, 124.45, 150.42, 85.42, 42.7, 475.97, 52.89, 108.62, 109.89, 179.44, 123.93]}
{'stock_no': ['096770', '010950', '011170'], 'deal_power': [475.97, 330.38, 320.05]}
timer600틱 끝 timer1 재시작
timer600틱 시작 timer1 중지
-----
10분에 한번씩 클럭 발생::체결강도 전송 실행시간 : 14:11:21
계좌평가잔고내역요청 전송
000810;001040;002380;004990;005380;006280;008560;009540;011170;017670;018880;024110;034730;035250;035420;078340;096770;097950;098460;139480;267250;316140;
22
{'stock_no': ['000810', '001040', '002380', '004990', '005380', '006280', '008560', '009540', '011170', '017670', '018880', '024110', '034730', '035250', '035420', '078340', '096770', '097950', '098460', '139480', '267250', '316140'], 'stock_name': ['삼성화재', 'CJ', 'KCC', '롯데지주', '현대차', '녹십자', '메리츠종금증권', '한국조선해양', '롯데케미칼', 'SK텔레콤', '한온시스템', '기업은행', 'SK', '강원랜드', 'NAVER', '컴투스', 'SK이노베이션', 'CJ제일제당', '고영', '이마트', '현대중공업지주', '우리금융지주'], 'market_in_price': [272500, 103000, 278500, 44750, 142500, 127000, 5600, 123500, 260000, 262000, 11750, 14150, 239000, 31050, 115000, 104800, 162500, 301000, 82200, 144500, 331000, 14100], 'myhave_cnt': [5, 14, 4, 33, 10, 9, 266, 12, 4, 5, 100, 84, 6, 48, 13, 14, 9, 4, 14, 8, 4, 84], 'run_price': [263000, 101500, 277000, 44250, 137000, 123500, 5500, 118500, 260500, 261000, 11450, 14000, 233000, 30500, 114000, 98800, 165500, 293000, 82200, 142500, 328000, 13950], 'sell_price': [263500, 101500, 277000, 44250, 137000, 124000, 5510, 119000, 260500, 261000, 11500, 14000, 233000, 30500, 114500, 98800, 165500, 293500, 82300, 142500, 328000, 14000], 'sell_cnt': [2127, 4301, 129, 366, 1339, 944, 33767, 5952, 968, 3753, 35789, 63371, 4298, 4439, 1751, 42, 4029, 415, 294, 10261, 755, 69658], 'buy_price': [263000, 101000, 276500, 44200, 136500, 123500, 5500, 118500, 260000, 260500, 11450, 13950, 232500, 30450, 114000, 98700, 165000, 293000, 82200, 142000, 327500, 13950], 'buy_cnt': [1581, 6377, 461, 1639, 26255, 2174, 19640, 7980, 779, 1532, 6838, 160162, 110, 7512, 10081, 78, 7896, 305, 58, 6211, 255, 93695], 'vol_cnt': [81138, 22171, 7287, 57218, 328635, 12442, 849440, 45375, 64477, 64773, 575636, 321424, 36238, 121825, 190729, 44794, 292718, 15424, 28952, 43897, 14959, 283517], 'deal_power': [31.26, 159.28, 90.14, 105.8, 59.17, 88.67, 152.02, 129.83, 320.91, 214.64, 66.63, 53.35, 126.92, 156.23, 85.68, 44.35, 454.19, 51.53, 111.71, 110.74, 182.84, 127.7]}
{'stock_no': ['096770', '010950', '011170'], 'deal_power': [454.19, 330.77, 320.91]}
timer600틱 끝 timer1 재시작
timer600틱 시작 timer1 중지
-----
10분에 한번씩 클럭 발생::체결강도 전송 실행시간 : 14:21:21
계좌평가잔고내역요청 전송
000810;001040;002380;004990;005380;006280;008560;009540;011170;017670;018880;024110;034730;035250;035420;078340;096770;097950;098460;139480;267250;316140;
22
{'stock_no': ['000810', '001040', '002380', '004990', '005380', '006280', '008560', '009540', '011170', '017670', '018880', '024110', '034730', '035250', '035420', '078340', '096770', '097950', '098460', '139480', '267250', '316140'], 'stock_name': ['삼성화재', 'CJ', 'KCC', '롯데지주', '현대차', '녹십자', '메리츠종금증권', '한국조선해양', '롯데케미칼', 'SK텔레콤', '한온시스템', '기업은행', 'SK', '강원랜드', 'NAVER', '컴투스', 'SK이노베이션', 'CJ제일제당', '고영', '이마트', '현대중공업지주', '우리금융지주'], 'market_in_price': [272500, 103000, 278500, 44750, 142500, 127000, 5600, 123500, 260000, 262000, 11750, 14150, 239000, 31050, 115000, 104800, 162500, 301000, 82200, 144500, 331000, 14100], 'myhave_cnt': [5, 14, 4, 33, 10, 9, 266, 12, 4, 5, 100, 84, 6, 48, 13, 14, 9, 4, 14, 8, 4, 84], 'run_price': [263000, 101000, 277000, 44200, 136500, 123500, 5510, 118500, 260500, 260500, 11450, 14000, 232000, 30550, 114000, 98900, 165000, 292500, 82300, 142500, 327000, 14000], 'sell_price': [263000, 101000, 277000, 44200, 137000, 124000, 5520, 119000, 260500, 261000, 11450, 14000, 232500, 30600, 114500, 98900, 165500, 293000, 82300, 142500, 327500, 14000], 'sell_cnt': [726, 2427, 204, 1175, 4575, 1024, 49808, 11281, 1046, 5221, 12042, 60543, 1582, 3792, 3522, 164, 2474, 568, 250, 10562, 398, 74131], 'buy_price': [262500, 100500, 276500, 44150, 136500, 123500, 5510, 118500, 260000, 260500, 11400, 13950, 232000, 30550, 114000, 98600, 165000, 292500, 82200, 142000, 327000, 13950], 'buy_cnt': [2514, 6533, 457, 509, 23658, 2283, 12841, 1639, 385, 2691, 52381, 157156, 4590, 4093, 1666, 128, 7972, 764, 100, 5129, 418, 94586], 'vol_cnt': [83845, 27870, 7458, 59988, 337460, 12500, 888676, 54848, 66416, 67640, 592953, 330167, 37226, 128857, 195171, 46829, 299191, 16228, 29938, 45610, 15477, 288312], 'deal_power': [30.59, 97.83, 93.21, 102.99, 60.48, 88.39, 155.13, 90.26, 309.16, 225.58, 65.35, 56.16, 127.58, 163.64, 84.71, 44.49, 459.65, 49.93, 111.99, 111.98, 176.65, 131.16]}
{'stock_no': ['096770', '010950', '011170'], 'deal_power': [459.68, 329.86, 309.16]}
timer600틱 끝 timer1 재시작
timer600틱 시작 timer1 중지
-----
10분에 한번씩 클럭 발생::체결강도 전송 실행시간 : 14:31:21
계좌평가잔고내역요청 전송
000810;001040;002380;004990;005380;006280;008560;009540;011170;017670;018880;024110;034730;035250;035420;078340;096770;097950;098460;139480;267250;316140;
22
{'stock_no': ['000810', '001040', '002380', '004990', '005380', '006280', '008560', '009540', '011170', '017670', '018880', '024110', '034730', '035250', '035420', '078340', '096770', '097950', '098460', '139480', '267250', '316140'], 'stock_name': ['삼성화재', 'CJ', 'KCC', '롯데지주', '현대차', '녹십자', '메리츠종금증권', '한국조선해양', '롯데케미칼', 'SK텔레콤', '한온시스템', '기업은행', 'SK', '강원랜드', 'NAVER', '컴투스', 'SK이노베이션', 'CJ제일제당', '고영', '이마트', '현대중공업지주', '우리금융지주'], 'market_in_price': [272500, 103000, 278500, 44750, 142500, 127000, 5600, 123500, 260000, 262000, 11750, 14150, 239000, 31050, 115000, 104800, 162500, 301000, 82200, 144500, 331000, 14100], 'myhave_cnt': [5, 14, 4, 33, 10, 9, 266, 12, 4, 5, 100, 84, 6, 48, 13, 14, 9, 4, 14, 8, 4, 84], 'run_price': [263000, 101000, 277500, 44250, 137000, 123500, 5500, 118500, 260500, 261000, 11450, 14000, 232500, 30650, 114500, 98900, 165500, 293500, 82300, 142500, 327500, 14000], 'sell_price': [263000, 101000, 277500, 44250, 137000, 124000, 5510, 119000, 261000, 261000, 11500, 14050, 232500, 30650, 114500, 98900, 165500, 293500, 82300, 142500, 327500, 14000], 'sell_cnt': [182, 1796, 25, 396, 1845, 1125, 38542, 10382, 6206, 6676, 20704, 25773, 4671, 6757, 3213, 30, 6585, 218, 331, 10625, 553, 74263], 'buy_price': [262500, 100500, 277000, 44200, 136500, 123500, 5500, 118500, 260000, 260500, 11450, 14000, 232000, 30600, 114000, 98800, 165000, 293000, 82200, 142000, 327000, 13950], 'buy_cnt': [2541, 7967, 418, 266, 21970, 2297, 5503, 1625, 1561, 4276, 8318, 72570, 2830, 2545, 8012, 12, 7495, 329, 9, 4663, 408, 101537], 'vol_cnt': [87110, 28299, 7720, 64428, 349002, 12564, 929129, 56041, 68996, 70736, 627037, 394859, 38314, 138178, 197746, 48227, 306063, 17810, 30708, 47181, 15875, 292100], 'deal_power': [31.93, 100.01, 98.09, 106.47, 62.17, 88.54, 143.2, 89.42, 310.4, 236.47, 68.27, 86.07, 132.11, 156.69, 84.0, 46.55, 462.24, 54.43, 109.71, 112.77, 176.88, 134.05]}
{'stock_no': ['096770', '010950', '011170'], 'deal_power': [462.24, 328.7, 310.4]}
timer600틱 끝 timer1 재시작
timer600틱 시작 timer1 중지
-----
10분에 한번씩 클럭 발생::체결강도 전송 실행시간 : 14:41:21
계좌평가잔고내역요청 전송
000810;001040;002380;004990;005380;006280;008560;009540;011170;017670;018880;024110;034730;035250;035420;078340;096770;097950;098460;139480;267250;316140;
22
{'stock_no': ['000810', '001040', '002380', '004990', '005380', '006280', '008560', '009540', '011170', '017670', '018880', '024110', '034730', '035250', '035420', '078340', '096770', '097950', '098460', '139480', '267250', '316140'], 'stock_name': ['삼성화재', 'CJ', 'KCC', '롯데지주', '현대차', '녹십자', '메리츠종금증권', '한국조선해양', '롯데케미칼', 'SK텔레콤', '한온시스템', '기업은행', 'SK', '강원랜드', 'NAVER', '컴투스', 'SK이노베이션', 'CJ제일제당', '고영', '이마트', '현대중공업지주', '우리금융지주'], 'market_in_price': [272500, 103000, 278500, 44750, 142500, 127000, 5600, 123500, 260000, 262000, 11750, 14150, 239000, 31050, 115000, 104800, 162500, 301000, 82200, 144500, 331000, 14100], 'myhave_cnt': [5, 14, 4, 33, 10, 9, 266, 12, 4, 5, 100, 84, 6, 48, 13, 14, 9, 4, 14, 8, 4, 84], 'run_price': [264000, 101000, 279000, 44250, 137000, 123500, 5500, 118000, 261000, 260500, 11450, 14050, 232500, 30600, 114000, 99200, 165500, 292500, 82300, 142000, 327000, 14000], 'sell_price': [264000, 101000, 279000, 44250, 137500, 124000, 5500, 118500, 261000, 261000, 11500, 14050, 233000, 30650, 114500, 99200, 165500, 293000, 82400, 142000, 327500, 14000], 'sell_cnt': [21, 1675, 574, 1600, 7377, 1172, 1930, 1849, 5178, 4526, 20194, 27754, 2386, 5347, 4969, 99, 6199, 326, 234, 7904, 690, 63946], 'buy_price': [263500, 100500, 278500, 44200, 137000, 123500, 5490, 118000, 260500, 260500, 11450, 14000, 232500, 30600, 114000, 99100, 165000, 292500, 82300, 141500, 327000, 13950], 'buy_cnt': [1517, 8803, 241, 967, 5770, 2382, 31281, 8836, 1629, 4658, 12260, 70253, 1561, 3563, 9559, 82, 7166, 475, 24, 8400, 401, 99257], 'vol_cnt': [90887, 28832, 7929, 66337, 357439, 12612, 958756, 59471, 71671, 73839, 642841, 407412, 41291, 145580, 200879, 48918, 314184, 19021, 31664, 52822, 16268, 305572], 'deal_power': [34.85, 102.27, 102.23, 104.42, 63.08, 88.64, 140.68, 84.84, 289.15, 248.25, 67.1, 89.74, 137.71, 153.44, 82.85, 48.22, 470.76, 52.26, 111.07, 96.85, 177.12, 133.93]}
{'stock_no': ['096770', '010950', '011170'], 'deal_power': [470.76, 334.79, 289.14]}
timer600틱 끝 timer1 재시작
timer600틱 시작 timer1 중지
-----
10분에 한번씩 클럭 발생::체결강도 전송 실행시간 : 14:51:21
계좌평가잔고내역요청 전송
000810;001040;002380;004990;005380;006280;008560;009540;011170;017670;018880;024110;034730;035250;035420;078340;096770;097950;098460;139480;267250;316140;
22
{'stock_no': ['000810', '001040', '002380', '004990', '005380', '006280', '008560', '009540', '011170', '017670', '018880', '024110', '034730', '035250', '035420', '078340', '096770', '097950', '098460', '139480', '267250', '316140'], 'stock_name': ['삼성화재', 'CJ', 'KCC', '롯데지주', '현대차', '녹십자', '메리츠종금증권', '한국조선해양', '롯데케미칼', 'SK텔레콤', '한온시스템', '기업은행', 'SK', '강원랜드', 'NAVER', '컴투스', 'SK이노베이션', 'CJ제일제당', '고영', '이마트', '현대중공업지주', '우리금융지주'], 'market_in_price': [272500, 103000, 278500, 44750, 142500, 127000, 5600, 123500, 260000, 262000, 11750, 14150, 239000, 31050, 115000, 104800, 162500, 301000, 82200, 144500, 331000, 14100], 'myhave_cnt': [5, 14, 4, 33, 10, 9, 266, 12, 4, 5, 100, 84, 6, 48, 13, 14, 9, 4, 14, 8, 4, 84], 'run_price': [264000, 100500, 278500, 44300, 136500, 123500, 5500, 118000, 260500, 260500, 11450, 14050, 233000, 30600, 114000, 99400, 165500, 293000, 82400, 142000, 326500, 14000], 'sell_price': [264500, 101000, 278500, 44300, 137000, 124000, 5510, 118500, 261000, 261000, 11500, 14050, 233000, 30600, 114500, 99400, 166000, 293500, 82400, 142000, 327000, 14000], 'sell_cnt': [1320, 1343, 831, 819, 6299, 1499, 4346, 3151, 4270, 2680, 18134, 23216, 3040, 2816, 1180, 194, 5468, 414, 220, 8072, 404, 60196], 'buy_price': [264000, 100500, 277500, 44250, 136500, 123500, 5500, 118000, 260500, 260500, 11450, 14000, 232500, 30550, 114000, 99100, 165500, 293000, 82300, 141500, 326500, 13950], 'buy_cnt': [1582, 8992, 28, 950, 19896, 2090, 37244, 6974, 3206, 4537, 31217, 56552, 735, 3963, 6810, 7, 4265, 149, 143, 7830, 132, 95933], 'vol_cnt': [93294, 29800, 8393, 71394, 369670, 12714, 979446, 62220, 73000, 77160, 659922, 420573, 42965, 153086, 212382, 49803, 327739, 20582, 32566, 54266, 17300, 311552], 'deal_power': [35.59, 108.3, 96.26, 103.99, 61.73, 87.57, 138.71, 80.35, 289.02, 254.9, 66.35, 93.55, 135.12, 145.79, 89.09, 50.04, 462.97, 54.74, 112.18, 99.54, 158.68, 136.81]}
{'stock_no': ['096770', '010950', '011170'], 'deal_power': [462.97, 349.26, 289.02]}
timer600틱 끝 timer1 재시작
timer600틱 시작 timer1 중지
-----
10분에 한번씩 클럭 발생::체결강도 전송 실행시간 : 15:01:21
계좌평가잔고내역요청 전송
000810;001040;002380;004990;005380;006280;008560;009540;011170;017670;018880;024110;034730;035250;035420;078340;096770;097950;098460;139480;267250;316140;
22
{'stock_no': ['000810', '001040', '002380', '004990', '005380', '006280', '008560', '009540', '011170', '017670', '018880', '024110', '034730', '035250', '035420', '078340', '096770', '097950', '098460', '139480', '267250', '316140'], 'stock_name': ['삼성화재', 'CJ', 'KCC', '롯데지주', '현대차', '녹십자', '메리츠종금증권', '한국조선해양', '롯데케미칼', 'SK텔레콤', '한온시스템', '기업은행', 'SK', '강원랜드', 'NAVER', '컴투스', 'SK이노베이션', 'CJ제일제당', '고영', '이마트', '현대중공업지주', '우리금융지주'], 'market_in_price': [272500, 103000, 278500, 44750, 142500, 127000, 5600, 123500, 260000, 262000, 11750, 14150, 239000, 31050, 115000, 104800, 162500, 301000, 82200, 144500, 331000, 14100], 'myhave_cnt': [5, 14, 4, 33, 10, 9, 266, 12, 4, 5, 100, 84, 6, 48, 13, 14, 9, 4, 14, 8, 4, 84], 'run_price': [264000, 101000, 278000, 44300, 136500, 123500, 5500, 118500, 260500, 261000, 11500, 14050, 232500, 30600, 114500, 99400, 166000, 292500, 82500, 142000, 326000, 14000], 'sell_price': [264500, 101000, 278000, 44300, 137000, 124000, 5510, 118500, 261000, 261500, 11500, 14050, 232500, 30650, 114500, 99400, 166000, 293000, 82500, 142000, 326000, 14000], 'sell_cnt': [1543, 2018, 115, 707, 6515, 1518, 10291, 4366, 3408, 1004, 18272, 30536, 1135, 5883, 227, 91, 3884, 647, 151, 6707, 719, 58343], 'buy_price': [264000, 100500, 277500, 44250, 136500, 123500, 5500, 118000, 260500, 261000, 11450, 14000, 232000, 30600, 114000, 99300, 165500, 292500, 82400, 141500, 325500, 13950], 'buy_cnt': [2033, 9545, 140, 1162, 16830, 2625, 29728, 4579, 3983, 3216, 21965, 52342, 3229, 935, 11830, 38, 5696, 9, 43, 7294, 157, 104900], 'vol_cnt': [96037, 30937, 8572, 76185, 379528, 12947, 1014986, 67930, 75987, 83328, 683462, 435410, 45600, 160487, 218280, 50468, 336309, 21512, 34061, 56390, 17984, 318733], 'deal_power': [35.45, 109.71, 95.01, 104.25, 62.23, 89.03, 132.68, 86.04, 285.69, 271.68, 66.17, 97.17, 124.31, 150.04, 91.87, 51.55, 470.73, 51.69, 116.63, 102.99, 150.83, 139.87]}
{'stock_no': ['096770', '010950'], 'deal_power': [470.73, 353.69]}
timer600틱 끝 timer1 재시작
timer600틱 시작 timer1 중지
-----
10분에 한번씩 클럭 발생::체결강도 전송 실행시간 : 15:11:21
계좌평가잔고내역요청 전송
000810;001040;002380;004990;005380;006280;008560;009540;011170;017670;018880;024110;034730;035250;035420;078340;096770;097950;098460;139480;267250;316140;
22
{'stock_no': ['000810', '001040', '002380', '004990', '005380', '006280', '008560', '009540', '011170', '017670', '018880', '024110', '034730', '035250', '035420', '078340', '096770', '097950', '098460', '139480', '267250', '316140'], 'stock_name': ['삼성화재', 'CJ', 'KCC', '롯데지주', '현대차', '녹십자', '메리츠종금증권', '한국조선해양', '롯데케미칼', 'SK텔레콤', '한온시스템', '기업은행', 'SK', '강원랜드', 'NAVER', '컴투스', 'SK이노베이션', 'CJ제일제당', '고영', '이마트', '현대중공업지주', '우리금융지주'], 'market_in_price': [272500, 103000, 278500, 44750, 142500, 127000, 5600, 123500, 260000, 262000, 11750, 14150, 239000, 31050, 115000, 104800, 162500, 301000, 82200, 144500, 331000, 14100], 'myhave_cnt': [5, 14, 4, 33, 10, 9, 266, 12, 4, 5, 100, 84, 6, 48, 13, 14, 9, 4, 14, 8, 4, 84], 'run_price': [265500, 101000, 277500, 44300, 137500, 124000, 5520, 118500, 261500, 262000, 11450, 14050, 233000, 30650, 115000, 99600, 166000, 292500, 82400, 142000, 325000, 14000], 'sell_price': [266000, 101000, 278000, 44350, 137500, 124000, 5520, 118500, 261500, 262000, 11500, 14050, 233000, 30650, 115000, 99600, 166000, 293000, 82500, 142000, 325500, 14000], 'sell_cnt': [1678, 2508, 64, 637, 11722, 1349, 45874, 3217, 4928, 5651, 32049, 15118, 1944, 6197, 208, 160, 10793, 455, 279, 2749, 245, 44225], 'buy_price': [265500, 100500, 277500, 44300, 137000, 123500, 5510, 118000, 261000, 261500, 11450, 14000, 232500, 30600, 114500, 99400, 165500, 292500, 82300, 141500, 325000, 13950], 'buy_cnt': [1251, 9849, 375, 1304, 6972, 2506, 12167, 3285, 1286, 413, 11351, 46960, 839, 3293, 4887, 55, 5123, 526, 31, 8991, 334, 106662], 'vol_cnt': [99659, 32077, 8810, 79570, 391962, 13315, 1060549, 73792, 82245, 87479, 703743, 451643, 46795, 165161, 244923, 51351, 342358, 22197, 34566, 59232, 18386, 335561], 'deal_power': [37.42, 112.05, 98.91, 106.33, 64.77, 90.78, 133.79, 83.73, 300.99, 278.38, 63.65, 101.44, 127.06, 149.75, 95.33, 53.2, 466.82, 54.3, 114.33, 110.27, 144.47, 148.2]}
{'stock_no': ['096770', '010950', '011170'], 'deal_power': [466.82, 356.47, 300.99]}
timer600틱 끝 timer1 재시작
4
장종료 알림 4, 8
8
장종료 알림 4, 8
계좌평가잔고내역요청 전송
000810;001040;002380;004990;005380;006280;008560;009540;011170;017670;018880;024110;034730;035250;035420;078340;096770;097950;098460;139480;267250;316140;
22
{'stock_no': ['000810', '001040', '002380', '004990', '005380', '006280', '008560', '009540', '011170', '017670', '018880', '024110', '034730', '035250', '035420', '078340', '096770', '097950', '098460', '139480', '267250', '316140'], 'stock_name': ['삼성화재', 'CJ', 'KCC', '롯데지주', '현대차', '녹십자', '메리츠종금증권', '한국조선해양', '롯데케미칼', 'SK텔레콤', '한온시스템', '기업은행', 'SK', '강원랜드', 'NAVER', '컴투스', 'SK이노베이션', 'CJ제일제당', '고영', '이마트', '현대중공업지주', '우리금융지주'], 'market_in_price': [272500, 103000, 278500, 44750, 142500, 127000, 5600, 123500, 260000, 262000, 11750, 14150, 239000, 31050, 115000, 104800, 162500, 301000, 82200, 144500, 331000, 14100], 'myhave_cnt': [5, 14, 4, 33, 10, 9, 266, 12, 4, 5, 100, 84, 6, 48, 13, 14, 9, 4, 14, 8, 4, 84], 'run_price': [264500, 101000, 278000, 44300, 137000, 123500, 5520, 118000, 260500, 260500, 11450, 14050, 233000, 30600, 115000, 99600, 165000, 292500, 82300, 142000, 325500, 14050], 'sell_price': [265000, 101000, 278000, 44300, 137500, 124000, 5520, 118500, 261000, 260500, 11500, 14050, 233000, 30600, 115500, 99600, 165500, 293000, 82500, 142000, 325500, 14050], 'sell_cnt': [1561, 2676, 129, 2796, 1940, 2156, 3319, 5095, 3888, 1164, 33830, 58155, 1641, 9949, 22191, 207, 259, 948, 696, 4536, 44, 79014], 'buy_price': [264500, 100500, 277500, 44250, 137000, 123500, 5510, 118000, 260500, 260000, 11450, 14000, 232500, 30550, 115000, 99500, 165000, 292500, 82300, 141500, 325000, 14000], 'buy_cnt': [1671, 7476, 17, 425, 5578, 4144, 13041, 817, 2976, 7381, 22364, 38449, 1480, 1615, 5492, 40, 9465, 254, 523, 6307, 148, 2835], 'vol_cnt': [115790, 35084, 9551, 87596, 444553, 15075, 1199369, 84055, 87585, 98468, 741052, 510734, 56307, 183205, 273905, 53950, 358370, 24988, 36350, 63554, 19847, 435038], 'deal_power': [41.04, 114.27, 100.53, 104.57, 63.4, 94.63, 139.88, 82.86, 284.39, 270.0, 63.06, 104.48, 118.88, 148.05, 92.75, 54.8, 456.08, 50.49, 115.37, 115.78, 144.59, 176.7]}
-----
자동주문 버튼 True 실행시간 : 16:45:26
자동주문 클릭시 timer1 시작
자동주문 클릭시 timer600 시작
